0	29
2	29
2	70
3	29
4	70
5	29
6	94
6	70
6	12
7	29
7	94
8	70
8	31
8	12
9	29
9	94
9	34
10	70
10	84
10	12
10	29
10	31
11	61
11	94
11	70
12	34
12	20
12	12
12	14
12	26
12	84
12	29
12	31
13	61
13	94
13	70
14	20
14	34
14	12
15	14
15	29
15	18
15	82
15	31
15	42
15	26
15	84
15	61
15	94
15	70
16	39
16	14
16	29
16	12
16	26
16	20
16	34
17	84
17	18
17	42
17	82
17	61
17	31
17	55
17	94
17	70
17	20
17	12
18	29
18	14
18	34
18	26
18	39
18	82
18	18
18	61
18	42
18	77
19	55
19	84
19	94
19	31
19	21
19	70
19	12
19	51
19	7
19	20
19	39
19	29
20	14
20	34
20	18
20	61
20	26
20	82
20	76
20	42
20	55
20	77
21	94
21	21
21	84
21	70
21	12
21	20
21	47
21	31
21	29
21	7
21	71
21	39
21	51
21	14
22	61
22	18
22	34
22	26
22	82
22	76
22	55
22	42
22	21
22	77
23	94
23	70
23	12
23	29
23	20
23	80
23	2
23	84
23	71
23	47
23	39
23	7
23	90
23	31
23	61
23	41
23	58
23	14
24	68
24	18
24	55
24	82
24	34
24	76
24	51
24	26
24	42
24	3
24	78
24	21
24	33
24	77
24	94
25	12
25	96
25	70
25	69
25	20
25	11
25	71
25	29
25	2
25	80
25	39
25	61
25	7
25	84
25	47
25	14
25	55
25	18
25	90
25	76
26	41
26	31
26	82
26	68
26	58
26	51
26	21
26	17
26	26
26	34
26	3
26	42
26	78
26	59
26	33
26	12
27	94
27	77
27	70
27	29
27	20
27	71
27	69
27	61
27	2
27	11
27	96
27	39
27	7
27	55
27	80
27	47
27	14
27	18
27	76
27	63
27	84
27	100
27	90
27	21
28	81
28	68
28	82
28	26
28	62
28	58
28	31
28	42
28	17
28	3
28	41
28	51
28	34
28	59
28	8
28	6
28	91
28	52
28	78
28	23
28	12
28	94
28	77
28	29
28	25
28	70
28	71
29	33
29	20
29	61
29	55
29	39
29	2
29	69
29	7
29	76
29	95
30	80
30	82
30	42
30	14
30	18
30	3
30	6
30	5
30	59
30	63
30	96
30	58
30	68
30	31
30	11
30	47
30	81
30	26
30	62
30	91
30	23
30	13
30	21
30	34
30	17
30	41
30	90
30	51
31	35
31	8
31	12
31	100
31	70
31	25
31	78
31	71
31	55
31	61
31	77
31	52
31	84
32	14
32	80
32	95
32	63
32	33
32	90
32	21
32	39
32	18
32	11
32	82
32	69
32	68
32	42
32	7
32	1
32	26
32	59
32	81
32	85
32	2
32	29
32	6
32	5
32	96
32	35
32	100
32	91
32	3
32	94
32	31
32	84
32	47
32	12
32	62
32	70
32	34
32	23
32	29
32	76
32	58
32	77
32	71
32	55
32	27
32	51
32	13
32	8
32	17
32	61
32	78
33	39
33	76
33	52
33	25
33	7
33	21
33	20
33	20
33	45
33	94
33	18
33	95
33	33
33	54
33	2
33	54
33	5
33	14
33	41
33	6
33	69
33	42
33	11
33	63
33	47
33	81
33	60
33	59
33	80
33	82
34	85
34	96
34	1
34	35
34	90
34	91
34	68
34	26
34	3
34	70
34	12
34	23
34	17
34	55
34	100
34	29
34	71
34	34
34	77
34	58
34	61
34	62
34	20
34	31
34	94
34	27
34	76
34	41
34	51
34	78
34	21
34	39
34	8
34	84
35	13
35	95
35	2
35	18
35	52
35	25
35	5
35	7
35	45
35	42
35	33
35	6
35	54
35	14
35	69
35	59
35	63
35	47
35	81
35	11
35	80
35	82
35	35
35	60
36	29
36	91
36	85
36	70
36	17
36	26
36	55
36	71
36	12
36	96
36	3
36	68
36	90
36	23
36	1
36	61
36	76
36	20
36	34
36	21
36	100
36	77
36	94
36	78
36	58
36	31
36	84
36	27
36	62
36	18
36	24
36	95
37	8
37	2
37	13
37	25
37	51
37	52
37	41
37	5
37	42
37	6
37	59
37	7
37	39
37	14
37	45
37	33
37	54
37	69
37	81
37	30
37	29
37	82
37	47
37	55
37	35
37	63
37	12
38	71
38	11
38	70
38	80
38	60
38	23
38	85
38	91
38	61
38	4
38	98
38	26
38	17
38	90
38	3
38	1
38	20
38	68
38	21
38	96
38	77
38	92
38	94
38	34
38	39
38	78
38	76
38	31
38	79
38	100
38	95
38	18
38	58
39	27
39	6
39	84
39	42
39	24
39	62
39	7
39	25
39	2
39	5
39	8
39	13
39	59
39	51
39	41
39	52
39	14
39	55
39	33
39	29
39	82
39	81
39	12
39	63
39	54
39	69
39	30
39	35
39	71
39	47
39	45
39	70
40	80
40	61
40	23
40	91
40	21
40	76
40	98
40	26
40	85
40	11
40	17
40	60
40	3
40	4
40	90
40	39
40	20
40	1
40	68
40	77
40	95
40	15
40	34
40	18
40	78
40	94
40	96
40	92
40	100
40	79
40	59
40	6
40	42
41	7
41	58
41	27
41	31
41	2
41	5
41	55
41	40
41	8
41	29
41	84
41	14
41	51
41	24
41	25
41	62
41	41
41	63
41	12
41	82
41	71
41	70
41	81
41	52
41	21
41	33
41	13
41	61
41	76
41	35
41	54
41	23
41	91
41	69
41	47
41	30
42	80
42	45
42	98
42	85
42	26
42	20
42	11
42	60
42	94
42	39
42	68
42	18
42	17
42	90
42	3
42	77
42	95
42	6
42	15
42	59
42	42
42	4
42	34
42	78
42	1
43	55
43	100
43	40
43	7
43	92
43	96
43	2
43	5
43	29
43	58
43	14
43	31
43	79
43	25
43	21
43	27
43	12
43	8
43	51
43	63
43	70
43	76
43	82
43	81
43	61
43	71
43	62
43	24
43	41
43	91
43	54
43	35
43	23
43	52
43	84
43	13
43	33
43	69
43	47
44	20
44	30
44	80
44	26
44	98
45	20
45	2
45	11
45	70
45	27
45	59
45	51
45	60
45	21
45	91
45	34
45	35
45	40
45	90
45	79
45	31
45	68
45	94
45	71
45	12
45	84
45	63
45	85
45	14
45	92
45	41
45	100
45	23
45	61
45	78
45	62
45	18
45	82
45	95
45	81
45	1
45	6
45	96
45	29
45	17
45	69
45	15
45	3
45	77
45	52
46	8
46	42
46	25
46	5
46	55
46	4
46	54
46	13
46	7
46	94
46	80
46	39
46	98
46	10
46	85
46	39
46	24
47	2
47	7
47	15
47	55
47	40
47	77
47	29
47	30
47	21
47	18
47	90
47	42
47	26
47	78
47	59
47	71
47	68
47	34
47	47
47	14
47	4
47	6
47	17
47	1
47	95
47	33
47	70
47	61
47	5
47	60
47	11
47	45
47	45
47	82
47	3
47	76
47	76
47	100
47	63
47	91
47	58
47	58
47	92
47	25
47	20
47	35
47	79
47	96
47	8
47	12
47	47
48	84
48	39
48	69
48	24
48	18
48	81
48	51
48	27
48	41
48	59
48	23
48	62
48	54
48	26
48	6
48	52
48	55
48	30
48	98
48	80
48	13
48	42
48	95
48	33
48	40
48	31
48	3
48	77
48	29
48	94
48	21
48	85
48	7
48	17
48	11
48	68
48	60
48	90
48	78
48	34
48	12
48	10
48	61
48	45
48	76
48	71
48	5
49	70
49	2
49	14
49	1
49	82
49	91
49	4
49	23
49	15
49	38
49	63
49	25
49	81
49	100
49	58
49	20
49	92
49	35
49	31
49	96
49	55
49	18
49	59
49	39
49	69
49	27
49	47
49	50
49	94
49	6
50	79
50	98
50	26
50	8
50	51
50	54
50	85
50	42
50	40
50	52
50	21
50	24
50	95
50	41
50	30
50	17
50	29
50	84
50	80
50	62
50	10
50	77
50	33
50	13
50	76
50	12
50	61
50	11
50	71
50	3
50	68
50	14
50	7
50	65
50	78
50	90
50	60
50	70
51	34
51	5
51	82
51	45
51	23
51	91
51	2
51	81
51	1
51	25
51	63
51	15
51	20
51	55
51	100
51	38
51	50
51	59
51	40
51	4
51	35
51	6
51	39
51	58
51	18
51	94
51	47
51	92
51	69
51	31
52	27
52	26
52	21
52	8
52	96
52	98
52	29
52	80
52	95
52	42
52	85
52	17
52	76
52	51
52	79
52	30
52	52
52	3
52	84
52	61
52	77
52	41
52	54
52	12
52	24
52	62
52	7
52	71
52	33
52	10
52	70
52	13
52	14
52	78
52	34
52	5
52	68
53	60
53	82
53	90
53	2
53	11
53	91
53	65
53	23
53	55
53	40
53	20
53	59
53	1
53	6
53	50
53	45
53	25
53	81
53	63
53	18
53	39
53	21
53	35
53	15
53	94
53	100
53	42
53	38
53	58
53	26
54	4
54	29
54	85
54	69
54	76
54	31
54	27
54	95
54	47
54	92
54	80
54	98
54	61
54	17
54	96
54	54
54	3
54	12
54	71
54	51
54	30
54	8
54	77
54	7
54	14
54	70
54	52
54	79
54	41
54	24
54	5
54	78
54	84
54	34
54	33
54	62
54	82
54	2
54	91
55	10
55	11
55	55
55	23
55	13
55	68
55	90
55	40
55	59
55	60
55	81
55	20
55	65
55	6
55	21
55	39
55	50
55	18
55	1
55	25
55	94
55	29
55	35
55	42
55	45
55	63
55	76
55	95
56	26
56	61
56	69
56	47
56	98
56	71
56	100
56	4
56	80
56	85
56	31
56	38
56	58
56	7
56	48
56	92
56	17
56	3
56	8
56	70
56	77
56	12
56	15
56	30
56	54
56	51
56	14
56	96
56	27
56	78
56	55
56	34
56	82
56	91
56	40
56	52
56	5
56	79
56	24
56	2
56	23
56	11
56	33
57	41
57	84
57	59
57	68
57	10
57	6
57	62
57	20
57	90
57	18
57	13
57	60
57	81
57	21
57	16
57	50
57	39
57	29
57	42
57	63
57	35
57	65
57	76
57	94
57	25
57	26
57	95
57	1
57	61
57	74
58	71
58	45
58	12
58	100
58	47
58	69
58	85
58	15
58	48
58	86
58	58
58	7
58	38
58	70
58	80
58	3
58	17
58	14
58	77
58	98
58	31
58	27
58	8
58	4
58	40
58	54
58	5
58	55
58	92
58	30
58	91
58	82
58	78
58	23
58	34
59	21
59	10
59	94
59	6
59	41
59	18
59	90
59	16
59	13
59	29
59	61
59	42
59	2
59	68
59	60
59	74
59	11
59	79
59	95
59	59
59	62
59	51
59	49
59	84
59	33
59	25
59	50
59	81
59	26
59	65
59	1
59	12
59	63
59	35
59	24
59	71
59	96
60	39
60	52
60	44
60	48
60	76
60	70
60	20
60	86
60	47
60	69
60	55
60	40
60	100
60	45
60	85
60	58
60	17
60	15
60	7
60	80
60	3
60	14
60	38
60	98
60	5
60	91
60	82
60	59
60	23
60	8
60	54
60	31
60	30
60	27
60	16
60	78
60	21
60	6
60	77
60	4
60	92
60	34
60	68
60	51
60	20
60	18
61	50
61	29
61	81
61	96
61	76
61	52
61	11
61	2
61	42
61	39
61	24
61	84
61	10
61	74
61	33
61	79
61	94
61	35
61	61
61	60
61	95
61	71
61	63
61	41
61	62
61	26
61	13
61	49
61	25
61	12
61	90
61	48
62	23
62	1
62	15
62	82
62	100
62	3
62	65
62	91
62	6
62	85
62	17
62	55
62	80
62	27
62	47
62	59
62	78
62	98
62	7
62	70
62	69
62	18
62	8
62	38
62	29
62	20
62	54
62	16
62	31
62	2
62	50
63	68
63	40
63	14
63	44
63	45
63	77
63	39
63	42
63	92
63	76
63	4
63	34
63	74
63	58
63	5
63	61
63	11
63	51
63	81
63	52
63	94
63	96
63	33
63	86
63	63
63	30
63	21
63	71
63	35
63	55
63	90
63	24
63	10
63	60
63	95
63	12
63	84
63	26
63	41
63	40
63	79
63	25
63	48
63	70
63	62
63	49
64	13
64	21
64	59
64	3
64	86
64	1
64	7
64	91
64	47
64	6
64	65
64	85
64	5
64	23
64	82
64	14
64	77
64	36
64	98
64	18
64	29
64	69
64	58
64	100
64	50
64	20
64	80
64	15
64	76
64	78
64	38
64	81
64	17
64	27
64	30
64	74
64	42
65	54
65	16
65	31
65	39
65	61
65	45
65	68
65	44
65	2
65	8
65	94
65	71
65	34
65	55
65	12
65	51
65	35
65	63
65	92
65	11
65	40
65	4
65	95
65	52
65	48
65	90
65	96
65	33
65	26
65	70
65	60
65	10
65	24
65	41
65	21
65	88
65	16
65	59
65	84
65	86
66	25
66	62
66	47
66	6
66	91
66	7
66	49
66	79
66	13
66	1
66	82
66	5
66	23
66	29
66	14
66	3
66	77
66	76
66	18
66	85
66	65
66	20
66	69
66	44
66	17
66	50
66	98
66	74
66	39
66	81
66	100
66	36
66	78
66	58
66	61
66	42
67	55
67	54
67	15
67	27
67	30
67	2
67	94
67	71
67	12
67	8
67	40
67	34
67	31
67	80
67	68
67	45
67	35
67	95
67	21
67	38
67	70
67	48
67	63
67	11
67	92
67	16
67	90
67	59
67	26
67	33
67	51
67	4
67	96
67	60
67	88
68	10
68	6
68	25
68	91
68	84
68	23
68	29
68	83
68	82
68	49
68	47
68	86
68	52
68	79
68	5
68	24
68	1
68	62
68	3
68	77
68	7
68	18
68	20
68	85
68	76
68	61
68	41
68	39
68	13
68	17
68	98
68	69
68	14
68	65
68	50
68	55
68	80
68	40
68	2
68	100
68	42
68	81
68	71
68	58
69	12
69	74
69	44
69	36
69	78
69	30
69	94
69	95
69	38
69	21
69	15
69	27
69	54
69	8
69	16
69	68
69	35
69	34
69	31
69	11
69	48
69	70
69	59
69	45
69	26
69	51
69	63
69	88
69	92
69	7
69	33
69	52
69	91
70	90
70	6
70	4
70	60
70	74
70	76
70	29
70	23
70	25
70	82
70	10
70	41
70	3
70	24
70	86
70	96
70	5
70	47
70	14
70	84
70	39
70	50
70	18
70	77
70	49
70	20
70	55
70	17
70	83
70	61
70	79
70	42
70	1
70	40
70	85
70	13
70	62
70	71
70	98
70	69
70	2
70	12
70	81
70	80
71	73
71	94
71	44
71	78
71	16
71	21
71	95
71	30
71	100
71	65
71	58
71	54
71	35
71	36
71	59
71	48
71	34
71	70
71	8
71	27
71	38
71	68
71	31
71	15
71	11
71	63
71	26
71	6
71	76
71	88
71	29
71	7
71	91
71	90
71	45
71	51
71	23
72	92
72	52
72	33
72	82
72	60
72	5
72	14
72	3
72	86
72	55
72	25
72	61
72	50
72	4
72	74
72	10
72	47
72	42
72	20
72	18
72	41
72	39
72	24
72	40
72	17
72	96
72	71
72	77
72	98
72	85
72	84
72	49
72	83
72	69
72	94
72	12
72	1
72	2
72	21
72	79
72	81
72	16
72	13
73	73
73	95
73	59
73	80
73	70
73	78
73	62
73	35
73	48
73	100
73	65
73	58
73	63
73	34
73	6
73	30
73	54
73	44
73	91
74	27
74	8
74	86
74	3
74	14
74	11
74	18
74	5
74	68
74	82
74	61
74	71
74	16
74	23
74	55
74	29
74	52
74	89
74	15
74	26
74	33
74	17
74	31
74	7
74	83
74	94
74	40
74	39
74	88
74	1
74	59
74	12
74	69
74	74
74	92
74	2
74	4
74	35
74	70
74	36
74	98
74	49
74	25
74	41
75	24
75	50
75	90
75	95
75	51
75	48
75	27
75	47
75	42
75	30
75	10
75	81
75	100
75	68
75	54
75	34
75	62
75	26
75	88
75	29
75	7
75	15
75	91
75	21
75	50
75	6
75	63
75	65
76	23
76	40
76	73
76	42
76	36
76	74
76	45
76	5
76	21
76	14
76	77
76	39
76	51
76	71
76	3
76	86
76	79
76	44
76	45
76	55
76	11
76	76
76	76
76	90
76	38
76	38
76	77
76	92
76	47
76	60
76	60
76	10
76	95
76	58
76	13
77	76
77	79
77	30
77	12
77	82
77	52
77	73
77	100
77	35
77	85
77	85
77	63
77	61
77	61
77	23
77	34
77	6
77	13
77	69
77	26
77	83
77	74
77	70
77	44
77	94
77	2
77	25
77	55
77	31
77	80
77	80
77	65
77	96
77	96
77	29
77	41
77	68
77	78
77	78
77	59
77	62
77	58
77	40
77	50
77	84
77	84
77	88
77	18
77	18
77	42
77	27
77	91
77	33
77	20
77	20
77	20
77	82
77	49
77	1
77	54
77	71
77	38
78	7
78	14
78	4
78	36
78	39
78	89
78	3
78	12
78	15
78	90
78	77
78	59
78	33
78	74
78	95
78	17
78	17
78	31
78	60
78	70
78	8
78	8
78	11
78	85
78	76
78	35
78	83
79	78
79	69
79	2
79	94
79	55
79	41
79	98
79	98
79	52
79	1
79	49
79	80
79	84
79	73
79	24
79	24
79	89
79	96
79	29
79	61
79	92
79	18
79	86
79	47
79	34
79	91
79	23
79	26
79	45
79	63
79	4
79	40
79	5
79	30
79	48
79	48
79	82
79	14
79	88
79	68
79	7
79	100
79	79
79	71
79	20
79	16
79	16
79	16
79	58
79	54
79	50
79	62
79	13
79	25
79	6
79	39
79	5
79	51
79	8
80	10
80	27
80	65
80	81
80	81
80	44
80	12
80	21
80	21
80	3
80	86
80	42
80	36
80	31
80	11
80	90
80	38
80	94
80	15
80	25
80	59
80	77
80	89
80	51
80	70
80	95
80	17
80	74
80	6
80	47
80	76
80	85
80	33
80	29
80	48
80	55
80	81
80	52
80	60
80	98
80	45
80	35
80	2
80	40
80	10
81	92
81	78
81	69
81	91
81	83
81	41
81	61
81	80
81	21
81	24
81	63
81	18
81	1
81	34
81	73
81	23
81	49
81	4
81	84
81	42
81	50
81	71
81	14
81	68
81	88
81	16
81	96
81	30
81	20
81	54
81	39
81	12
81	5
81	58
81	100
81	26
81	82
81	7
81	79
82	62
82	59
82	13
82	8
82	86
82	27
82	25
82	65
82	89
82	3
82	38
82	76
82	44
82	90
82	95
82	70
82	15
82	74
82	55
82	6
82	36
82	77
82	48
82	47
82	81
82	17
82	85
82	11
82	40
82	60
82	32
82	51
82	29
82	31
82	2
82	33
82	94
82	21
83	61
83	52
83	69
83	91
83	98
83	78
83	45
83	35
83	16
83	23
83	92
83	80
83	10
83	83
83	63
83	71
83	18
83	41
83	50
83	34
83	42
83	82
83	20
83	1
83	24
83	14
83	73
83	88
83	12
83	26
83	7
83	4
83	5
83	68
83	84
83	30
83	59
83	39
83	49
83	96
83	54
83	46
84	100
84	74
84	58
84	3
84	86
84	13
84	62
84	76
84	79
84	89
84	8
84	44
84	95
84	70
84	29
84	94
84	11
84	40
84	55
84	27
84	48
84	90
84	65
84	85
84	38
84	6
84	81
84	25
84	77
84	31
84	17
84	47
84	21
84	43
84	97
84	61
84	15
84	36
84	51
84	2
84	35
84	60
84	98
84	32
84	91
84	16
84	18
85	33
85	78
85	23
85	52
85	71
85	19
85	69
85	42
85	50
85	63
85	45
85	10
85	80
85	82
85	20
85	83
85	12
85	73
85	34
85	46
85	41
85	26
85	88
85	49
85	1
85	92
85	7
85	39
85	5
85	68
85	59
85	74
85	14
85	55
85	24
85	76
85	84
85	30
85	54
86	6
86	4
86	70
86	100
86	3
86	96
86	86
86	94
86	29
86	13
86	89
86	40
86	21
86	95
86	58
86	81
86	62
86	27
86	8
86	77
86	44
86	11
86	17
86	25
86	16
86	43
86	79
86	61
86	48
86	47
86	38
86	65
86	31
86	97
86	85
86	35
86	15
86	18
86	98
86	91
86	23
86	2
87	71
87	51
87	60
87	50
87	32
87	33
87	42
87	46
87	63
87	36
87	82
87	12
87	59
87	78
87	20
87	22
87	69
87	90
87	56
87	52
87	80
87	7
87	74
87	73
87	88
87	83
87	10
87	45
87	55
87	76
87	19
87	14
87	26
87	5
87	1
87	34
87	39
87	41
87	68
87	6
87	92
87	70
87	49
87	24
88	40
88	30
88	29
88	54
88	89
88	21
88	95
88	84
88	86
88	58
88	48
88	94
88	100
88	61
88	3
88	4
88	77
88	81
88	96
88	43
88	16
88	17
88	91
88	27
88	85
88	11
88	13
88	90
88	62
88	25
88	18
88	2
88	44
88	97
88	35
88	79
88	23
88	71
88	8
88	38
88	98
88	42
89	50
89	47
89	46
89	65
89	31
89	12
89	20
89	60
89	15
89	51
89	59
89	22
89	76
89	7
89	36
89	29
89	33
89	83
89	5
89	73
89	78
89	14
89	19
89	70
89	69
89	1
89	39
89	88
89	40
89	55
89	45
89	63
89	56
89	26
89	82
89	21
89	54
89	92
90	74
90	80
90	32
90	52
90	68
90	41
90	94
90	6
90	48
90	89
90	49
90	30
90	61
90	24
90	10
90	86
90	95
90	16
90	34
90	43
90	58
90	3
90	81
90	84
90	17
90	4
90	18
90	46
90	77
90	27
90	35
90	71
90	97
90	23
90	50
90	62
90	96
90	90
90	100
90	2
90	42
90	11
90	12
90	59
90	8
91	91
91	55
91	38
91	79
91	13
91	98
91	31
91	44
91	82
91	39
91	74
91	56
91	25
91	65
91	22
91	85
91	47
91	60
91	40
91	15
91	51
91	80
91	7
91	78
91	32
91	76
91	69
91	33
91	6
91	63
91	5
91	29
91	36
91	88
91	20
91	21
91	26
91	70
91	14
91	37
91	73
91	52
91	34
91	10
91	16
91	89
91	95
92	48
92	61
92	83
92	68
92	94
92	1
92	54
92	86
92	19
92	45
92	43
92	92
92	3
92	41
92	71
92	35
92	17
92	42
92	23
92	46
92	59
92	85
92	24
92	18
92	12
93	90
93	14
93	33
93	69
93	96
93	5
93	78
93	11
93	56
93	63
93	91
93	38
93	39
93	82
93	13
93	51
93	79
93	29
93	8
93	40
93	70
93	80
93	2
93	81
93	60
93	31
93	27
93	37
93	97
93	15
93	32
93	26
93	58
93	25
93	84
93	47
93	6
93	36
93	50
93	55
93	30
93	73
93	49
93	7
93	76
93	95
93	48
93	62
93	61
93	21
93	100
93	34
93	22
93	94
93	98
93	77
93	74
93	64
93	20
93	52
94	65
94	83
94	67
94	10
94	30
94	43
94	81
94	86
94	1
94	91
94	18
94	3
94	54
94	46
94	16
94	89
94	42
94	44
94	92
94	19
94	74
94	12
94	55
94	23
94	49
94	45
94	88
94	77
94	71
94	35
94	4
94	76
94	68
94	17
94	50
94	85
94	59
94	58
94	20
94	100
94	2
94	47
94	84
94	41
94	24
94	22
94	39
94	40
94	97
94	82
94	25
94	90
94	11
95	7
95	56
95	96
95	98
95	27
95	21
95	8
95	6
95	4
95	88
95	44
95	16
95	67
95	13
95	5
95	14
95	78
95	70
95	63
95	62
95	38
95	80
95	26
95	37
95	60
95	69
95	61
95	29
95	31
95	95
95	51
95	48
95	79
95	89
95	65
95	94
95	15
95	43
95	32
95	73
95	33
95	34
95	46
95	91
95	36
96	18
96	52
96	71
96	64
96	81
96	86
96	68
96	10
96	83
96	55
96	54
96	42
96	74
96	3
96	30
96	23
96	59
96	1
96	12
96	76
96	77
96	50
96	35
96	40
96	22
96	41
96	85
96	49
96	45
96	20
96	17
96	92
96	21
96	19
96	82
96	2
96	29
96	6
96	56
96	39
96	24
96	47
96	7
96	58
96	97
96	100
96	25
97	90
97	11
97	84
97	8
97	70
97	57
97	16
97	14
97	63
97	88
97	67
97	5
97	78
97	61
97	96
97	27
97	98
97	26
97	13
97	44
97	80
97	4
97	48
97	31
97	69
97	95
97	89
97	94
97	38
97	43
97	62
97	37
97	46
97	60
97	33
97	51
97	71
97	73
97	91
97	18
97	65
97	79
97	15
98	34
98	81
98	55
98	42
98	59
98	12
98	86
98	64
98	76
98	52
98	3
98	32
98	50
98	36
98	83
98	23
98	68
98	77
98	30
98	22
98	1
98	20
98	40
98	54
98	10
98	6
98	35
98	75
98	21
98	29
98	39
98	82
98	56
98	28
98	17
98	74
98	2
98	85
98	49
98	57
98	41
98	47
98	7
98	92
98	16
98	25
99	24
99	45
99	97
99	70
99	100
99	61
99	19
99	58
99	11
99	5
99	72
99	88
99	90
99	78
99	14
99	67
99	8
99	84
99	94
99	27
99	89
99	46
99	48
99	98
99	63
99	26
99	95
99	37
99	43
99	69
99	96
99	55
99	71
99	13
99	74
99	4
99	34
99	31
99	62
99	18
99	60
99	80
99	91
99	38
99	12
99	32
99	76
99	42
99	40
99	73
100	44
100	33
100	23
100	81
100	51
100	86
100	59
100	50
100	65
100	15
100	79
100	3
100	6
100	22
100	77
100	21
100	20
100	30
100	75
100	52
100	68
100	64
100	36
100	10
100	2
100	29
100	35
100	83
100	1
100	57
100	16
100	85
100	54
100	39
100	82
100	56
100	70
100	61
100	7
100	17
100	49
100	97
100	28
101	47
101	41
101	25
101	92
101	90
101	24
101	100
101	14
101	46
101	94
101	89
101	88
101	58
101	78
101	55
101	43
101	63
101	95
101	45
101	11
101	19
101	98
101	26
101	74
101	27
101	18
101	67
101	72
101	71
101	69
101	59
101	40
101	37
101	48
101	91
101	8
101	84
101	76
101	12
101	5
101	34
101	80
101	21
101	42
101	23
101	44
101	96
101	31
102	73
102	50
102	4
102	60
102	13
102	86
102	81
102	3
102	22
102	32
102	51
102	29
102	62
102	9
102	38
102	75
102	6
102	33
102	77
102	39
102	16
102	35
102	15
102	79
102	30
102	57
102	82
102	65
102	64
102	68
102	2
102	83
102	61
102	52
102	70
102	36
102	56
102	54
102	17
102	53
102	97
102	7
102	20
102	1
102	46
102	47
103	14
103	55
103	5
103	10
103	28
103	49
103	94
103	48
103	95
103	43
103	88
103	78
103	41
103	71
103	89
103	63
103	11
103	67
103	24
103	100
103	90
103	85
103	18
103	26
103	58
103	59
103	98
103	76
103	45
103	72
103	92
103	40
103	8
103	91
103	69
103	19
103	42
103	23
103	27
103	80
103	21
103	12
103	37
103	74
103	34
103	50
104	60
104	22
104	3
104	75
104	96
104	81
104	29
104	25
104	16
104	44
104	73
104	86
104	31
104	38
104	20
104	6
104	39
104	57
104	66
104	62
104	84
104	13
104	33
104	32
104	4
104	35
104	51
104	77
104	61
104	56
104	68
104	82
104	9
104	15
104	70
104	30
104	53
104	65
104	2
104	46
104	79
104	47
104	17
104	55
104	83
104	1
104	97
104	7
104	36
105	85
105	64
105	5
105	40
105	25
105	18
105	100
105	90
105	49
105	41
105	91
105	71
105	12
105	63
105	94
105	59
105	10
105	43
105	95
105	89
105	42
105	21
105	67
105	6
105	98
105	37
105	54
105	50
105	24
105	86
105	27
105	69
105	29
105	48
105	23
105	92
105	52
105	78
105	22
105	14
105	16
105	11
105	72
105	19
105	81
106	57
106	88
106	8
106	3
106	26
106	39
106	34
106	75
106	80
106	45
106	60
106	66
106	73
106	61
106	84
106	74
106	76
106	56
106	58
106	44
106	35
106	28
106	20
106	82
106	32
106	70
106	96
106	46
106	13
106	55
106	33
106	53
106	31
106	4
106	30
106	2
106	68
106	77
106	9
106	15
106	62
106	47
106	40
106	64
106	7
106	65
106	74
106	48
106	43
106	83
106	71
107	97
107	21
107	95
107	76
107	94
107	1
107	79
107	85
107	18
107	5
107	52
107	51
107	54
107	10
107	14
107	38
107	25
107	17
107	89
107	93
107	42
107	78
107	26
107	63
107	67
107	91
107	12
107	28
107	6
107	49
107	90
107	36
107	16
107	98
107	29
107	88
107	11
107	23
107	58
107	50
107	41
107	22
107	100
108	69
108	75
108	20
108	72
108	3
108	66
108	81
108	86
108	92
108	8
108	39
108	55
108	37
108	60
108	45
108	73
108	46
108	34
108	80
108	70
108	82
108	40
108	84
108	19
108	2
108	33
108	31
108	24
108	13
108	96
108	38
108	53
108	74
108	68
108	61
108	57
108	27
108	7
108	51
108	14
108	17
108	71
108	76
108	43
108	85
108	30
108	56
108	35
108	5
108	21
108	62
108	95
108	97
108	18
108	4
108	77
108	47
108	15
108	64
109	54
109	9
109	83
109	32
109	94
109	52
109	65
109	1
109	42
109	89
109	12
109	10
109	48
109	88
109	91
109	25
109	16
109	11
109	63
109	86
109	22
109	78
109	39
109	44
109	100
109	79
109	50
109	61
109	98
109	81
109	90
109	29
109	28
109	67
109	23
109	49
109	55
109	57
109	37
110	58
110	69
110	75
110	36
110	26
110	46
110	34
110	8
110	24
110	93
110	80
110	70
110	92
110	41
110	20
110	72
110	82
110	27
110	3
110	35
110	66
110	45
110	44
110	21
110	2
110	31
110	14
110	53
110	33
110	68
110	48
110	7
110	95
110	71
110	19
110	87
110	76
110	38
110	97
110	30
110	43
110	73
110	84
110	13
110	16
111	94
111	51
111	26
111	17
111	12
111	42
111	29
111	60
111	62
111	15
111	47
111	64
111	91
111	85
111	83
111	9
111	50
111	77
111	22
111	23
111	63
111	78
111	54
111	96
111	65
111	10
111	1
111	75
111	57
111	67
111	61
111	79
111	32
111	18
111	55
111	89
111	56
111	36
111	98
111	90
111	40
111	37
111	20
111	11
111	86
111	39
111	69
111	46
111	56
111	28
111	66
111	88
111	74
111	74
111	81
111	93
112	58
112	4
112	100
112	49
112	82
112	70
112	41
112	5
112	80
112	8
112	53
112	35
112	24
112	21
112	52
112	34
112	92
112	3
112	25
112	27
112	71
112	72
112	73
112	2
112	77
112	76
112	40
112	43
112	6
112	6
112	16
112	48
112	60
112	45
112	18
112	7
112	84
112	5
112	87
112	95
112	30
112	12
112	14
112	68
112	32
112	94
112	33
112	38
112	29
112	44
113	89
113	91
113	51
113	97
113	47
113	31
113	42
113	6
113	26
113	57
113	96
113	88
113	85
113	50
113	19
113	23
113	13
113	99
113	54
113	62
113	22
113	64
113	17
113	63
113	75
113	55
113	15
113	61
113	83
113	4
113	1
113	20
113	78
113	10
113	65
113	39
113	9
113	52
113	37
113	81
113	98
113	74
113	46
113	67
113	90
113	25
113	40
113	79
113	70
113	21
113	69
113	36
113	11
113	66
114	80
114	86
114	82
114	58
114	28
114	53
114	56
114	100
114	49
114	35
114	76
114	93
114	3
114	41
114	71
114	16
114	8
114	34
114	43
114	48
114	24
114	18
114	2
114	7
114	73
114	27
114	14
114	95
114	92
114	91
114	60
114	42
114	12
114	5
114	94
114	72
114	6
114	84
114	89
114	29
114	45
115	77
115	31
115	47
115	97
115	57
115	32
115	68
115	33
115	17
115	50
115	85
115	26
115	55
115	30
115	38
115	19
115	23
115	87
115	22
115	61
115	46
115	44
115	51
115	75
115	63
115	54
115	13
115	88
115	20
115	39
115	99
115	64
115	78
115	81
115	25
115	15
115	83
115	21
115	62
115	98
115	1
115	70
115	96
115	56
115	66
115	10
115	37
115	67
115	40
115	52
115	4
115	82
115	65
115	90
115	53
115	9
116	76
116	16
116	86
116	11
116	35
116	71
116	80
116	69
116	36
116	43
116	79
116	74
116	3
116	28
116	49
116	93
116	18
116	77
116	8
116	41
116	100
116	34
116	58
116	95
116	29
116	2
116	5
116	7
116	12
116	42
116	48
116	57
116	24
116	14
116	73
116	27
116	94
116	91
116	6
116	72
116	92
116	55
116	60
116	89
116	50
117	22
117	68
117	61
117	75
117	23
117	33
117	30
117	63
117	97
117	17
117	32
117	40
117	84
117	45
117	26
117	85
117	47
117	31
117	46
117	87
117	20
117	21
117	51
117	38
117	39
117	54
117	25
117	76
117	70
117	19
117	64
117	96
117	44
117	56
117	66
117	81
117	74
117	99
117	13
117	78
117	83
117	16
117	88
117	53
117	82
117	37
117	98
117	62
117	71
117	67
117	15
117	1
117	52
117	10
118	90
118	3
118	86
118	35
118	4
118	43
118	48
118	80
118	18
118	11
118	65
118	69
118	9
118	28
118	95
118	12
118	79
118	36
118	34
118	42
118	14
118	7
118	100
118	8
118	93
118	55
118	49
118	73
118	91
118	6
118	94
118	2
118	41
118	46
118	58
118	57
118	29
118	77
118	22
118	27
118	74
118	50
118	61
118	60
118	75
118	40
118	23
119	89
119	72
119	21
119	92
119	17
119	68
119	97
119	47
119	63
119	85
119	20
119	88
119	30
119	32
119	24
119	39
119	70
119	31
119	5
119	76
119	26
119	84
119	54
119	33
119	45
119	56
119	38
119	78
119	66
119	44
119	51
119	25
119	87
119	16
119	82
119	53
119	81
119	71
119	64
119	37
119	19
119	83
119	13
119	96
119	98
119	99
119	1
119	43
119	67
120	48
120	62
120	35
120	3
120	18
120	15
120	52
120	90
120	29
120	10
120	69
120	86
120	12
120	80
120	55
120	57
120	42
120	95
120	6
120	7
120	46
120	65
120	34
120	11
120	5
120	91
120	14
120	28
120	9
120	2
120	61
120	40
120	49
120	100
120	94
120	22
120	74
120	73
120	79
120	36
120	50
120	8
120	23
120	93
120	21
120	27
120	77
121	75
121	17
121	63
121	58
121	41
121	88
121	39
121	24
121	60
121	76
121	4
121	68
121	20
121	85
121	70
121	72
121	92
121	47
121	26
121	97
121	30
121	37
121	32
121	29
121	82
121	66
121	53
121	71
121	67
121	35
121	78
121	44
122	31
122	25
122	55
122	64
122	51
122	98
122	43
122	12
122	8
122	50
122	6
122	86
122	73
122	69
122	23
122	83
122	5
122	11
122	95
122	65
122	22
122	1
122	15
122	46
122	62
122	34
122	39
122	2
122	19
122	10
122	90
122	36
122	57
123	89
123	89
123	80
123	49
123	94
123	87
123	70
123	38
123	100
123	79
123	48
123	42
123	88
123	63
123	27
123	61
123	56
123	84
123	33
123	41
123	16
123	16
123	91
123	97
123	3
123	13
123	99
123	4
123	60
123	68
123	56
123	45
123	26
123	85
123	28
123	81
123	76
123	7
123	96
123	21
123	71
123	24
123	58
123	9
123	18
123	47
123	30
123	66
123	52
123	77
123	72
123	20
123	93
123	75
123	81
123	54
123	40
123	53
123	32
123	82
123	37
123	51
123	29
123	46
123	38
123	48
123	6
123	31
123	43
123	33
123	12
124	19
124	34
124	69
124	74
124	74
124	83
124	86
124	52
124	11
124	16
124	15
124	5
124	10
124	35
124	2
124	62
124	13
124	3
124	55
124	23
124	89
124	57
124	91
124	75
124	21
124	50
124	44
124	22
124	96
124	45
124	78
124	77
124	42
124	39
124	64
124	87
124	18
124	76
124	1
124	73
124	25
124	94
124	65
124	70
124	95
124	58
124	92
124	49
124	7
124	40
124	20
125	54
125	88
125	85
125	27
125	56
125	14
125	14
125	36
125	71
125	79
125	68
125	90
125	63
125	9
125	26
125	17
125	17
125	100
125	60
125	47
125	41
125	18
125	8
125	93
125	72
125	82
125	43
125	80
125	55
125	24
125	53
125	29
125	4
125	6
125	48
125	40
125	25
125	57
125	30
125	12
125	78
125	46
125	66
125	92
125	84
125	42
125	33
125	31
125	97
125	99
125	35
125	98
125	28
125	54
125	98
125	74
126	86
126	51
126	84
126	38
126	37
126	14
126	91
126	44
126	7
126	81
126	64
126	50
126	94
126	22
126	45
126	21
126	87
126	5
126	83
126	77
126	75
126	95
126	76
126	23
126	1
126	90
126	89
126	67
126	67
126	61
126	61
126	69
126	3
126	99
126	16
126	13
126	32
126	34
126	19
126	15
126	10
126	52
126	11
126	39
126	96
126	70
126	71
126	17
126	73
127	56
127	62
127	85
127	100
127	65
127	26
127	80
127	8
127	28
127	66
127	49
127	63
127	55
127	53
127	58
127	82
127	43
127	88
127	68
127	27
127	29
127	20
127	18
127	60
127	81
127	36
127	46
127	57
127	97
127	47
127	4
127	40
127	48
127	12
127	9
127	41
127	74
127	6
127	79
127	30
127	93
127	42
127	95
127	37
127	24
127	61
127	78
127	21
127	86
127	72
127	35
127	32
128	91
128	33
128	14
128	22
128	25
128	98
128	31
128	54
128	7
128	67
128	50
128	92
128	16
128	3
128	76
128	5
128	23
128	38
128	84
128	94
128	51
128	44
128	89
128	64
128	83
128	90
128	77
128	87
128	20
128	69
128	70
128	39
128	45
128	75
128	34
128	80
128	11
128	1
128	99
128	52
128	15
128	56
128	10
128	71
128	55
128	88
129	19
129	17
129	29
129	73
129	58
129	53
129	57
129	66
129	13
129	26
129	43
129	62
129	82
129	28
129	63
129	40
129	85
129	18
129	100
129	74
129	81
129	12
129	49
129	96
129	48
129	8
129	21
129	47
129	6
129	65
129	68
129	97
129	95
129	42
129	4
129	61
129	27
129	78
129	60
129	36
129	46
129	30
129	9
129	41
129	35
129	16
129	86
129	22
129	79
129	37
129	76
129	24
129	14
129	93
130	25
130	32
130	98
130	7
130	50
130	54
130	91
130	3
130	33
130	5
130	94
130	23
130	75
130	92
130	67
130	31
130	89
130	51
130	72
130	77
130	70
130	69
130	20
130	38
130	39
130	34
130	84
130	44
130	71
130	83
130	90
130	1
130	64
130	55
130	80
130	87
130	29
130	57
130	45
130	11
130	40
130	52
130	88
130	17
130	99
131	66
131	53
131	43
131	15
131	82
131	10
131	26
131	18
131	74
131	12
131	96
131	56
131	6
131	13
131	48
131	62
131	73
131	19
131	21
131	63
131	61
131	42
131	100
131	95
131	85
131	58
131	47
131	49
131	68
131	28
131	97
131	46
131	65
131	16
131	78
131	8
131	60
131	35
131	76
131	30
131	27
131	22
131	91
131	86
131	4
131	37
131	50
131	14
131	36
131	75
131	41
131	25
132	7
132	94
132	5
132	32
132	3
132	93
132	23
132	98
132	54
132	55
132	89
132	24
132	67
132	33
132	72
132	39
132	70
132	31
132	71
132	77
132	20
132	69
132	51
132	29
132	40
132	46
132	57
132	56
132	44
132	64
132	38
132	83
132	84
132	1
132	34
132	74
132	53
132	18
132	88
132	11
132	66
132	90
132	43
133	80
133	12
133	82
133	87
133	17
133	26
133	52
133	45
133	99
133	48
133	6
133	63
133	73
133	42
133	15
133	21
133	10
133	16
133	85
133	97
133	76
133	58
133	96
133	35
133	95
133	13
133	62
133	19
133	47
133	68
133	100
133	28
133	22
133	8
133	61
133	91
133	49
133	7
133	50
133	86
133	14
133	27
133	78
133	30
133	75
133	65
133	37
133	94
133	55
133	60
133	5
134	23
134	25
134	89
134	70
134	41
134	4
134	98
134	20
134	36
134	71
134	32
134	54
134	67
134	77
134	39
134	40
134	24
134	93
134	57
134	29
134	72
134	3
134	56
134	74
134	31
134	69
134	34
134	46
134	33
134	21
134	90
134	43
134	51
134	53
134	6
134	18
134	38
134	12
134	66
134	80
134	1
134	82
134	61
134	44
134	88
135	42
135	48
135	16
135	83
135	26
135	64
135	11
135	85
135	63
135	10
135	35
135	47
135	45
135	95
135	15
135	13
135	87
135	97
135	17
135	84
135	76
135	99
135	22
135	73
135	52
135	58
135	68
135	55
135	50
135	14
135	62
135	28
135	86
135	78
135	8
135	96
135	19
135	23
135	100
135	94
135	49
135	91
135	5
135	30
135	75
136	71
136	37
136	70
136	20
136	27
136	60
136	25
136	3
136	29
136	65
136	40
136	98
136	21
136	89
136	57
136	7
136	74
136	39
136	46
136	41
136	77
136	67
136	56
136	54
136	36
136	4
136	32
136	6
136	18
136	33
136	88
136	12
136	24
136	16
136	43
136	90
137	31
137	34
137	76
137	1
137	69
137	80
137	95
137	42
137	93
137	61
137	53
137	64
137	72
137	51
137	84
137	83
137	11
137	26
137	44
137	22
137	63
137	73
137	82
137	17
137	97
137	66
137	55
137	91
137	87
137	52
137	50
137	75
137	35
137	47
137	38
137	10
137	99
137	85
137	14
137	15
137	68
137	23
137	48
137	45
137	58
137	78
137	86
137	94
137	7
137	71
137	13
137	40
137	70
137	5
137	100
137	37
137	46
138	16
138	25
138	98
138	62
138	6
138	56
138	65
138	27
138	18
138	3
138	60
138	19
138	12
138	66
138	57
138	21
138	74
138	29
138	61
138	43
138	49
138	30
138	77
138	89
138	20
138	54
138	53
138	96
138	67
138	8
138	39
138	42
138	69
138	41
138	88
138	36
138	82
138	48
138	76
138	26
138	33
138	24
138	4
138	34
138	31
138	93
138	32
138	63
138	90
138	80
138	95
138	72
139	51
139	28
139	55
139	22
139	71
139	75
139	73
139	74
139	21
139	10
139	84
139	85
139	7
139	38
139	70
139	1
139	78
139	68
139	52
139	94
139	35
139	87
139	86
139	97
139	5
139	50
139	29
139	57
139	91
139	11
139	40
139	46
139	83
139	23
139	64
139	39
139	44
139	58
139	89
139	99
139	37
139	14
139	15
139	17
139	56
140	13
140	45
140	100
140	30
140	8
140	28
140	6
140	60
140	16
140	96
140	49
140	25
140	62
140	61
140	43
140	18
140	47
140	12
140	27
140	77
140	98
140	19
140	53
140	76
140	42
140	65
140	67
140	66
140	54
140	48
140	88
140	82
140	32
140	41
140	69
140	55
140	95
140	36
140	34
140	33
140	26
141	24
141	80
141	22
141	75
141	4
141	17
141	90
141	83
141	93
141	44
141	63
141	47
141	38
141	31
141	85
141	71
141	72
141	57
141	94
141	40
141	5
141	50
141	51
141	64
141	35
141	74
141	46
141	97
141	7
141	70
141	73
141	29
141	21
141	86
141	1
141	11
141	84
141	68
141	39
141	91
141	78
141	52
141	37
141	87
141	89
142	58
142	23
142	61
142	14
142	56
142	30
142	43
142	12
142	99
142	100
142	76
142	28
142	18
142	98
142	42
142	77
142	45
142	15
142	16
142	49
142	25
142	8
142	53
142	6
142	27
142	66
142	96
142	62
142	48
142	55
142	10
142	67
142	82
142	54
142	65
142	22
142	19
142	13
142	33
142	34
142	90
143	26
143	91
143	40
143	69
143	80
143	95
143	74
143	50
143	21
143	63
143	46
143	17
143	31
143	14
143	36
143	24
143	4
143	71
143	75
143	70
143	29
143	35
143	72
143	23
143	57
143	1
143	88
143	85
143	47
143	73
143	83
143	11
143	5
143	38
143	16
143	93
143	97
143	94
143	86
143	7
143	51
143	44
143	64
143	39
143	78
143	32
143	68
143	37
143	84
143	89
143	61
143	56
143	12
144	52
144	10
144	76
144	43
144	77
144	6
144	58
144	42
144	30
144	18
144	100
144	55
144	25
144	15
144	99
144	48
144	53
144	8
144	87
144	22
144	13
144	82
144	49
144	88
144	67
144	66
144	28
144	95
144	27
144	98
144	40
144	62
144	54
144	45
144	46
144	26
144	75
144	96
144	91
145	34
145	74
145	71
145	19
145	69
145	57
145	50
145	63
145	32
145	80
145	65
145	70
145	14
145	33
145	90
145	23
145	21
145	17
145	29
145	35
145	94
145	5
145	16
145	31
145	7
145	36
145	47
145	24
145	89
145	85
145	11
145	51
145	72
145	64
145	6
145	73
145	39
145	61
145	4
145	83
145	1
145	97
145	68
145	38
145	18
145	56
145	43
145	76
145	78
145	93
145	44
145	55
145	37
145	12
146	77
146	42
146	84
146	53
146	52
146	66
146	10
146	82
146	58
146	22
146	25
146	99
146	98
146	100
146	8
146	40
146	87
146	28
146	21
146	15
146	67
146	86
146	13
146	30
146	75
146	49
146	27
146	95
146	91
146	88
146	74
146	50
146	45
146	46
146	26
146	71
146	54
146	29
146	57
147	34
147	23
147	14
147	63
147	62
147	70
147	69
147	80
147	96
147	17
147	35
147	65
147	94
147	19
147	39
147	90
147	33
147	6
147	32
147	61
147	16
147	7
147	89
147	76
147	85
147	12
147	36
147	47
147	24
147	31
147	73
147	55
147	56
147	43
147	86
147	97
147	83
147	18
147	11
147	68
147	72
147	4
147	5
147	42
147	1
147	37
147	64
148	53
148	51
148	93
148	66
148	78
148	38
148	77
148	40
148	44
148	82
148	84
148	22
148	74
148	10
148	52
148	46
148	58
148	98
148	25
148	21
148	91
148	75
148	100
148	57
148	95
148	71
148	87
148	15
148	67
148	29
148	50
148	28
148	16
148	8
148	88
148	26
148	99
148	70
149	49
149	13
149	23
149	27
149	54
149	34
149	14
149	63
149	6
149	45
149	35
149	39
149	89
149	32
149	94
149	80
149	69
149	17
149	62
149	7
149	5
149	55
149	96
149	90
149	76
149	18
149	65
149	12
149	33
149	56
149	43
149	19
149	86
149	73
149	42
149	97
149	47
149	31
149	11
149	51
149	1
149	37
149	24
149	53
149	36
149	66
149	83
149	68
150	21
150	64
150	22
150	46
150	38
150	4
150	44
150	82
150	77
150	78
150	93
150	72
150	75
150	71
150	95
150	57
150	98
150	40
150	50
150	74
150	84
150	91
150	10
150	52
150	16
150	88
150	100
150	70
150	26
150	67
150	99
150	8
150	25
150	87
150	14
150	58
150	15
151	6
151	28
151	39
151	34
151	49
151	27
151	55
151	13
151	94
151	76
151	89
151	35
151	63
151	69
151	80
151	7
151	12
151	5
151	18
151	56
151	32
151	62
151	43
151	90
151	96
151	54
151	47
151	40
151	37
151	45
151	33
151	86
151	53
151	65
151	97
151	73
151	66
151	74
151	19
151	11
151	22
152	46
152	31
152	1
152	77
152	82
153	50
153	52
153	71
153	95
153	24
153	8
153	83
153	93
153	100
153	51
153	78
153	25
153	72
153	39
153	98
153	88
153	64
153	14
153	6
153	63
153	4
153	99
153	68
153	36
153	10
153	87
153	27
153	15
153	22
153	46
153	86
153	33
153	35
153	47
153	75
153	53
153	34
153	55
153	56
153	32
153	38
153	5
153	84
153	40
153	18
153	97
153	80
153	96
153	28
153	90
153	12
153	67
153	57
153	45
153	13
153	73
153	84
153	91
153	74
153	37
153	89
153	82
154	43
154	76
154	66
154	57
154	65
154	11
154	44
154	58
154	94
154	77
154	26
154	54
154	31
154	78
154	71
154	7
154	49
154	19
154	75
154	1
154	68
154	62
154	83
154	50
154	51
154	91
154	24
154	64
154	36
154	72
154	38
154	55
154	44
154	6
154	98
155	14
155	88
155	67
155	93
155	52
155	12
155	25
155	4
155	58
155	94
155	40
155	18
155	63
155	76
155	35
155	39
155	43
155	100
155	8
155	7
155	56
155	34
155	5
155	99
155	54
155	15
155	28
155	74
155	46
155	27
155	87
155	80
155	49
155	53
155	90
155	22
155	13
155	86
156	82
156	33
156	73
156	62
156	78
156	45
156	97
156	91
156	11
156	66
156	77
156	37
156	75
156	50
156	71
156	32
156	55
156	47
156	65
156	76
156	31
156	83
156	68
156	96
156	84
156	6
156	51
156	19
156	64
156	88
156	36
156	24
156	94
156	98
156	1
156	39
156	38
157	7
157	58
157	67
157	12
157	4
157	93
157	74
157	43
157	35
157	46
157	44
157	72
157	40
157	52
157	56
157	34
157	5
157	100
157	14
157	8
157	53
157	25
157	63
157	54
157	22
157	99
157	28
157	15
157	27
157	87
157	49
157	86
157	97
157	71
157	47
157	66
157	37
157	90
157	82
157	32
158	75
158	50
158	55
158	73
158	91
158	78
158	13
158	33
158	76
158	45
158	62
158	6
158	11
158	96
158	68
158	84
158	65
158	40
158	1
158	31
158	51
158	83
158	94
158	39
158	88
158	98
158	64
158	12
158	24
158	43
158	25
158	74
158	14
158	36
158	46
158	19
158	72
159	35
159	67
159	56
159	7
159	5
159	44
159	38
159	63
159	34
159	58
159	4
159	52
159	22
159	93
159	53
159	8
159	100
159	82
159	71
159	99
159	86
159	15
159	28
159	27
159	75
159	66
159	37
159	91
159	50
159	49
159	87
159	76
159	97
160	90
160	47
160	6
160	73
160	13
160	78
160	40
160	11
160	33
160	32
160	12
160	68
160	62
160	94
160	45
160	88
160	31
160	1
160	98
160	43
160	74
160	46
160	65
160	96
160	84
160	83
160	51
160	64
160	14
160	7
161	35
161	56
161	63
161	25
161	24
161	5
161	67
161	36
161	34
161	19
161	53
161	22
161	38
161	44
161	58
161	71
161	72
161	52
161	8
161	100
161	66
161	93
161	4
161	82
161	75
161	76
161	50
161	37
161	91
161	86
161	27
161	28
161	99
161	97
161	40
161	15
162	47
162	49
162	90
162	87
162	32
162	73
162	12
162	78
162	6
162	46
162	13
162	33
162	11
162	68
162	43
162	94
162	88
162	35
162	62
162	14
162	45
162	1
162	98
162	84
162	83
162	31
162	51
163	96
163	64
163	7
163	63
163	53
163	22
163	65
163	5
163	56
163	67
163	71
163	34
163	24
163	38
163	36
163	72
163	19
163	74
163	25
163	75
163	66
163	82
163	76
163	50
163	91
163	44
163	6
163	52
163	8
163	93
163	100
163	37
163	86
163	40
163	4
163	97
164	78
164	74
164	27
164	12
164	99
164	15
164	90
164	46
164	73
164	28
164	49
164	88
164	43
164	87
164	47
164	94
164	32
164	11
164	13
164	68
164	56
164	14
164	35
164	33
164	7
164	22
164	98
164	5
164	53
164	25
165	1
165	31
165	62
165	45
165	83
165	63
165	76
165	64
165	66
165	38
165	84
165	24
165	50
165	91
165	65
165	34
165	40
165	82
165	75
165	67
165	6
165	72
165	36
165	19
165	44
165	96
165	74
165	86
165	46
165	8
165	12
166	52
166	37
166	100
166	97
166	78
166	27
166	4
166	43
166	28
166	90
166	73
166	88
166	94
166	15
166	99
166	49
166	56
166	32
166	87
166	68
166	11
166	22
166	33
166	7
166	13
166	5
166	98
166	93
166	76
167	25
167	40
167	1
167	62
167	75
167	31
167	83
167	67
167	34
167	66
167	50
167	82
167	91
167	6
167	64
167	65
167	96
167	84
167	46
167	74
167	38
168	24
168	86
168	37
168	43
168	8
168	12
168	44
168	36
168	88
168	78
168	4
168	90
168	100
168	22
168	7
168	52
168	97
168	94
168	76
168	93
168	32
168	99
168	27
168	19
168	11
168	72
168	73
168	15
168	49
168	40
168	87
168	28
168	33
168	98
168	56
169	50
169	13
169	6
169	75
169	25
169	12
169	83
169	31
169	62
169	91
169	86
169	84
169	82
169	66
169	74
169	96
169	67
169	1
169	24
169	38
169	64
170	37
170	65
170	8
170	100
170	98
170	28
170	93
170	7
170	27
170	4
170	49
170	46
170	11
170	88
170	90
170	32
170	43
170	94
170	44
170	99
170	15
170	76
170	50
170	40
170	75
170	19
170	22
170	97
171	73
171	25
171	33
171	82
171	66
171	87
171	72
171	74
171	52
171	83
171	1
171	86
171	12
171	46
171	91
171	31
171	56
171	84
171	67
171	6
171	43
171	97
172	24
172	37
172	62
172	65
172	38
172	13
172	8
172	76
172	40
172	52
172	7
172	96
172	44
172	88
172	56
172	72
172	19
172	27
172	73
172	6
172	90
172	50
172	28
172	98
172	74
172	75
172	46
172	91
173	100
173	11
173	15
173	49
173	32
173	93
173	66
173	99
173	82
173	67
173	25
173	12
173	33
173	87
173	1
173	83
173	31
173	43
173	13
173	86
174	37
174	62
174	84
174	40
174	76
174	56
174	97
174	65
174	38
174	88
174	7
174	8
174	72
174	6
174	24
174	96
174	52
174	73
174	46
174	74
174	44
174	75
174	100
174	90
174	50
174	27
174	98
174	82
174	66
174	28
174	91
175	11
175	12
175	49
175	93
175	32
175	15
175	67
175	25
175	33
175	87
175	43
175	1
175	40
175	83
175	76
175	31
175	86
175	56
176	37
176	97
176	62
176	74
176	84
176	7
176	88
176	46
176	65
176	96
176	38
176	50
176	75
176	90
176	8
176	72
176	100
176	73
176	91
176	52
176	44
176	82
176	66
176	12
176	27
177	28
177	98
177	11
177	32
177	49
177	33
177	93
177	67
177	43
177	25
177	40
177	15
177	76
177	56
177	87
177	1
177	37
177	86
177	83
178	74
178	31
178	97
178	88
178	46
178	75
178	50
178	84
178	62
178	82
178	38
178	96
178	91
178	12
178	66
178	8
178	65
178	90
178	73
178	72
178	52
178	44
179	40
179	27
179	28
179	76
179	11
179	32
179	33
179	49
179	67
179	25
179	15
179	74
179	86
179	93
179	1
180	87
180	83
180	56
180	88
180	31
180	75
180	50
180	97
180	82
180	91
180	12
180	62
180	66
180	38
180	84
180	73
180	8
180	90
180	96
180	40
180	65
181	76
181	44
181	27
181	52
181	11
181	72
181	32
181	74
181	28
181	25
181	56
181	67
181	33
181	49
181	15
181	86
181	93
182	88
182	82
182	1
182	12
182	76
182	87
182	75
183	40
183	66
183	91
183	65
183	8
183	97
183	31
183	90
183	74
183	56
183	73
183	84
183	38
183	62
183	96
183	50
183	44
183	52
183	27
183	72
183	25
183	11
183	28
183	32
183	67
183	33
183	86
183	49
184	97
184	93
184	15
184	1
184	12
184	75
184	88
184	66
184	50
184	87
184	76
184	82
184	91
184	31
184	74
184	73
185	8
185	84
185	62
185	56
185	65
186	88
186	72
186	49
186	50
186	32
186	11
186	67
186	44
186	75
186	91
186	28
186	86
186	52
186	12
186	33
186	96
186	25
186	27
186	82
186	15
186	97
186	76
186	93
186	1
186	66
186	74
186	31
186	87
187	8
187	56
187	73
187	84
187	62
187	25
187	52
187	96
187	75
187	65
187	27
187	72
187	11
187	86
187	44
187	67
187	50
187	12
188	28
188	91
188	32
188	76
188	82
188	88
188	66
188	97
188	15
188	1
188	74
188	31
189	73
189	87
189	93
189	56
189	8
189	75
189	62
189	12
189	84
189	86
189	25
189	52
189	67
189	91
189	76
189	96
189	65
190	44
190	72
190	88
190	28
190	82
190	97
190	66
190	32
190	74
190	15
190	1
190	93
191	73
191	56
191	31
191	87
191	75
191	8
191	76
191	12
191	91
191	86
191	84
191	25
191	74
192	62
192	82
192	52
192	65
192	66
192	72
192	44
192	88
192	32
192	67
192	96
192	28
192	1
192	56
192	15
193	93
193	75
193	73
193	12
193	76
193	87
193	91
193	74
193	8
193	86
193	67
193	25
194	66
194	84
194	88
194	62
194	52
194	65
194	44
194	72
194	28
194	96
194	56
194	1
195	75
195	15
195	91
195	76
195	12
195	73
195	86
195	87
195	8
195	25
196	67
196	66
196	93
196	88
196	84
196	52
196	62
196	44
196	65
196	28
196	96
196	72
196	75
196	76
197	12
197	15
197	91
197	93
197	66
197	8
197	67
198	88
198	87
198	52
198	84
198	25
198	76
198	62
198	75
198	44
198	72
198	12
198	65
198	28
198	96
199	91
199	66
199	15
200	67
200	88
200	8
200	87
200	75
200	84
200	12
200	76
200	52
200	25
201	93
201	44
201	72
201	91
201	28
201	65
201	96
201	66
201	15
201	88
202	93
202	8
202	12
202	87
202	76
202	52
202	91
202	25
203	84
203	44
203	72
203	28
203	65
203	96
203	66
203	15
203	25
204	76
204	8
204	12
204	93
204	91
204	87
205	52
205	84
205	44
205	72
205	66
205	65
205	28
205	76
205	96
206	15
206	8
206	91
206	93
207	87
207	52
207	66
207	84
207	28
207	44
207	72
207	65
208	15
208	8
208	91
209	93
209	87
209	66
209	52
209	84
209	28
209	44
210	65
210	91
210	8
211	93
211	66
211	87
211	52
211	84
211	28
212	44
212	91
212	65
212	8
213	66
213	93
213	87
214	28
214	84
214	91
214	52
214	65
214	44
215	66
215	93
216	52
216	87
216	91
216	44
216	84
216	65
217	66
218	87
218	52
218	44
218	84
218	66
219	65
220	52
220	87
220	66
220	44
220	84
221	65
222	52
222	66
223	44
223	84
223	65
224	66
224	52
225	44
226	52
227	44
229	52
229	44
231	52
231	44
233	52
234	44
235	52
236	44
237	52
238	44
240	44
