0.0	12
15.700000000004366	8
19.10000000000582	93
21.200000000004366	7
21.900000000001455	84
22.200000000004366	21
22.5	35
23.10000000000582	31
23.60000000000582	83
24.200000000004366	77
24.700000000004366	17
24.900000000001455	26
25.60000000000582	59
26.200000000004366	21
27.60000000000582	63
28.5	48
28.200000000004366	92
28.200000000004366	2
29.0	70
29.10000000000582	74
29.200000000004366	67
29.400000000001455	26
29.400000000001455	59
29.700000000004366	53
30.200000000004366	21
31.30000000000291	40
31.10000000000582	6
31.30000000000291	86
31.400000000001455	54
31.700000000004366	2
32.200000000004366	34
32.30000000000291	65
32.700000000004366	85
32.900000000001455	51
32.900000000001455	89
33.0	1
33.200000000004366	59
33.60000000000582	27
34.30000000000291	26
34.10000000000582	21
35.30000000000291	2
35.400000000001455	6
35.60000000000582	79
35.700000000004366	16
37.0	59
37.10000000000582	14
37.30000000000291	1
37.30000000000291	60
37.60000000000582	49
38.30000000000291	27
38.30000000000291	3
37.900000000001455	71
38.10000000000582	18
38.200000000004366	26
38.30000000000291	75
38.400000000001455	21
39.700000000004366	2
39.0	64
39.10000000000582	22
39.200000000004366	16
39.60000000000582	6
39.700000000004366	76
40.10000000000582	94
40.30000000000291	12
40.900000000001455	59
41.0	14
41.400000000001455	11
41.60000000000582	49
41.700000000004366	1
41.900000000001455	30
42.10000000000582	21
42.200000000004366	27
42.400000000001455	2
42.400000000001455	82
42.60000000000582	4
42.700000000004366	26
43.400000000001455	64
43.5	96
42.900000000001455	16
43.0	97
43.700000000004366	44
43.700000000004366	29
43.700000000004366	56
43.700000000004366	43
43.700000000004366	10
43.900000000001455	6
43.900000000001455	28
44.0	12
44.200000000004366	38
44.5	59
44.900000000001455	14
46.10000000000582	37
46.10000000000582	21
46.10000000000582	2
46.10000000000582	1
46.10000000000582	49
46.30000000000291	16
46.5	27
46.60000000000582	64
47.10000000000582	26
47.200000000004366	45
47.5	12
48.5	36
48.30000000000291	6
48.30000000000291	28
48.400000000001455	59
48.60000000000582	19
48.900000000001455	14
49.400000000001455	49
49.60000000000582	2
49.60000000000582	37
50.0	16
50.10000000000582	21
50.400000000001455	64
50.5	1
50.60000000000582	50
50.900000000001455	27
51.0	87
51.0	12
51.5	26
52.10000000000582	59
52.400000000001455	6
52.60000000000582	88
52.700000000004366	14
52.700000000004366	28
52.900000000001455	23
53.400000000001455	19
52.900000000001455	80
53.0	2
53.30000000000291	49
53.400000000001455	16
53.700000000004366	37
54.0	21
54.200000000004366	50
54.200000000004366	64
54.700000000004366	1
54.900000000001455	12
55.400000000001455	27
55.900000000001455	59
56.0	26
56.60000000000582	14
56.60000000000582	6
56.700000000004366	2
57.200000000004366	19
57.200000000004366	16
57.30000000000291	49
58.10000000000582	8
58.10000000000582	28
58.10000000000582	37
58.10000000000582	50
58.10000000000582	64
58.10000000000582	21
58.10000000000582	12
58.400000000001455	69
59.0	42
59.0	1
60.0	27
60.0	59
60.10000000000582	2
60.30000000000291	16
60.400000000001455	26
60.5	14
60.5	62
61.400000000001455	15
61.0	6
61.400000000001455	50
61.400000000001455	49
61.400000000001455	19
61.5	28
61.700000000004366	64
61.900000000001455	37
61.900000000001455	21
62.30000000000291	7
63.10000000000582	42
63.400000000001455	1
63.60000000000582	59
63.700000000004366	2
63.900000000001455	16
64.0	95
64.0	27
64.40000000000146	14
64.40000000000146	15
64.60000000000582	98
65.0	26
65.0	49
65.20000000000437	6
65.20000000000437	50
65.5	64
65.60000000000582	19
65.90000000000146	21
66.0	28
66.0	37
66.40000000000146	7
67.20000000000437	59
67.20000000000437	2
67.30000000000291	42
67.40000000000146	16
67.70000000000437	1
68.10000000000582	15
68.10000000000582	100
68.40000000000146	14
68.40000000000146	27
68.5	50
69.0	49
69.30000000000291	64
69.30000000000291	26
69.40000000000146	6
69.40000000000146	63
70.5	19
70.20000000000437	21
70.20000000000437	37
70.30000000000291	28
70.30000000000291	7
71.20000000000437	2
70.90000000000146	16
71.0	59
71.30000000000291	72
71.5	42
71.60000000000582	15
72.10000000000582	1
72.10000000000582	50
72.90000000000146	27
72.90000000000146	81
72.90000000000146	14
73.70000000000437	54
73.70000000000437	26
73.70000000000437	64
73.70000000000437	6
74.20000000000437	21
74.40000000000146	51
74.0	49
74.20000000000437	34
74.20000000000437	37
74.20000000000437	19
74.30000000000291	7
74.30000000000291	2
74.40000000000146	16
74.70000000000437	28
75.20000000000437	59
75.0	91
76.10000000000582	72
76.70000000000437	15
76.70000000000437	42
75.90000000000146	50
76.10000000000582	14
76.40000000000146	1
77.0	49
77.0	64
77.10000000000582	27
77.90000000000146	60
77.90000000000146	21
78.70000000000437	73
78.0	16
78.0	6
78.10000000000582	2
78.10000000000582	26
78.30000000000291	7
78.30000000000291	37
78.5	19
78.60000000000582	59
78.90000000000146	15
79.30000000000291	91
79.30000000000291	28
79.30000000000291	50
80.10000000000582	42
79.90000000000146	22
80.10000000000582	14
80.20000000000437	72
80.5	64
80.70000000000437	49
81.70000000000437	1
81.40000000000146	27
81.5	16
81.5	2
81.70000000000437	21
82.10000000000582	30
82.20000000000437	6
82.20000000000437	68
82.30000000000291	7
82.40000000000146	59
82.40000000000146	37
82.5	15
82.5	26
82.60000000000582	19
83.0	50
83.20000000000437	90
83.5	28
83.5	91
83.90000000000146	14
83.90000000000146	42
84.30000000000291	64
84.60000000000582	49
84.70000000000437	10
85.20000000000437	72
85.0	2
85.0	16
85.10000000000582	1
86.0	27
86.20000000000437	38
85.90000000000146	21
86.10000000000582	15
86.10000000000582	59
86.20000000000437	7
86.40000000000146	6
86.5	37
86.60000000000582	50
87.70000000000437	19
87.0	26
88.20000000000437	14
88.5	91
87.90000000000146	28
88.10000000000582	64
88.20000000000437	42
88.5	16
88.60000000000582	2
88.60000000000582	49
89.20000000000437	72
90.0	15
89.90000000000146	1
90.10000000000582	99
90.10000000000582	21
90.10000000000582	59
90.10000000000582	27
90.10000000000582	50
90.20000000000437	7
90.60000000000582	37
91.20000000000437	6
91.30000000000291	19
91.40000000000146	26
92.0	14
92.0	64
92.10000000000582	16
92.10000000000582	2
92.10000000000582	91
92.70000000000437	42
92.70000000000437	49
92.70000000000437	28
92.70000000000437	78
93.10000000000582	87
93.60000000000582	15
93.60000000000582	21
93.70000000000437	72
93.70000000000437	59
93.70000000000437	50
93.90000000000146	1
94.20000000000437	7
94.5	27
94.70000000000437	37
94.70000000000437	88
95.0	6
95.40000000000146	19
95.60000000000582	16
95.70000000000437	2
95.70000000000437	64
96.30000000000291	14
95.90000000000146	26
96.40000000000146	91
96.40000000000146	49
96.40000000000146	42
96.70000000000437	28
96.90000000000146	15
97.40000000000146	50
97.5	59
97.60000000000582	21
98.10000000000582	7
98.10000000000582	1
98.20000000000437	72
99.40000000000146	37
98.90000000000146	27
99.10000000000582	16
99.20000000000437	2
99.20000000000437	6
99.5	14
99.5	64
99.70000000000437	19
100.30000000000291	26
100.40000000000146	49
100.60000000000582	15
100.60000000000582	42
100.60000000000582	93
100.70000000000437	91
101.10000000000582	28
101.10000000000582	50
101.30000000000291	59
101.60000000000582	21
102.0	7
102.5	1
102.5	84
102.60000000000582	16
102.70000000000437	72
103.10000000000582	2
102.90000000000146	37
103.20000000000437	64
103.20000000000437	27
103.40000000000146	14
103.5	6
103.90000000000146	19
104.60000000000582	15
104.70000000000437	26
104.70000000000437	50
104.70000000000437	49
105.70000000000437	17
105.70000000000437	42
105.70000000000437	21
105.70000000000437	91
105.70000000000437	28
105.90000000000146	59
106.0	7
106.40000000000146	16
106.40000000000146	2
107.60000000000582	1
107.30000000000291	64
107.30000000000291	37
107.30000000000291	14
108.10000000000582	27
108.10000000000582	6
108.10000000000582	72
108.10000000000582	15
108.10000000000582	19
108.10000000000582	50
108.20000000000437	49
109.5	59
108.90000000000146	42
109.10000000000582	26
109.30000000000291	91
109.5	21
109.60000000000582	48
109.70000000000437	16
109.90000000000146	2
110.0	28
110.0	7
110.70000000000437	64
111.0	66
111.0	70
111.10000000000582	37
111.20000000000437	1
111.20000000000437	14
111.40000000000146	15
111.60000000000582	72
111.70000000000437	50
112.0	6
112.0	27
112.10000000000582	49
112.40000000000146	19
112.60000000000582	86
112.60000000000582	59
113.10000000000582	42
113.30000000000291	16
113.5	21
113.5	91
113.5	2
113.5	26
113.70000000000437	89
113.90000000000146	63
114.60000000000582	72
113.90000000000146	7
114.40000000000146	28
114.5	64
115.0	15
115.10000000000582	14
115.20000000000437	37
115.30000000000291	50
115.70000000000437	1
116.0	49
116.10000000000582	72
116.20000000000437	6
116.40000000000146	27
116.60000000000582	19
116.60000000000582	59
117.0	16
117.0	2
117.20000000000437	42
117.30000000000291	51
117.40000000000146	21
118.20000000000437	91
117.90000000000146	7
118.0	26
118.30000000000291	64
118.30000000000291	32
118.30000000000291	72
118.60000000000582	15
118.60000000000582	18
118.90000000000146	28
118.90000000000146	50
119.0	14
119.30000000000291	37
119.40000000000146	71
119.60000000000582	3
119.70000000000437	46
119.90000000000146	1
120.60000000000582	72
120.60000000000582	16
120.60000000000582	59
120.70000000000437	2
120.70000000000437	6
120.70000000000437	27
120.70000000000437	49
120.90000000000146	19
121.20000000000437	94
121.40000000000146	42
121.70000000000437	21
122.0	76
122.20000000000437	11
121.90000000000146	7
122.30000000000291	91
122.30000000000291	64
122.30000000000291	15
122.40000000000146	26
123.20000000000437	14
123.20000000000437	82
123.20000000000437	72
123.20000000000437	28
123.20000000000437	50
123.5	37
124.20000000000437	3
124.30000000000291	16
124.5	49
123.90000000000146	59
124.0	58
124.10000000000582	2
124.30000000000291	1
124.5	4
124.70000000000437	30
125.20000000000437	6
125.10000000000582	72
125.10000000000582	19
125.10000000000582	27
125.20000000000437	44
125.30000000000291	21
125.60000000000582	42
126.20000000000437	15
126.30000000000291	64
126.60000000000582	7
126.10000000000582	50
126.40000000000146	91
127.40000000000146	14
127.5	26
127.30000000000291	16
127.30000000000291	72
127.5	37
127.60000000000582	28
127.60000000000582	2
127.70000000000437	59
128.3000000000029	49
127.90000000000146	3
128.0	45
128.60000000000582	1
129.0	6
129.3000000000029	21
129.40000000000146	19
129.40000000000146	27
129.40000000000146	15
129.60000000000582	64
129.60000000000582	72
129.70000000000437	50
129.70000000000437	42
130.20000000000437	7
130.60000000000582	91
130.70000000000437	14
130.90000000000146	16
131.20000000000437	2
131.3000000000029	26
131.5	59
131.70000000000437	49
132.5	72
132.60000000000582	37
132.0	28
132.10000000000582	3
132.90000000000146	1
133.0	15
133.3000000000029	6
133.3000000000029	50
133.3000000000029	21
133.3000000000029	64
134.40000000000146	27
134.70000000000437	19
133.90000000000146	7
133.90000000000146	42
134.10000000000582	72
134.40000000000146	16
134.5	23
135.20000000000437	14
135.20000000000437	91
135.20000000000437	2
136.10000000000582	59
136.10000000000582	26
136.10000000000582	37
136.10000000000582	3
136.40000000000146	28
136.5	72
136.60000000000582	49
136.60000000000582	15
137.5	88
136.90000000000146	50
137.40000000000146	1
137.40000000000146	64
137.40000000000146	5
137.40000000000146	87
138.10000000000582	42
138.10000000000582	27
138.10000000000582	19
138.10000000000582	7
138.10000000000582	21
138.10000000000582	16
138.10000000000582	6
138.3000000000029	2
138.5	14
138.60000000000582	72
139.0	12
139.10000000000582	59
139.20000000000437	91
139.5	49
139.90000000000146	37
140.20000000000437	26
140.40000000000146	15
140.5	50
141.20000000000437	28
141.5	72
140.90000000000146	64
141.20000000000437	21
141.40000000000146	16
141.60000000000582	1
141.70000000000437	7
142.70000000000437	6
142.0	2
142.20000000000437	52
142.3000000000029	19
142.3000000000029	42
142.40000000000146	14
142.5	27
142.90000000000146	59
143.10000000000582	72
143.40000000000146	49
143.5	91
143.70000000000437	35
144.70000000000437	15
143.90000000000146	37
144.10000000000582	31
144.20000000000437	50
144.5	26
144.70000000000437	64
145.0	16
145.20000000000437	21
145.20000000000437	28
145.3000000000029	72
145.40000000000146	2
145.70000000000437	7
146.0	1
146.0	84
146.10000000000582	6
146.3000000000029	14
146.40000000000146	42
146.40000000000146	19
146.60000000000582	59
146.90000000000146	27
147.3000000000029	17
147.3000000000029	49
147.5	15
147.60000000000582	72
147.60000000000582	35
147.90000000000146	91
148.0	50
148.0	37
148.40000000000146	64
148.5	16
149.0	92
149.0	2
149.0	26
149.20000000000437	21
150.10000000000582	67
150.10000000000582	72
150.10000000000582	7
150.10000000000582	74
150.90000000000146	53
150.90000000000146	17
150.90000000000146	42
150.90000000000146	19
150.90000000000146	13
150.90000000000146	28
150.90000000000146	6
151.0	66
151.0	14
151.0	59
151.40000000000146	1
151.40000000000146	27
151.5	50
151.5	49
151.5	35
152.10000000000582	91
152.10000000000582	16
152.10000000000582	72
152.20000000000437	37
152.20000000000437	64
152.20000000000437	15
152.20000000000437	40
152.5	2
152.90000000000146	85
153.20000000000437	81
153.20000000000437	21
153.3000000000029	65
153.5	26
153.70000000000437	7
154.0	28
154.20000000000437	14
154.20000000000437	59
154.3000000000029	17
154.40000000000146	72
154.60000000000582	6
154.60000000000582	1
154.70000000000437	15
155.60000000000582	42
154.90000000000146	19
154.90000000000146	50
155.10000000000582	35
155.20000000000437	49
155.3000000000029	55
155.60000000000582	27
155.60000000000582	16
156.0	64
156.0	2
156.3000000000029	37
156.3000000000029	91
156.60000000000582	72
157.0	34
157.3000000000029	21
157.40000000000146	57
157.5	7
157.60000000000582	65
158.40000000000146	17
158.5	26
158.0	59
158.0	14
158.3000000000029	15
158.40000000000146	28
158.5	50
159.40000000000146	6
159.5	72
158.90000000000146	35
158.90000000000146	73
158.90000000000146	42
159.0	1
159.10000000000582	16
159.10000000000582	49
159.20000000000437	19
159.60000000000582	2
159.70000000000437	64
159.90000000000146	27
160.40000000000146	37
160.60000000000582	91
161.0	21
161.10000000000582	72
161.3000000000029	57
161.40000000000146	17
161.5	7
161.90000000000146	59
162.20000000000437	65
161.90000000000146	14
162.0	15
162.3000000000029	26
162.40000000000146	50
162.40000000000146	18
162.60000000000582	16
163.60000000000582	47
162.90000000000146	28
163.0	49
163.0	42
163.10000000000582	2
163.10000000000582	6
163.3000000000029	1
163.3000000000029	72
163.40000000000146	19
163.5	64
163.70000000000437	22
164.5	90
164.60000000000582	37
164.60000000000582	27
165.3000000000029	29
165.3000000000029	21
165.3000000000029	17
165.3000000000029	57
165.3000000000029	91
165.5	15
165.5	61
165.5	59
165.60000000000582	72
165.60000000000582	7
165.70000000000437	50
166.60000000000582	14
166.0	65
166.10000000000582	16
167.5	49
167.5	6
167.5	42
167.5	28
167.60000000000582	2
167.60000000000582	26
167.60000000000582	64
167.70000000000437	1
167.70000000000437	19
168.5	72
168.40000000000146	17
168.60000000000582	37
168.60000000000582	27
169.0	21
169.0	57
169.10000000000582	15
169.20000000000437	91
169.3000000000029	50
169.3000000000029	59
169.5	7
169.60000000000582	16
169.90000000000146	14
170.10000000000582	72
170.10000000000582	65
170.20000000000437	2
171.70000000000437	49
171.10000000000582	64
171.10000000000582	26
171.40000000000146	42
171.5	45
171.60000000000582	6
171.60000000000582	28
172.0	19
172.3000000000029	1
172.3000000000029	72
172.70000000000437	37
173.10000000000582	15
173.3000000000029	57
172.90000000000146	50
172.90000000000146	21
173.10000000000582	59
173.10000000000582	27
173.20000000000437	16
173.5	7
173.5	91
173.60000000000582	14
174.5	2
174.60000000000582	72
174.90000000000146	64
175.3000000000029	49
175.5	42
175.60000000000582	26
176.60000000000582	6
176.3000000000029	19
176.3000000000029	28
176.3000000000029	15
176.40000000000146	1
176.5	50
176.60000000000582	57
176.70000000000437	16
177.70000000000437	37
177.40000000000146	72
176.90000000000146	21
176.90000000000146	3
176.90000000000146	59
177.3000000000029	2
177.40000000000146	27
177.40000000000146	7
177.5	14
177.90000000000146	91
178.60000000000582	64
178.70000000000437	49
179.3000000000029	72
179.70000000000437	42
179.90000000000146	15
180.0	8
180.0	26
180.10000000000582	50
181.20000000000437	28
181.40000000000146	1
180.90000000000146	19
180.90000000000146	21
180.90000000000146	37
180.90000000000146	6
180.90000000000146	57
181.10000000000582	2
181.10000000000582	59
181.10000000000582	16
181.10000000000582	3
181.40000000000146	72
181.5	12
181.5	14
182.0	7
182.10000000000582	62
182.10000000000582	27
182.10000000000582	91
182.40000000000146	64
182.60000000000582	49
183.90000000000146	15
183.90000000000146	72
184.0	42
184.0	16
184.10000000000582	50
184.10000000000582	95
184.40000000000146	6
184.40000000000146	57
184.40000000000146	26
184.40000000000146	59
184.5	93
184.5	2
184.60000000000582	83
184.70000000000437	19
184.90000000000146	21
184.90000000000146	28
185.0	37
185.0	12
185.0	1
185.3000000000029	7
185.40000000000146	14
185.5	3
185.60000000000582	77
185.90000000000146	72
186.10000000000582	27
186.10000000000582	39
186.20000000000437	64
186.3000000000029	91
186.5	49
187.10000000000582	84
187.20000000000437	15
187.3000000000029	50
187.3000000000029	16
188.0	2
188.0	42
188.10000000000582	72
188.20000000000437	57
188.20000000000437	59
188.70000000000437	12
188.70000000000437	6
189.60000000000582	26
188.90000000000146	21
189.10000000000582	37
189.10000000000582	19
189.3000000000029	14
189.3000000000029	28
189.3000000000029	7
189.3000000000029	3
189.40000000000146	1
189.90000000000146	64
190.40000000000146	72
190.5	27
190.60000000000582	91
190.60000000000582	49
191.0	15
191.20000000000437	16
190.90000000000146	50
191.5	2
192.0	74
192.0	12
192.10000000000582	57
192.10000000000582	59
192.20000000000437	42
192.5	24
192.60000000000582	72
193.40000000000146	21
193.0	20
193.0	6
193.20000000000437	37
193.20000000000437	14
193.20000000000437	7
193.3000000000029	19
193.3000000000029	26
193.40000000000146	3
193.5	53
193.70000000000437	28
193.70000000000437	1
194.3000000000029	64
194.3000000000029	16
194.40000000000146	49
194.40000000000146	15
194.5	50
194.70000000000437	41
195.40000000000146	27
195.40000000000146	72
194.90000000000146	91
195.10000000000582	2
196.0	57
196.0	59
196.0	12
196.10000000000582	74
196.10000000000582	86
196.3000000000029	42
196.70000000000437	21
197.10000000000582	14
197.10000000000582	72
197.70000000000437	7
197.70000000000437	19
197.70000000000437	37
197.70000000000437	64
197.70000000000437	26
197.70000000000437	79
197.70000000000437	3
197.70000000000437	6
197.90000000000146	54
198.5	16
198.0	15
198.10000000000582	28
198.10000000000582	50
198.20000000000437	1
198.3000000000029	49
198.5	9
198.90000000000146	2
199.10000000000582	75
199.10000000000582	12
199.5	72
199.5	91
199.5	51
199.5	27
199.60000000000582	59
199.70000000000437	57
200.70000000000437	35
200.0	74
200.5	42
200.70000000000437	21
201.0	14
201.20000000000437	7
201.20000000000437	64
201.3000000000029	60
201.40000000000146	16
201.40000000000146	37
201.40000000000146	6
201.60000000000582	72
201.60000000000582	15
202.20000000000437	50
202.70000000000437	19
202.10000000000582	26
202.20000000000437	2
202.20000000000437	49
202.40000000000146	1
202.5	28
202.60000000000582	12
202.90000000000146	68
203.40000000000146	56
203.5	91
203.5	59
203.5	57
203.5	74
203.60000000000582	27
203.70000000000437	43
204.40000000000146	72
203.90000000000146	76
204.60000000000582	96
204.70000000000437	21
204.70000000000437	42
204.90000000000146	14
204.90000000000146	16
205.0	97
205.10000000000582	64
205.10000000000582	7
205.20000000000437	15
205.3000000000029	50
205.5	37
205.70000000000437	6
206.10000000000582	2
206.0	19
206.10000000000582	72
206.10000000000582	12
206.20000000000437	49
206.60000000000582	26
207.0	1
207.0	28
207.10000000000582	59
207.3000000000029	74
207.40000000000146	57
207.70000000000437	44
207.70000000000437	91
208.0	27
208.5	16
208.5	72
208.5	29
208.5	17
208.60000000000582	21
208.60000000000582	10
208.90000000000146	14
209.10000000000582	64
209.5	42
209.5	15
208.90000000000146	50
209.10000000000582	7
209.3000000000029	2
209.3000000000029	38
209.60000000000582	37
209.90000000000146	6
210.5	49
210.60000000000582	19
210.60000000000582	72
211.70000000000437	57
211.70000000000437	26
211.70000000000437	59
211.70000000000437	28
211.70000000000437	74
211.90000000000146	65
211.90000000000146	16
212.10000000000582	1
212.60000000000582	64
212.60000000000582	15
212.60000000000582	27
212.60000000000582	21
213.3000000000029	91
213.40000000000146	72
213.40000000000146	50
213.40000000000146	7
213.40000000000146	42
213.40000000000146	2
213.5	14
213.70000000000437	37
214.5	6
214.5	19
214.60000000000582	78
214.70000000000437	59
214.70000000000437	49
215.0	74
215.0	57
215.10000000000582	72
215.5	16
215.5	1
215.5	26
215.70000000000437	28
216.10000000000582	50
216.10000000000582	15
216.3000000000029	91
216.3000000000029	64
216.40000000000146	2
216.5	21
216.60000000000582	14
216.70000000000437	27
217.0	88
217.0	7
217.10000000000582	42
217.3000000000029	72
218.0	37
217.90000000000146	49
218.3000000000029	5
218.5	23
218.5	25
218.5	59
218.60000000000582	6
218.60000000000582	69
218.70000000000437	19
219.20000000000437	74
218.90000000000146	57
219.10000000000582	16
219.60000000000582	72
219.70000000000437	15
220.70000000000437	26
219.90000000000146	1
219.90000000000146	50
219.90000000000146	2
220.10000000000582	28
220.10000000000582	64
220.5	14
220.5	21
220.60000000000582	91
221.0	7
221.0	27
221.3000000000029	8
221.3000000000029	42
222.10000000000582	49
222.3000000000029	72
221.90000000000146	37
222.3000000000029	59
222.5	16
222.60000000000582	74
222.60000000000582	52
222.70000000000437	6
222.90000000000146	57
223.0	19
223.3000000000029	15
223.3000000000029	50
223.5	2
223.90000000000146	64
224.10000000000582	72
224.20000000000437	1
224.3000000000029	26
224.5	21
224.5	14
224.5	28
225.70000000000437	91
224.90000000000146	62
224.90000000000146	7
225.3000000000029	27
225.5	42
225.70000000000437	49
226.5	16
226.5	72
226.60000000000582	57
226.60000000000582	59
226.60000000000582	37
226.70000000000437	74
226.90000000000146	15
226.90000000000146	50
226.90000000000146	6
227.0	2
227.40000000000146	19
227.60000000000582	64
228.40000000000146	14
229.0	28
229.0	7
229.0	1
229.0	72
229.10000000000582	21
229.20000000000437	91
229.3000000000029	26
229.70000000000437	77
229.70000000000437	16
229.70000000000437	42
229.70000000000437	49
229.70000000000437	27
230.5	59
230.10000000000582	37
230.3000000000029	74
230.40000000000146	57
230.5	15
230.70000000000437	50
230.70000000000437	2
231.3000000000029	72
231.20000000000437	6
231.40000000000146	64
231.5	19
232.20000000000437	14
232.40000000000146	21
232.70000000000437	33
233.70000000000437	1
232.90000000000146	7
233.10000000000582	16
233.10000000000582	72
233.10000000000582	26
233.3000000000029	28
233.40000000000146	91
233.60000000000582	49
233.70000000000437	59
234.20000000000437	42
234.10000000000582	27
234.10000000000582	50
234.10000000000582	2
234.10000000000582	74
234.20000000000437	15
234.20000000000437	37
234.20000000000437	57
234.5	70
235.3000000000029	64
235.3000000000029	72
235.40000000000146	63
235.40000000000146	6
236.20000000000437	19
236.10000000000582	85
236.10000000000582	14
236.20000000000437	55
236.20000000000437	89
236.20000000000437	40
236.40000000000146	21
236.60000000000582	16
237.5	7
237.20000000000437	1
237.40000000000146	59
237.60000000000582	72
237.60000000000582	49
237.60000000000582	26
237.70000000000437	91
237.70000000000437	28
237.70000000000437	15
237.70000000000437	50
237.70000000000437	2
238.0	42
238.0	74
238.10000000000582	57
238.3000000000029	37
238.3000000000029	3
238.60000000000582	27
238.60000000000582	32
239.0	64
239.70000000000437	6
240.3000000000029	72
240.0	19
240.0	14
240.20000000000437	16
240.3000000000029	46
240.3000000000029	21
240.40000000000146	55
240.90000000000146	7
241.40000000000146	49
241.40000000000146	50
241.40000000000146	59
241.40000000000146	2
241.40000000000146	15
241.60000000000582	1
242.20000000000437	74
242.20000000000437	42
242.20000000000437	91
242.20000000000437	72
242.20000000000437	28
242.20000000000437	71
242.20000000000437	26
242.20000000000437	57
243.3000000000029	27
243.3000000000029	35
243.40000000000146	37
243.40000000000146	51
243.40000000000146	64
243.60000000000582	47
244.0	14
244.0	6
244.0	16
244.20000000000437	94
244.20000000000437	19
244.3000000000029	21
244.3000000000029	72
244.40000000000146	55
245.3000000000029	50
245.3000000000029	11
245.3000000000029	15
245.3000000000029	2
245.3000000000029	49
245.3000000000029	22
245.3000000000029	59
245.3000000000029	7
245.60000000000582	74
246.0	1
246.0	57
246.3000000000029	91
246.3000000000029	42
246.40000000000146	26
246.5	37
246.5	64
246.5	72
246.60000000000582	90
246.60000000000582	28
246.90000000000146	56
247.10000000000582	27
247.20000000000437	16
247.3000000000029	61
248.20000000000437	14
248.20000000000437	6
248.3000000000029	21
248.40000000000146	2
248.5	50
248.5	55
248.5	15
248.60000000000582	19
248.70000000000437	7
248.70000000000437	59
249.20000000000437	97
249.20000000000437	72
249.10000000000582	36
249.20000000000437	49
249.5	74
249.60000000000582	57
250.20000000000437	1
250.3000000000029	64
250.5	42
250.60000000000582	37
250.60000000000582	91
250.70000000000437	16
251.40000000000146	17
250.90000000000146	26
250.90000000000146	28
251.10000000000582	72
251.5	27
251.70000000000437	14
251.70000000000437	99
252.0	2
252.10000000000582	50
252.20000000000437	15
252.20000000000437	45
252.20000000000437	21
252.5	6
252.60000000000582	59
252.70000000000437	7
252.90000000000146	19
252.90000000000146	55
253.3000000000029	49
253.3000000000029	74
253.3000000000029	72
253.5	57
254.0	64
254.20000000000437	80
254.20000000000437	16
254.70000000000437	42
254.70000000000437	1
255.40000000000146	37
254.90000000000146	91
255.3000000000029	26
255.40000000000146	28
255.40000000000146	2
255.5	72
255.60000000000582	14
255.70000000000437	50
255.90000000000146	15
256.3000000000029	65
255.90000000000146	27
256.3000000000029	21
256.3000000000029	59
256.40000000000146	78
256.6000000000058	55
256.70000000000437	7
257.3000000000029	6
257.3000000000029	57
257.40000000000146	74
258.3000000000029	19
258.3000000000029	49
258.3000000000029	64
258.40000000000146	16
258.40000000000146	72
258.70000000000437	87
259.0	42
259.20000000000437	37
259.0	1
259.1000000000058	91
259.1000000000058	2
259.3000000000029	50
259.40000000000146	15
259.5	14
260.20000000000437	65
260.20000000000437	72
260.20000000000437	21
260.20000000000437	26
260.20000000000437	28
260.20000000000437	59
260.20000000000437	27
260.6000000000058	7
260.6000000000058	55
261.0	74
261.0	6
261.1000000000058	69
261.20000000000437	49
261.3000000000029	19
261.3000000000029	57
261.3000000000029	16
261.6000000000058	64
262.3000000000029	72
262.5	2
262.90000000000146	37
262.90000000000146	50
262.90000000000146	42
263.1000000000058	15
263.3000000000029	1
263.40000000000146	91
263.5	14
263.90000000000146	59
264.1000000000058	21
264.1000000000058	26
264.20000000000437	28
264.20000000000437	65
264.6000000000058	27
264.6000000000058	72
264.6000000000058	7
264.70000000000437	55
265.3000000000029	16
264.90000000000146	74
264.90000000000146	57
265.0	49
265.20000000000437	6
265.3000000000029	98
265.5	64
265.6000000000058	19
266.1000000000058	2
266.5	50
266.6000000000058	15
266.90000000000146	72
267.0	37
267.20000000000437	42
267.3000000000029	14
267.6000000000058	31
267.70000000000437	1
267.70000000000437	91
268.3000000000029	59
268.0	39
268.1000000000058	21
268.3000000000029	16
268.3000000000029	65
268.5	7
268.6000000000058	28
268.6000000000058	26
268.70000000000437	74
268.70000000000437	55
269.40000000000146	49
269.6000000000058	57
268.90000000000146	27
269.0	72
269.1000000000058	64
269.5	6
269.6000000000058	100
269.6000000000058	2
269.90000000000146	19
270.1000000000058	50
270.20000000000437	15
271.1000000000058	37
271.20000000000437	14
271.3000000000029	42
271.3000000000029	72
271.40000000000146	59
271.70000000000437	92
271.90000000000146	16
271.90000000000146	48
271.90000000000146	1
272.0	91
272.0	13
272.1000000000058	21
273.0	55
273.1000000000058	74
273.1000000000058	65
273.1000000000058	7
273.1000000000058	26
273.1000000000058	28
273.1000000000058	57
273.1000000000058	64
273.20000000000437	67
273.20000000000437	2
273.20000000000437	49
273.3000000000029	27
273.90000000000146	50
274.1000000000058	6
274.1000000000058	24
274.1000000000058	72
274.40000000000146	15
274.70000000000437	19
274.70000000000437	20
275.1000000000058	14
275.20000000000437	59
275.3000000000029	37
275.40000000000146	16
275.40000000000146	42
275.40000000000146	70
276.0	41
276.0	72
276.1000000000058	21
276.20000000000437	91
276.3000000000029	74
276.40000000000146	1
276.5	57
276.5	7
276.6000000000058	49
276.70000000000437	2
276.70000000000437	64
277.1000000000058	65
277.6000000000058	55
277.70000000000437	81
277.1000000000058	34
277.3000000000029	50
277.3000000000029	85
277.40000000000146	15
277.40000000000146	26
277.40000000000146	28
277.70000000000437	27
278.0	6
278.0	72
278.40000000000146	19
278.70000000000437	9
278.90000000000146	16
279.0	59
279.1000000000058	14
279.3000000000029	37
279.6000000000058	42
280.3000000000029	54
280.1000000000058	21
280.1000000000058	74
280.3000000000029	2
280.3000000000029	72
280.3000000000029	57
280.40000000000146	7
280.5	64
280.6000000000058	49
280.6000000000058	91
280.6000000000058	1
280.90000000000146	50
280.90000000000146	65
280.90000000000146	55
281.0	15
282.6000000000058	28
281.90000000000146	26
282.1000000000058	27
282.3000000000029	6
282.40000000000146	16
282.5	19
282.5	72
283.6000000000058	59
283.0	71
282.90000000000146	14
283.40000000000146	37
284.0	51
283.90000000000146	42
283.90000000000146	2
284.0	21
284.1000000000058	57
284.20000000000437	74
284.3000000000029	64
284.40000000000146	18
284.40000000000146	7
284.5	50
284.5	49
284.6000000000058	15
284.90000000000146	72
284.90000000000146	91
284.90000000000146	55
285.0	1
285.1000000000058	65
286.0	30
286.0	16
286.20000000000437	28
286.3000000000029	26
286.40000000000146	27
286.5	6
286.5	59
287.0	19
287.40000000000146	4
287.5	14
287.0	72
287.0	12
288.0	2
288.0	74
288.0	37
288.0	57
288.0	43
288.0	64
288.0	42
288.0	21
288.1000000000058	50
289.1000000000058	15
289.1000000000058	55
289.1000000000058	10
289.20000000000437	91
289.20000000000437	49
289.20000000000437	7
289.20000000000437	65
289.3000000000029	72
289.40000000000146	1
289.5	16
289.70000000000437	38
290.3000000000029	59
290.90000000000146	26
290.90000000000146	14
290.90000000000146	4
290.90000000000146	2
290.90000000000146	6
290.90000000000146	28
291.90000000000146	37
291.90000000000146	27
291.90000000000146	72
291.90000000000146	15
291.90000000000146	74
291.90000000000146	50
291.90000000000146	21
291.90000000000146	19
291.90000000000146	57
292.0	64
292.1000000000058	42
292.3000000000029	7
292.3000000000029	49
293.1000000000058	16
293.1000000000058	55
294.0	1
294.1000000000058	72
294.20000000000437	91
294.40000000000146	59
294.5	2
294.5	4
294.6000000000058	14
295.0	28
295.1000000000058	6
295.1000000000058	27
295.1000000000058	26
295.3000000000029	50
295.3000000000029	19
295.40000000000146	74
295.5	15
295.5	64
295.6000000000058	57
295.70000000000437	37
295.90000000000146	21
296.0	72
296.0	99
296.20000000000437	42
296.20000000000437	49
296.3000000000029	7
296.5	16
297.1000000000058	55
297.6000000000058	91
297.90000000000146	59
298.0	78
298.1000000000058	1
298.1000000000058	2
298.3000000000029	4
298.3000000000029	72
298.6000000000058	14
298.90000000000146	50
299.1000000000058	15
299.3000000000029	6
299.3000000000029	74
299.3000000000029	64
299.40000000000146	28
299.5	27
299.5	19
299.5	57
299.6000000000058	26
300.40000000000146	37
300.5	21
300.1000000000058	16
300.20000000000437	49
300.3000000000029	99
300.3000000000029	7
300.40000000000146	42
300.5	72
301.1000000000058	55
301.6000000000058	2
301.70000000000437	59
301.90000000000146	91
302.1000000000058	4
302.1000000000058	78
302.40000000000146	1
302.40000000000146	14
302.40000000000146	50
302.70000000000437	15
303.1000000000058	72
303.1000000000058	64
303.1000000000058	74
303.3000000000029	57
303.6000000000058	6
303.6000000000058	16
304.20000000000437	19
304.3000000000029	28
304.6000000000058	27
303.90000000000146	21
303.90000000000146	37
304.0	26
304.20000000000437	7
305.1000000000058	42
305.3000000000029	8
305.6000000000058	72
305.6000000000058	59
305.6000000000058	49
305.70000000000437	55
305.70000000000437	2
305.90000000000146	4
306.0	50
306.20000000000437	91
306.5	15
306.70000000000437	14
306.70000000000437	1
306.90000000000146	64
306.90000000000146	74
307.1000000000058	16
307.20000000000437	57
307.6000000000058	72
308.3000000000029	7
308.3000000000029	28
308.3000000000029	49
308.40000000000146	21
308.40000000000146	37
308.40000000000146	27
308.40000000000146	6
308.40000000000146	19
308.40000000000146	26
308.40000000000146	83
308.70000000000437	2
308.70000000000437	42
309.3000000000029	55
309.3000000000029	59
309.5	72
309.6000000000058	50
310.0	4
310.70000000000437	84
309.90000000000146	15
310.40000000000146	14
310.5	91
310.70000000000437	64
311.1000000000058	16
310.90000000000146	74
311.0	57
311.20000000000437	77
311.20000000000437	1
311.6000000000058	39
311.70000000000437	21
312.70000000000437	72
312.0	49
312.1000000000058	37
312.1000000000058	6
312.1000000000058	7
312.20000000000437	2
312.3000000000029	100
312.3000000000029	19
312.6000000000058	27
312.6000000000058	28
312.70000000000437	48
312.90000000000146	26
312.90000000000146	42
313.0	59
313.20000000000437	50
313.40000000000146	55
313.5	15
313.5	4
314.0	72
314.1000000000058	66
314.20000000000437	16
314.3000000000029	14
314.40000000000146	53
314.5	64
315.0	91
315.1000000000058	74
315.70000000000437	57
315.40000000000146	1
315.70000000000437	21
316.20000000000437	2
316.6000000000058	49
316.1000000000058	7
316.20000000000437	37
316.3000000000029	72
316.3000000000029	6
316.6000000000058	19
317.20000000000437	59
317.70000000000437	50
316.90000000000146	27
317.0	81
317.0	28
317.0	42
317.20000000000437	15
317.3000000000029	26
317.3000000000029	55
317.3000000000029	4
317.70000000000437	16
318.0	14
318.20000000000437	64
318.40000000000146	74
318.5	72
318.70000000000437	57
319.1000000000058	91
319.3000000000029	2
319.40000000000146	34
319.70000000000437	1
319.90000000000146	49
320.70000000000437	21
320.1000000000058	7
320.3000000000029	37
320.40000000000146	50
320.6000000000058	59
320.6000000000058	6
321.40000000000146	27
321.40000000000146	15
321.40000000000146	19
321.40000000000146	42
321.40000000000146	9
321.40000000000146	4
321.40000000000146	28
321.40000000000146	72
321.5	16
321.5	73
321.90000000000146	14
321.90000000000146	64
322.0	26
322.0	55
322.3000000000029	74
322.5	57
322.70000000000437	32
322.90000000000146	2
323.1000000000058	72
323.1000000000058	35
323.3000000000029	91
323.6000000000058	21
323.70000000000437	49
324.0	7
324.0	50
324.1000000000058	1
324.1000000000058	46
324.40000000000146	59
324.40000000000146	37
324.5	58
324.5	15
325.20000000000437	16
325.20000000000437	76
324.90000000000146	6
325.0	4
325.1000000000058	19
325.3000000000029	72
325.40000000000146	42
325.70000000000437	55
325.70000000000437	27
326.5	64
326.6000000000058	28
326.70000000000437	14
326.0	82
326.1000000000058	74
326.1000000000058	68
326.20000000000437	26
326.40000000000146	57
326.5	2
327.5	35
327.5	51
327.5	90
327.5	56
327.6000000000058	21
327.6000000000058	49
327.6000000000058	91
327.6000000000058	50
327.70000000000437	72
328.1000000000058	15
328.20000000000437	7
328.20000000000437	59
328.40000000000146	16
328.40000000000146	1
328.5	37
329.1000000000058	4
329.1000000000058	22
329.20000000000437	6
329.40000000000146	19
329.5	55
329.5	42
329.6000000000058	64
330.1000000000058	72
330.3000000000029	14
329.90000000000146	29
330.0	2
330.0	74
330.0	27
330.20000000000437	28
330.3000000000029	57
330.6000000000058	26
331.5	35
331.1000000000058	17
331.20000000000437	50
331.40000000000146	61
331.5	49
331.5	21
331.6000000000058	15
332.1000000000058	16
331.90000000000146	91
331.90000000000146	59
332.0	72
332.1000000000058	7
332.6000000000058	4
332.6000000000058	37
333.1000000000058	1
333.1000000000058	38
333.3000000000029	64
333.40000000000146	6
333.6000000000058	19
333.6000000000058	55
333.6000000000058	2
333.70000000000437	42
333.70000000000437	14
334.0	74
334.0	57
334.3000000000029	72
334.40000000000146	27
334.40000000000146	35
334.70000000000437	28
334.90000000000146	50
335.1000000000058	26
335.20000000000437	15
335.20000000000437	45
335.3000000000029	16
335.40000000000146	49
335.5	21
336.70000000000437	59
335.90000000000146	7
336.20000000000437	91
336.40000000000146	4
336.5	72
336.70000000000437	37
337.0	64
337.1000000000058	2
337.1000000000058	1
337.5	14
337.6000000000058	55
337.6000000000058	6
337.6000000000058	74
337.90000000000146	42
337.90000000000146	80
337.90000000000146	57
337.90000000000146	19
338.20000000000437	35
338.40000000000146	50
338.70000000000437	27
339.0	72
339.20000000000437	15
339.6000000000058	16
339.6000000000058	28
339.6000000000058	21
339.6000000000058	49
339.6000000000058	23
339.6000000000058	59
339.6000000000058	26
340.5	7
340.6000000000058	4
340.6000000000058	25
340.6000000000058	2
340.70000000000437	91
341.20000000000437	64
341.20000000000437	37
341.20000000000437	72
341.40000000000146	74
341.40000000000146	14
341.5	1
341.6000000000058	5
341.6000000000058	55
341.70000000000437	57
341.90000000000146	6
341.90000000000146	35
342.3000000000029	50
342.3000000000029	99
342.40000000000146	19
342.40000000000146	16
342.40000000000146	42
342.40000000000146	15
343.20000000000437	69
343.3000000000029	59
343.3000000000029	49
343.3000000000029	27
343.3000000000029	72
343.3000000000029	23
343.40000000000146	21
343.5	28
343.5	87
343.90000000000146	78
343.90000000000146	7
343.90000000000146	26
344.1000000000058	4
344.20000000000437	2
344.6000000000058	64
344.70000000000437	91
344.90000000000146	37
345.40000000000146	14
345.6000000000058	93
345.70000000000437	74
345.70000000000437	55
345.70000000000437	50
345.90000000000146	57
345.90000000000146	72
346.40000000000146	1
345.90000000000146	16
346.0	15
346.20000000000437	42
346.20000000000437	6
346.3000000000029	19
347.0	59
347.20000000000437	49
347.20000000000437	23
347.40000000000146	21
347.5	27
347.70000000000437	2
348.0	72
348.6000000000058	83
347.90000000000146	7
347.90000000000146	28
347.90000000000146	4
348.1000000000058	31
348.40000000000146	64
348.40000000000146	26
348.90000000000146	98
349.0	37
349.1000000000058	91
349.1000000000058	74
349.3000000000029	14
349.3000000000029	50
349.40000000000146	57
349.5	16
349.6000000000058	15
349.70000000000437	55
350.1000000000058	72
350.20000000000437	1
350.3000000000029	42
350.40000000000146	6
350.6000000000058	19
350.70000000000437	84
351.5	59
351.1000000000058	23
351.20000000000437	49
351.3000000000029	2
351.5	21
351.70000000000437	4
352.1000000000058	7
351.90000000000146	27
352.20000000000437	64
352.3000000000029	28
352.3000000000029	72
353.3000000000029	92
353.6000000000058	50
352.90000000000146	26
352.90000000000146	16
352.90000000000146	74
353.20000000000437	14
353.20000000000437	37
353.20000000000437	15
353.20000000000437	57
353.3000000000029	91
354.20000000000437	55
354.5	72
354.6000000000058	42
354.6000000000058	1
354.6000000000058	59
355.0	6
355.70000000000437	19
354.90000000000146	2
355.0	23
355.0	49
355.3000000000029	21
356.1000000000058	4
356.1000000000058	64
356.20000000000437	27
356.20000000000437	7
356.40000000000146	86
356.40000000000146	50
356.5	16
356.70000000000437	28
357.0	72
357.0	74
357.70000000000437	15
357.1000000000058	14
357.1000000000058	57
357.20000000000437	26
358.0	37
358.1000000000058	91
358.20000000000437	53
358.70000000000437	55
358.40000000000146	59
358.40000000000146	2
358.70000000000437	42
358.90000000000146	1
358.90000000000146	6
358.90000000000146	23
359.0	49
359.0	72
359.1000000000058	19
359.40000000000146	41
359.40000000000146	21
359.40000000000146	4
359.70000000000437	64
359.70000000000437	7
360.1000000000058	50
360.20000000000437	16
360.5	27
360.6000000000058	74
360.6000000000058	15
360.90000000000146	57
361.0	14
361.1000000000058	28
361.3000000000029	72
361.40000000000146	37
361.70000000000437	26
361.70000000000437	53
361.90000000000146	55
361.90000000000146	91
362.0	2
362.20000000000437	59
362.3000000000029	75
363.3000000000029	23
362.90000000000146	49
362.90000000000146	60
362.90000000000146	9
363.0	42
363.20000000000437	6
363.20000000000437	4
363.20000000000437	1
363.3000000000029	21
363.3000000000029	19
363.40000000000146	64
363.5	16
363.6000000000058	72
363.6000000000058	50
363.70000000000437	7
364.1000000000058	15
364.20000000000437	54
364.40000000000146	74
364.70000000000437	57
365.0	46
365.5	94
364.90000000000146	27
365.20000000000437	14
365.40000000000146	11
365.5	37
365.6000000000058	2
365.6000000000058	28
365.90000000000146	72
366.1000000000058	55
366.1000000000058	59
366.1000000000058	26
366.20000000000437	91
366.20000000000437	53
366.70000000000437	23
367.0	49
366.90000000000146	4
367.0	42
367.0	16
367.20000000000437	64
367.3000000000029	50
367.3000000000029	47
367.40000000000146	21
367.40000000000146	6
367.5	1
367.6000000000058	19
367.70000000000437	15
367.70000000000437	7
368.0	72
368.3000000000029	74
368.6000000000058	57
369.0	14
369.1000000000058	2
369.3000000000029	27
369.6000000000058	37
369.70000000000437	44
369.70000000000437	59
369.90000000000146	22
369.90000000000146	28
370.1000000000058	55
370.3000000000029	72
370.5	26
370.5	91
370.6000000000058	90
372.6000000000058	64
372.6000000000058	7
372.6000000000058	10
372.6000000000058	6
372.6000000000058	19
372.6000000000058	21
372.6000000000058	49
372.6000000000058	36
372.6000000000058	50
372.6000000000058	72
372.6000000000058	4
372.6000000000058	23
372.6000000000058	65
372.6000000000058	2
372.6000000000058	74
372.70000000000437	1
372.70000000000437	57
372.70000000000437	15
372.70000000000437	14
372.70000000000437	16
373.90000000000146	37
373.90000000000146	27
373.90000000000146	17
373.90000000000146	59
374.0	42
374.0	55
374.1000000000058	16
374.20000000000437	38
374.3000000000029	28
374.40000000000146	50
374.6000000000058	49
374.6000000000058	4
374.90000000000146	15
374.90000000000146	72
375.0	91
375.0	26
375.0	64
375.3000000000029	42
375.3000000000029	21
375.6000000000058	7
375.90000000000146	6
375.90000000000146	74
376.20000000000437	2
376.20000000000437	19
376.20000000000437	1
376.3000000000029	57
376.6000000000058	14
377.0	72
377.3000000000029	59
377.70000000000437	16
377.90000000000146	37
378.0	27
378.0	50
378.1000000000058	55
378.3000000000029	80
378.40000000000146	4
378.5	15
378.5	64
378.70000000000437	49
378.70000000000437	28
379.0	91
379.1000000000058	21
379.3000000000029	72
379.40000000000146	26
379.5	7
379.5	42
379.90000000000146	74
379.90000000000146	2
380.1000000000058	57
380.20000000000437	6
380.40000000000146	19
380.5	14
380.6000000000058	1
381.1000000000058	59
381.3000000000029	16
381.5	72
381.70000000000437	50
381.90000000000146	37
382.1000000000058	15
382.20000000000437	55
382.20000000000437	4
382.40000000000146	27
382.5	64
382.5	49
383.0	35
383.1000000000058	21
383.1000000000058	28
383.3000000000029	2
383.3000000000029	91
383.5	7
383.6000000000058	42
383.70000000000437	74
383.70000000000437	26
383.90000000000146	72
384.0	57
384.40000000000146	14
384.40000000000146	6
384.6000000000058	19
384.70000000000437	16
384.90000000000146	59
385.0	1
385.1000000000058	62
385.20000000000437	50
385.70000000000437	8
385.90000000000146	15
386.0	37
386.0	72
386.0	4
386.1000000000058	64
386.20000000000437	55
386.40000000000146	49
386.40000000000146	52
387.1000000000058	2
387.1000000000058	21
387.1000000000058	27
387.5	7
387.5	28
387.5	74
387.6000000000058	91
388.1000000000058	57
388.3000000000029	42
389.70000000000437	14
389.70000000000437	16
388.90000000000146	6
388.90000000000146	72
388.90000000000146	19
388.90000000000146	95
388.90000000000146	26
389.0	59
389.0	50
389.3000000000029	1
389.3000000000029	98
389.3000000000029	15
390.70000000000437	4
390.1000000000058	64
390.1000000000058	37
390.3000000000029	49
390.3000000000029	55
390.40000000000146	2
390.5	72
391.0	21
391.1000000000058	27
391.3000000000029	74
391.40000000000146	7
391.6000000000058	57
392.70000000000437	91
391.90000000000146	16
391.90000000000146	28
392.0	42
392.20000000000437	14
392.40000000000146	50
392.5	59
392.6000000000058	26
392.90000000000146	100
392.90000000000146	72
393.0	15
393.0	6
393.20000000000437	19
393.6000000000058	1
393.70000000000437	4
393.70000000000437	64
393.70000000000437	67
394.20000000000437	37
394.20000000000437	2
394.20000000000437	49
394.3000000000029	55
394.3000000000029	33
395.0	48
395.0	21
395.1000000000058	72
395.20000000000437	74
395.3000000000029	16
395.40000000000146	7
395.40000000000146	27
395.5	57
396.0	50
396.1000000000058	24
396.1000000000058	91
396.1000000000058	42
396.1000000000058	14
396.20000000000437	59
396.40000000000146	28
396.6000000000058	20
396.6000000000058	15
397.0	26
397.20000000000437	6
397.3000000000029	72
397.40000000000146	19
397.40000000000146	64
397.5	2
397.5	4
397.5	40
398.0	1
398.0	89
398.1000000000058	49
398.3000000000029	37
398.40000000000146	55
398.90000000000146	16
398.90000000000146	70
398.90000000000146	74
399.20000000000437	21
399.3000000000029	57
399.40000000000146	7
399.5	63
399.6000000000058	72
399.70000000000437	50
400.1000000000058	27
399.90000000000146	85
400.0	59
400.1000000000058	14
400.20000000000437	15
400.3000000000029	42
401.0	2
401.0	28
401.1000000000058	86
401.1000000000058	91
401.1000000000058	79
402.70000000000437	64
402.70000000000437	6
402.70000000000437	72
402.70000000000437	55
402.70000000000437	37
403.40000000000146	73
403.70000000000437	19
402.90000000000146	74
402.90000000000146	4
402.90000000000146	21
402.90000000000146	26
403.0	1
403.6000000000058	7
403.6000000000058	16
403.6000000000058	57
403.6000000000058	50
404.40000000000146	27
404.40000000000146	49
404.40000000000146	14
404.40000000000146	59
404.40000000000146	72
404.40000000000146	15
404.5	42
404.6000000000058	2
404.6000000000058	32
404.70000000000437	91
404.90000000000146	64
405.3000000000029	4
405.40000000000146	9
405.40000000000146	28
405.90000000000146	6
405.90000000000146	16
405.90000000000146	19
406.0	26
406.0	49
406.5	53
406.5	72
406.5	37
406.6000000000058	74
406.6000000000058	68
406.6000000000058	1
407.5	55
407.5	50
406.90000000000146	21
407.0	57
407.3000000000029	7
407.40000000000146	15
407.5	59
408.1000000000058	11
407.90000000000146	14
408.1000000000058	2
408.5	43
408.5	72
408.5	27
408.6000000000058	42
408.70000000000437	64
408.70000000000437	96
408.90000000000146	18
408.90000000000146	4
409.0	30
409.0	91
409.3000000000029	16
409.5	56
409.5	28
409.90000000000146	49
410.0	6
410.1000000000058	19
410.3000000000029	26
410.40000000000146	50
410.40000000000146	74
410.5	55
410.6000000000058	37
411.40000000000146	57
411.40000000000146	72
410.90000000000146	97
411.0	21
411.1000000000058	1
411.1000000000058	15
411.20000000000437	7
411.3000000000029	59
411.70000000000437	2
411.70000000000437	14
412.0	44
412.5	64
412.70000000000437	4
412.90000000000146	16
412.90000000000146	27
412.90000000000146	42
413.1000000000058	72
413.3000000000029	91
414.3000000000029	49
414.0	28
414.1000000000058	50
414.3000000000029	6
414.3000000000029	74
414.5	19
414.5	55
414.70000000000437	57
414.70000000000437	15
414.70000000000437	37
414.70000000000437	26
414.90000000000146	21
415.1000000000058	59
415.20000000000437	7
415.20000000000437	2
415.3000000000029	1
415.40000000000146	72
415.6000000000058	14
416.0	45
416.70000000000437	64
416.70000000000437	16
417.6000000000058	72
417.6000000000058	50
417.70000000000437	27
417.70000000000437	42
417.70000000000437	91
417.70000000000437	4
417.70000000000437	49
418.20000000000437	15
418.3000000000029	74
418.40000000000146	28
418.5	57
418.5	6
418.6000000000058	55
418.90000000000146	21
418.90000000000146	19
419.0	37
419.0	2
419.70000000000437	14
419.70000000000437	59
419.70000000000437	1
419.70000000000437	7
419.70000000000437	26
420.20000000000437	72
419.90000000000146	16
420.0	64
420.20000000000437	88
420.40000000000146	4
421.1000000000058	42
421.3000000000029	50
421.3000000000029	80
421.6000000000058	27
421.6000000000058	49
422.6000000000058	15
422.0	91
422.0	74
422.0	72
422.3000000000029	2
422.3000000000029	57
422.6000000000058	55
422.70000000000437	59
423.1000000000058	6
423.1000000000058	21
422.90000000000146	28
422.90000000000146	37
422.90000000000146	19
423.1000000000058	7
423.40000000000146	14
423.5	16
423.6000000000058	26
424.20000000000437	64
424.0	1
424.20000000000437	4
424.3000000000029	72
425.3000000000029	50
425.3000000000029	42
425.5	15
425.6000000000058	49
426.40000000000146	74
425.90000000000146	2
426.0	27
426.0	35
426.1000000000058	91
426.20000000000437	57
426.5	72
426.5	59
426.70000000000437	55
427.3000000000029	21
427.0	37
427.0	6
427.0	16
427.1000000000058	7
427.20000000000437	19
427.20000000000437	28
427.3000000000029	14
427.6000000000058	64
428.0	4
428.0	26
428.40000000000146	1
428.40000000000146	50
429.1000000000058	72
429.1000000000058	15
429.40000000000146	8
429.40000000000146	2
429.40000000000146	42
429.5	49
429.6000000000058	74
430.0	57
430.20000000000437	59
430.3000000000029	27
430.40000000000146	91
430.5	16
431.3000000000029	21
431.40000000000146	55
431.0	72
431.1000000000058	7
431.1000000000058	37
431.3000000000029	6
431.3000000000029	14
431.3000000000029	64
432.0	4
432.0	19
432.70000000000437	26
432.70000000000437	50
432.70000000000437	28
432.70000000000437	15
432.70000000000437	1
433.0	2
433.3000000000029	72
433.6000000000058	49
433.6000000000058	74
433.6000000000058	42
433.90000000000146	57
434.0	59
434.1000000000058	16
434.6000000000058	66
434.70000000000437	21
434.70000000000437	27
434.70000000000437	91
435.40000000000146	64
435.40000000000146	55
435.40000000000146	77
435.40000000000146	14
435.5	37
435.5	7
435.5	72
435.5	6
435.6000000000058	50
435.6000000000058	4
435.70000000000437	19
436.0	28
436.3000000000029	13
436.3000000000029	15
436.6000000000058	2
437.0	26
437.20000000000437	20
437.20000000000437	1
437.3000000000029	74
437.5	49
437.5	16
437.70000000000437	57
437.70000000000437	72
437.90000000000146	42
437.90000000000146	59
438.70000000000437	21
439.70000000000437	55
438.90000000000146	64
438.90000000000146	91
439.0	7
439.0	14
439.1000000000058	27
439.3000000000029	50
439.40000000000146	37
439.5	4
439.6000000000058	34
440.1000000000058	6
439.90000000000146	15
440.0	19
440.0	72
440.3000000000029	2
440.40000000000146	41
440.40000000000146	28
441.1000000000058	16
441.1000000000058	74
441.20000000000437	49
441.3000000000029	3
441.3000000000029	26
441.3000000000029	63
441.40000000000146	1
441.5	57
441.6000000000058	59
442.0	42
442.20000000000437	72
442.6000000000058	21
442.6000000000058	75
442.70000000000437	64
442.90000000000146	50
442.90000000000146	55
442.90000000000146	14
443.0	7
443.20000000000437	91
443.3000000000029	4
443.40000000000146	37
443.40000000000146	27
443.5	15
443.70000000000437	2
444.1000000000058	6
444.20000000000437	19
444.5	72
444.6000000000058	16
444.90000000000146	28
444.90000000000146	74
445.20000000000437	49
445.40000000000146	57
445.40000000000146	59
446.1000000000058	26
445.90000000000146	1
446.1000000000058	42
446.20000000000437	71
446.3000000000029	54
446.40000000000146	50
446.40000000000146	64
446.5	21
446.70000000000437	72
446.90000000000146	14
446.90000000000146	7
447.0	55
447.1000000000058	4
447.1000000000058	15
447.70000000000437	32
447.70000000000437	91
447.70000000000437	2
447.70000000000437	37
448.40000000000146	6
448.40000000000146	16
448.40000000000146	27
448.40000000000146	19
448.40000000000146	11
448.5	76
448.70000000000437	46
449.1000000000058	74
449.0	72
449.1000000000058	49
449.1000000000058	30
449.1000000000058	59
449.20000000000437	28
449.20000000000437	57
449.3000000000029	53
450.0	50
450.70000000000437	42
450.70000000000437	18
450.70000000000437	21
451.3000000000029	2
451.6000000000058	15
450.90000000000146	1
450.90000000000146	26
451.6000000000058	64
450.90000000000146	7
450.90000000000146	14
450.90000000000146	4
451.0	55
451.1000000000058	90
451.20000000000437	72
451.70000000000437	16
451.70000000000437	37
451.90000000000146	91
452.20000000000437	27
452.40000000000146	23
452.6000000000058	74
452.6000000000058	6
452.70000000000437	19
452.90000000000146	59
453.0	29
453.0	49
453.0	57
453.5	72
453.70000000000437	50
453.70000000000437	28
454.0	64
454.3000000000029	65
454.40000000000146	15
454.40000000000146	2
454.40000000000146	42
454.40000000000146	1
454.5	21
454.6000000000058	26
454.6000000000058	14
454.70000000000437	4
455.70000000000437	7
455.1000000000058	55
455.20000000000437	16
456.40000000000146	37
455.90000000000146	72
456.1000000000058	91
456.5	74
456.5	27
456.70000000000437	59
456.90000000000146	6
456.90000000000146	57
456.90000000000146	49
456.90000000000146	19
457.0	38
457.20000000000437	50
457.70000000000437	64
458.5	2
457.90000000000146	15
458.0	72
458.0	28
458.5	21
458.5	65
458.5	4
458.6000000000058	42
458.6000000000058	14
458.70000000000437	16
459.20000000000437	1
458.90000000000146	7
459.0	26
459.70000000000437	55
460.40000000000146	37
460.20000000000437	72
460.3000000000029	74
460.40000000000146	91
460.5	59
460.70000000000437	57
461.5	49
460.90000000000146	50
460.90000000000146	27
461.1000000000058	6
461.20000000000437	19
461.40000000000146	2
461.5	64
461.6000000000058	15
461.70000000000437	80
462.70000000000437	4
462.70000000000437	16
462.70000000000437	72
462.70000000000437	65
462.70000000000437	28
463.5	7
463.5	55
463.5	1
463.6000000000058	42
463.6000000000058	26
463.6000000000058	25
463.6000000000058	21
463.70000000000437	14
464.3000000000029	37
464.3000000000029	59
464.3000000000029	74
464.40000000000146	50
465.1000000000058	57
465.1000000000058	2
465.1000000000058	91
465.20000000000437	15
465.20000000000437	27
465.20000000000437	49
465.20000000000437	72
465.3000000000029	64
465.40000000000146	19
465.40000000000146	6
466.20000000000437	16
466.3000000000029	4
466.3000000000029	14
466.3000000000029	99
466.40000000000146	21
466.70000000000437	7
467.3000000000029	65
467.40000000000146	28
466.90000000000146	42
467.0	72
467.3000000000029	55
467.5	1
468.0	50
468.0	37
468.0	26
468.0	74
468.20000000000437	59
468.40000000000146	57
468.5	2
468.70000000000437	49
468.90000000000146	15
468.90000000000146	91
469.1000000000058	64
469.20000000000437	72
469.3000000000029	16
469.6000000000058	27
469.6000000000058	6
469.70000000000437	19
470.40000000000146	95
470.0	4
470.20000000000437	14
470.40000000000146	21
471.5	7
471.0	65
471.1000000000058	42
471.20000000000437	28
471.3000000000029	55
471.5	31
471.6000000000058	72
471.6000000000058	50
472.1000000000058	74
472.5	59
471.90000000000146	1
472.0	2
472.1000000000058	37
472.3000000000029	57
472.3000000000029	26
472.40000000000146	15
472.6000000000058	49
472.90000000000146	98
473.6000000000058	64
473.70000000000437	16
473.20000000000437	84
473.3000000000029	91
473.70000000000437	72
474.70000000000437	6
473.90000000000146	4
473.90000000000146	27
473.90000000000146	19
474.1000000000058	14
474.3000000000029	21
474.70000000000437	7
475.20000000000437	65
475.20000000000437	42
475.3000000000029	50
475.3000000000029	55
475.6000000000058	2
475.6000000000058	74
475.6000000000058	92
475.6000000000058	59
476.40000000000146	100
475.90000000000146	28
476.0	15
476.0	72
476.1000000000058	57
476.20000000000437	37
476.20000000000437	1
476.3000000000029	16
476.5	49
476.70000000000437	64
476.70000000000437	48
477.3000000000029	66
477.40000000000146	33
477.40000000000146	24
478.1000000000058	91
478.20000000000437	4
478.20000000000437	19
478.20000000000437	6
478.20000000000437	26
478.20000000000437	14
478.20000000000437	72
478.3000000000029	21
478.3000000000029	27
478.6000000000058	7
479.1000000000058	50
479.20000000000437	2
479.20000000000437	81
479.3000000000029	65
479.40000000000146	55
479.40000000000146	59
479.40000000000146	42
479.40000000000146	74
480.0	57
480.0	28
480.1000000000058	15
480.20000000000437	16
481.6000000000058	49
481.70000000000437	72
480.90000000000146	1
480.90000000000146	64
480.90000000000146	37
481.1000000000058	89
481.20000000000437	26
481.40000000000146	4
481.70000000000437	86
481.90000000000146	14
481.90000000000146	91
482.6000000000058	19
482.6000000000058	34
482.6000000000058	21
482.6000000000058	6
482.6000000000058	50
482.6000000000058	7
482.6000000000058	27
482.70000000000437	2
482.70000000000437	72
483.20000000000437	59
483.20000000000437	74
483.3000000000029	15
483.40000000000146	55
483.40000000000146	16
483.5	42
483.6000000000058	65
484.40000000000146	57
484.1000000000058	64
484.3000000000029	49
484.40000000000146	28
484.5	37
484.90000000000146	1
485.1000000000058	72
485.20000000000437	4
485.5	9
485.70000000000437	26
485.90000000000146	14
486.0	50
486.0	91
486.20000000000437	21
486.20000000000437	2
486.6000000000058	7
486.6000000000058	60
486.6000000000058	6
486.70000000000437	19
487.40000000000146	15
486.90000000000146	16
487.0	59
487.1000000000058	74
487.1000000000058	27
487.1000000000058	51
487.20000000000437	72
487.5	55
487.5	82
487.70000000000437	58
487.70000000000437	65
487.70000000000437	42
487.90000000000146	94
487.90000000000146	57
487.90000000000146	64
488.3000000000029	49
488.5	37
489.70000000000437	28
488.90000000000146	76
489.1000000000058	4
489.20000000000437	1
489.5	72
489.6000000000058	50
489.70000000000437	14
490.0	2
490.1000000000058	26
490.20000000000437	21
490.3000000000029	91
490.40000000000146	16
490.40000000000146	15
490.5	7
491.20000000000437	59
490.90000000000146	6
490.90000000000146	74
491.0	19
491.40000000000146	27
491.5	57
491.5	55
491.70000000000437	64
491.90000000000146	72
491.90000000000146	42
491.90000000000146	65
492.20000000000437	49
492.5	22
492.6000000000058	37
492.90000000000146	4
493.20000000000437	50
493.20000000000437	10
494.40000000000146	2
494.6000000000058	14
494.6000000000058	1
494.6000000000058	28
494.5	26
494.5	15
494.5	7
494.5	29
494.5	72
494.5	21
494.5	16
494.6000000000058	17
494.6000000000058	59
494.6000000000058	91
494.70000000000437	74
495.1000000000058	6
495.20000000000437	19
495.3000000000029	57
495.5	64
495.6000000000058	55
495.70000000000437	27
496.0	42
496.1000000000058	49
496.20000000000437	72
497.0	50
497.1000000000058	37
497.3000000000029	4
497.3000000000029	2
497.5	16
497.6000000000058	14
497.6000000000058	15
497.70000000000437	28
497.90000000000146	1
498.1000000000058	21
498.3000000000029	59
498.5	72
498.6000000000058	74
498.90000000000146	91
498.90000000000146	26
499.0	45
499.1000000000058	57
499.20000000000437	64
499.40000000000146	6
499.5	19
499.6000000000058	55
500.20000000000437	27
500.20000000000437	42
500.20000000000437	49
500.40000000000146	2
500.40000000000146	50
500.5	4
500.70000000000437	72
501.6000000000058	37
501.0	16
501.3000000000029	15
501.5	14
502.1000000000058	28
502.20000000000437	1
502.40000000000146	74
503.0	57
503.0	72
503.1000000000058	64
503.20000000000437	91
503.70000000000437	55
503.70000000000437	19
503.70000000000437	6
503.90000000000146	49
504.0	50
504.0	2
504.3000000000029	4
504.40000000000146	42
504.40000000000146	87
504.5	27
504.5	16
504.90000000000146	15
504.90000000000146	37
505.20000000000437	72
505.40000000000146	14
506.20000000000437	69
506.5	28
506.6000000000058	1
506.90000000000146	52
506.90000000000146	64
506.90000000000146	57
507.5	91
507.5	72
507.6000000000058	50
507.70000000000437	55
508.70000000000437	49
508.0	19
508.0	16
508.1000000000058	4
508.70000000000437	42
509.20000000000437	62
509.40000000000146	27
508.90000000000146	15
509.0	37
509.3000000000029	14
509.70000000000437	72
511.1000000000058	57
511.1000000000058	28
511.1000000000058	64
511.20000000000437	50
511.6000000000058	16
511.70000000000437	91
512.5	55
512.0	49
512.0	4
512.0	72
512.1000000000058	15
512.6000000000058	39
512.6000000000058	19
512.7000000000044	42
513.3000000000029	95
513.1000000000058	37
514.2000000000044	72
514.4000000000015	64
514.5	57
514.9000000000015	50
515.3000000000029	28
515.7000000000044	15
515.9000000000015	4
515.9000000000015	55
516.0	91
516.5	72
516.5	19
516.9000000000015	42
517.2000000000044	37
518.3000000000029	57
518.4000000000015	50
518.7000000000044	72
519.3000000000029	15
519.9000000000015	55
520.3000000000029	91
520.7000000000044	19
521.0	72
521.1000000000058	42
522.0	50
522.1000000000058	57
522.9000000000015	15
523.2000000000044	72
524.0	55
525.6000000000058	91
525.2000000000044	42
525.5	72
525.6000000000058	50
526.6000000000058	57
526.6000000000058	15
527.7000000000044	72
528.0	55
528.9000000000015	91
529.0	47
529.3000000000029	42
530.5	57
530.0	72
530.1000000000058	15
532.0	61
532.0	55
532.3000000000029	72
533.2000000000044	91
533.5	42
533.7000000000044	57
533.7000000000044	15
534.5	72
536.5	55
537.1000000000058	72
537.4000000000015	91
537.5	57
539.6000000000058	72
540.1000000000058	55
541.7000000000044	72
541.7000000000044	57
541.7000000000044	91
543.6000000000058	72
544.2000000000044	55
545.2000000000044	57
545.7000000000044	72
546.0	91
546.1000000000058	78
548.3000000000029	55
549.0	57
550.3000000000029	91
552.3000000000029	55
552.9000000000015	57
556.3000000000029	55
556.7000000000044	57
560.4000000000015	55
560.5	57
564.4000000000015	57
564.4000000000015	55
568.2000000000044	57
568.5	55
572.1000000000058	57
573.4000000000015	55
576.0	57
576.6000000000058	55
579.7000000000044	57
580.6000000000058	55
583.6000000000058	57
584.7000000000044	55
587.4000000000015	57
589.5	55
591.2000000000044	57
592.9000000000015	55
595.1000000000058	57
597.4000000000015	55
598.9000000000015	57
600.9000000000015	55
602.9000000000015	57
605.2000000000044	55
606.6000000000058	57
609.0	55
610.4000000000015	57
613.1000000000058	55
614.3000000000029	57
617.4000000000015	55
618.3000000000029	57
621.3000000000029	55
622.0	57
625.2000000000044	55
626.2000000000044	57
629.2000000000044	55
629.6000000000058	57
640.9000000000015	20
