0	65
2	9
2	65
2	16
3	86
3	9
4	65
4	34
5	16
5	82
5	2
5	9
6	65
6	8
7	86
8	65
8	16
8	68
8	34
9	23
9	2
9	5
9	8
9	23
9	2
9	6
9	82
10	9
10	65
10	68
10	16
10	34
11	8
11	49
11	5
11	41
11	23
11	2
11	86
12	16
12	68
12	65
12	73
12	10
12	95
12	6
12	8
12	14
12	34
13	5
13	4
13	82
13	94
13	23
13	75
13	66
13	9
13	99
13	2
13	41
13	22
13	9
14	56
14	65
14	68
14	16
14	73
14	10
14	95
14	14
14	8
14	6
14	34
14	49
15	5
15	3
15	90
15	68
15	94
15	4
15	82
15	41
15	23
15	66
15	75
15	99
15	2
15	86
16	22
16	65
16	9
16	56
16	73
16	36
19	36
19	18
19	18
19	65
19	82
19	90
19	4
19	73
19	86
19	94
19	17
19	28
19	66
19	56
19	22
19	23
19	76
19	75
19	81
19	81
19	33
19	33
19	6
19	6
19	99
19	49
19	49
19	9
19	68
19	68
19	16
19	16
19	2
19	8
19	8
19	51
19	14
19	14
19	25
19	25
19	77
19	77
19	41
19	90
19	34
19	34
19	61
19	94
19	4
19	41
19	82
19	66
19	75
19	61
19	86
19	22
19	27
19	23
20	76
20	9
20	73
20	36
20	27
20	65
20	56
20	17
20	95
20	95
20	99
20	95
20	14
20	28
20	5
20	5
20	51
20	8
20	6
20	3
20	3
20	1
20	49
20	34
20	10
20	10
20	10
20	1
20	68
21	16
21	18
21	25
21	77
21	81
21	5
21	33
21	3
21	94
21	4
21	72
21	82
21	92
21	90
21	61
21	75
21	66
21	99
21	23
21	6
21	86
21	91
21	91
21	91
21	41
21	2
21	22
21	9
22	16
22	56
22	76
22	27
22	65
22	82
22	42
22	40
22	17
22	73
22	36
22	14
22	10
22	8
22	51
22	28
22	95
22	34
22	1
22	68
22	49
23	18
23	25
23	33
23	5
23	77
23	3
23	81
23	94
23	4
23	90
23	41
23	61
23	23
23	6
23	92
23	75
23	66
23	72
23	86
23	99
23	91
23	82
23	22
24	9
24	16
24	27
24	65
24	64
24	56
24	26
24	29
24	76
24	17
24	40
24	10
24	95
24	14
24	36
24	73
24	28
24	8
24	83
24	51
24	49
24	42
24	34
24	30
25	68
25	1
25	25
25	81
25	18
25	77
25	5
25	33
25	2
25	57
25	19
25	90
25	97
25	4
25	41
25	72
25	61
25	94
25	23
25	6
25	92
25	75
25	82
25	66
25	91
25	86
25	3
25	60
26	99
26	76
26	9
26	22
26	65
26	29
26	16
26	13
26	26
26	27
26	64
26	56
26	17
26	42
26	40
26	73
26	36
26	83
26	10
26	95
26	8
26	51
26	49
26	14
26	28
26	34
26	1
26	68
26	30
26	31
26	81
26	25
27	18
27	33
27	77
27	57
27	19
27	5
27	2
27	97
27	3
27	94
27	4
27	90
27	43
27	41
27	24
27	72
27	92
27	61
27	23
27	47
27	6
27	12
27	86
27	82
27	91
27	99
27	75
27	22
27	66
27	60
27	9
28	16
28	56
28	26
28	76
28	27
28	65
28	64
28	70
28	29
28	13
28	50
28	17
28	40
28	83
28	14
28	73
28	42
28	10
28	36
28	51
28	8
28	49
28	28
28	34
28	68
28	1
28	30
28	31
28	95
28	81
28	18
28	25
28	33
28	77
29	59
29	57
29	5
29	43
29	19
29	2
29	97
29	3
29	90
29	94
29	4
29	41
29	24
29	72
29	61
29	23
29	47
29	75
29	82
29	99
29	92
29	7
29	74
29	66
29	86
29	22
29	91
29	12
29	6
29	60
29	9
30	16
30	27
30	65
30	50
30	64
30	70
30	26
30	29
30	76
30	13
30	40
30	56
30	42
30	17
30	36
30	73
30	83
30	10
30	28
30	51
30	14
30	95
30	49
30	8
30	34
30	1
30	68
30	30
30	31
30	81
30	18
30	25
31	77
31	59
31	5
31	19
31	43
31	90
31	57
31	2
31	97
31	41
31	4
31	33
31	24
31	3
31	94
31	92
31	12
31	75
31	66
31	99
31	72
31	82
31	61
31	86
31	23
31	47
31	7
31	91
31	22
31	9
31	6
31	60
32	16
32	76
32	74
32	27
32	65
32	50
32	70
32	40
32	14
32	13
32	83
32	2
32	34
32	51
32	73
32	10
32	36
32	8
32	42
32	30
32	1
33	23
33	59
33	61
33	29
33	82
33	47
34	81
34	72
34	74
34	18
34	12
34	33
34	99
34	60
34	86
34	94
34	22
34	75
34	19
34	24
34	41
34	2
34	9
34	91
34	80
34	97
34	92
34	56
34	28
34	95
34	76
34	3
34	27
34	90
34	65
34	66
34	31
34	26
34	5
34	64
34	68
34	64
34	29
34	7
34	17
34	16
34	43
34	70
34	26
34	56
34	4
34	50
34	13
34	57
34	49
34	77
34	17
34	40
34	25
34	6
34	73
34	10
34	95
34	14
34	36
34	28
34	83
34	8
34	51
34	42
34	49
35	81
35	59
35	33
35	77
35	34
35	57
35	68
35	19
35	30
35	43
35	25
35	31
35	92
35	99
35	82
35	80
35	5
35	47
35	60
35	12
35	86
35	72
35	24
35	21
35	75
35	61
35	94
35	23
35	2
35	91
35	41
35	22
35	74
36	9
36	6
36	3
36	90
36	4
36	1
36	16
36	76
36	27
36	29
36	70
36	56
36	13
36	26
36	7
36	17
36	66
36	42
36	10
36	95
36	64
36	40
36	73
36	8
36	65
36	50
36	28
36	97
36	36
36	14
36	51
36	34
36	49
36	68
36	1
36	30
36	31
37	83
37	81
37	59
37	33
37	77
37	18
37	18
37	5
37	57
37	25
37	43
37	19
37	21
37	3
37	90
37	97
37	94
37	4
37	24
37	61
37	23
37	92
37	41
37	72
37	12
37	69
37	75
37	66
37	99
37	82
37	80
37	2
37	47
37	91
37	7
37	74
37	22
37	9
37	86
38	60
38	6
38	16
38	76
38	27
38	65
38	70
38	26
38	56
38	50
38	64
38	29
38	13
38	17
38	42
38	36
38	73
38	83
38	10
38	95
38	40
38	14
38	28
38	51
38	8
38	49
38	68
38	31
38	34
38	1
38	30
38	18
38	25
39	59
39	33
39	81
39	19
39	5
39	43
39	21
39	97
39	3
39	94
39	90
39	4
39	41
39	72
39	24
39	69
39	57
39	92
39	12
39	75
39	66
39	6
39	61
39	99
39	82
39	47
39	23
39	74
39	91
39	2
39	22
39	86
39	80
39	7
39	60
39	9
40	76
40	65
40	27
40	50
40	70
40	16
40	77
40	26
40	64
40	29
40	13
40	56
40	42
40	40
40	17
40	36
40	73
40	83
40	10
40	95
40	28
40	51
40	14
40	8
40	49
40	34
40	68
40	1
40	30
40	31
40	81
41	25
41	18
41	59
41	33
41	77
41	5
41	21
41	3
41	90
41	19
41	97
41	41
41	35
41	24
41	57
41	94
41	4
41	43
41	92
41	72
41	12
41	69
41	61
41	47
41	6
41	80
41	2
41	75
41	66
41	23
41	86
41	74
41	99
41	22
41	7
41	82
41	60
42	9
42	76
42	91
42	27
42	65
42	16
42	50
42	70
42	56
42	64
42	26
42	29
42	13
42	79
42	17
42	40
42	42
42	10
42	95
42	51
42	14
42	36
42	28
42	73
42	83
42	8
42	49
42	34
42	31
42	1
42	68
42	30
42	77
43	81
43	25
43	18
43	5
43	59
43	33
43	57
43	43
43	19
43	21
43	97
43	3
43	90
43	94
43	4
43	41
43	35
43	72
43	24
43	69
43	92
43	23
43	12
43	75
43	66
43	61
43	99
43	82
43	47
43	6
43	80
43	2
43	86
43	91
43	22
43	7
43	60
44	76
44	9
44	27
44	16
44	64
44	70
44	29
44	74
44	56
44	50
44	26
44	13
44	65
44	79
44	17
44	40
44	36
44	10
44	95
44	14
44	73
44	83
44	51
44	8
44	42
44	28
44	49
44	68
44	31
44	30
44	18
44	25
45	81
45	34
45	59
45	33
45	19
45	57
45	77
45	43
45	1
45	5
45	21
45	97
45	3
45	90
45	46
45	41
45	35
45	24
45	72
45	94
45	4
45	69
45	92
45	12
45	61
45	23
45	75
45	66
45	91
45	74
45	82
45	47
45	80
45	84
45	2
45	99
45	86
45	22
45	7
45	60
45	9
46	16
46	27
46	65
46	50
46	70
46	6
46	76
46	29
46	13
46	79
46	26
46	56
46	17
46	64
46	40
46	42
46	100
46	95
46	14
46	73
46	10
46	28
46	8
46	51
46	36
46	83
46	49
46	34
46	68
46	31
46	30
46	81
46	25
46	18
47	59
47	1
47	77
47	5
47	19
47	33
47	43
47	57
47	21
47	97
47	3
47	94
47	4
47	90
47	41
47	35
47	24
48	91
48	86
48	64
48	6
48	67
48	12
48	69
48	99
48	66
48	50
48	75
48	61
48	65
48	46
48	84
48	16
48	70
48	9
49	56
49	34
49	80
49	27
49	82
49	2
49	30
49	79
49	7
49	49
49	42
49	36
49	40
49	51
49	59
49	72
49	95
49	5
49	92
49	57
49	31
49	43
49	22
49	77
49	8
49	100
49	28
49	74
49	58
49	73
49	68
49	33
49	83
49	60
49	13
49	10
49	81
49	1
49	25
49	97
49	14
49	29
49	3
49	90
49	46
49	18
49	21
49	17
49	76
49	94
49	41
49	19
49	35
49	72
49	23
49	69
49	4
49	92
49	26
49	12
49	61
49	23
49	6
49	75
49	66
49	99
49	82
49	80
49	2
49	67
49	86
49	7
49	74
49	91
49	24
49	84
49	47
49	47
49	22
49	60
49	9
50	96
50	16
50	76
50	27
50	65
50	50
50	70
50	56
50	26
50	64
50	29
50	13
50	79
50	17
50	42
50	36
50	95
50	14
50	40
50	100
50	73
50	10
50	83
50	8
50	28
50	51
51	5
51	59
51	81
51	30
51	25
51	33
51	68
51	4
51	86
51	2
51	19
51	3
51	57
51	24
51	94
51	35
51	34
51	47
51	12
51	91
51	69
51	99
51	31
51	9
51	74
51	21
52	75
52	72
52	23
52	43
52	61
52	65
52	64
52	70
52	84
52	67
52	17
52	46
52	100
52	28
52	83
52	26
52	27
52	10
52	31
53	92
53	51
53	59
53	68
53	33
53	34
53	36
53	79
53	66
53	80
53	19
53	60
53	40
53	8
53	95
53	49
53	49
53	57
53	43
53	13
53	96
53	82
53	5
53	90
53	90
53	46
53	77
53	77
53	30
53	24
53	7
53	3
53	58
53	58
53	94
53	29
53	25
53	21
53	72
53	42
53	50
53	69
53	1
53	1
53	61
53	47
53	41
53	41
53	56
53	6
53	6
53	92
53	23
53	66
53	82
53	76
53	75
53	2
53	73
53	80
53	67
53	22
53	35
53	86
53	99
53	14
53	81
53	84
53	7
53	74
53	91
53	97
53	97
53	22
53	12
53	18
53	18
53	4
54	60
54	96
54	16
54	76
54	9
54	27
54	56
54	26
54	29
54	65
54	64
54	50
54	70
54	16
54	13
54	79
54	17
54	40
54	42
54	36
54	100
54	73
54	83
54	10
54	95
54	14
54	51
54	28
54	98
54	8
54	34
54	68
54	49
54	31
54	18
54	81
54	52
54	33
54	1
55	77
55	30
55	5
55	59
55	57
55	43
55	19
55	58
55	25
55	21
55	97
55	3
55	90
55	46
55	94
55	4
55	35
55	87
55	41
55	72
55	24
55	12
55	69
55	61
55	23
55	6
55	47
55	75
55	66
55	82
55	92
55	54
55	67
55	80
55	7
55	44
55	74
55	86
55	99
55	91
55	22
55	84
55	2
55	60
55	9
56	96
56	76
56	70
56	26
56	29
56	27
56	65
56	64
56	50
56	13
56	79
56	48
56	17
56	40
56	42
56	10
56	56
56	36
56	73
56	14
56	98
56	28
56	16
56	51
56	71
56	95
56	100
56	83
56	8
56	34
56	68
56	49
56	30
56	31
56	81
56	25
56	18
57	52
57	33
57	1
57	5
57	59
57	57
57	19
57	77
57	43
57	58
57	21
57	97
57	3
57	90
57	46
57	41
57	35
57	24
57	94
57	4
57	72
57	12
57	66
57	61
57	99
57	82
57	6
57	47
57	87
57	2
57	92
57	23
57	74
57	54
57	80
57	84
57	44
57	22
57	86
57	91
57	69
58	60
58	96
58	76
58	27
58	16
58	65
58	67
58	50
58	56
58	26
58	64
58	29
58	75
58	7
58	9
58	70
58	79
58	13
58	48
58	17
58	42
58	36
58	100
58	83
58	73
58	10
58	95
58	14
58	98
58	63
58	28
58	51
58	40
58	8
58	71
58	49
58	34
58	68
58	1
58	30
58	81
58	18
58	25
59	31
59	59
59	52
59	33
59	5
59	57
59	77
59	19
59	43
59	21
59	58
59	97
59	3
59	90
59	46
59	94
59	4
59	41
59	35
59	24
59	72
59	69
59	87
59	12
59	61
59	6
59	47
59	92
59	78
59	23
59	99
59	82
59	2
59	93
59	54
59	75
59	66
59	86
59	91
59	80
59	22
59	84
59	7
59	60
59	9
59	74
60	44
60	67
60	96
60	76
60	27
60	16
60	65
60	70
60	64
60	26
60	56
60	29
60	50
60	13
60	48
60	17
60	40
60	42
60	79
60	36
60	100
60	83
60	73
60	98
60	10
60	63
60	14
60	51
60	8
60	71
60	28
60	95
60	49
60	68
60	34
60	1
60	30
60	33
61	81
61	5
61	18
61	59
61	52
61	25
61	77
61	57
61	19
61	21
61	43
61	97
61	3
61	90
61	31
61	94
61	4
61	58
61	41
61	35
61	46
61	72
61	24
61	69
61	12
61	78
61	87
61	61
61	47
61	23
61	75
61	54
61	92
61	67
61	66
61	99
61	82
61	86
61	2
61	6
61	93
61	7
61	44
61	74
61	91
61	22
61	84
61	60
61	9
62	16
62	76
62	27
62	26
62	96
62	29
62	65
62	50
62	70
62	56
62	64
62	13
62	79
62	80
62	48
62	40
62	42
62	17
62	36
62	100
62	83
62	73
62	14
62	98
62	8
62	71
62	10
62	28
62	95
62	51
62	63
62	49
62	68
62	31
62	81
62	18
62	25
62	52
62	33
62	1
63	30
63	59
63	34
63	5
63	19
63	57
63	43
63	77
63	58
63	21
63	97
64	66
64	26
64	23
64	61
64	99
64	29
64	65
64	82
64	4
64	47
64	27
64	90
64	92
64	84
64	60
64	70
64	69
64	96
64	24
64	2
64	87
64	91
64	86
64	35
64	72
64	41
64	75
64	67
64	78
64	76
64	3
64	56
64	42
64	73
64	9
64	46
64	28
64	79
64	36
64	49
64	8
64	89
64	44
64	98
64	16
64	95
64	100
64	94
64	13
64	51
64	80
64	68
64	71
64	6
64	64
64	31
64	63
64	1
64	14
64	30
64	74
64	81
64	25
64	18
64	34
64	52
64	33
65	17
65	77
65	93
65	59
65	12
65	5
65	54
65	57
65	19
65	10
65	43
65	83
65	58
65	21
65	40
65	7
65	97
65	48
65	3
65	90
65	46
65	41
65	50
65	22
65	35
65	72
65	24
65	69
65	87
65	78
65	94
65	4
65	92
65	23
65	6
65	12
65	66
65	61
65	99
65	82
65	47
65	2
66	84
66	96
66	44
66	74
66	80
66	60
66	89
66	22
66	64
66	42
66	36
66	40
66	50
66	48
66	70
66	95
66	76
66	56
66	26
66	29
66	51
66	17
66	65
66	63
66	73
66	75
66	8
66	71
66	28
66	86
66	27
66	100
66	9
66	91
66	98
66	16
66	34
66	68
66	14
66	31
66	1
66	30
66	13
66	81
66	18
66	52
66	33
67	93
67	59
67	54
67	5
67	67
67	19
67	79
67	10
67	43
67	88
67	58
67	57
67	83
67	21
67	49
67	7
67	97
67	77
67	3
67	90
67	46
67	25
67	94
67	4
67	41
67	35
67	24
67	87
67	72
67	92
67	12
67	82
67	80
67	61
67	66
67	86
67	93
67	99
67	23
67	44
67	67
67	74
67	54
67	2
67	91
68	60
68	47
68	9
68	89
68	6
68	96
68	50
68	70
68	56
68	16
68	64
68	29
68	76
68	75
68	27
68	84
68	65
68	7
68	26
68	78
68	69
68	13
68	79
68	22
68	17
68	48
68	40
68	42
68	36
68	100
68	83
68	73
68	10
68	28
68	95
68	51
68	63
68	8
68	71
68	14
68	98
68	49
68	34
68	1
68	68
69	77
69	30
69	18
69	31
69	81
69	5
69	25
69	59
69	52
69	33
69	57
69	19
69	43
69	88
69	58
69	3
69	90
69	46
69	21
69	97
69	94
69	4
69	87
69	24
69	41
69	72
69	35
69	12
69	69
69	61
69	6
69	92
69	23
69	78
69	54
69	75
69	67
69	66
69	47
69	86
69	82
69	99
69	80
69	2
69	62
69	93
69	7
69	44
69	84
69	91
69	74
69	89
69	22
69	60
69	9
70	16
70	96
70	76
70	27
70	29
70	65
70	50
70	70
70	26
70	64
70	56
70	13
70	48
70	79
70	40
70	42
70	17
70	36
70	100
70	83
70	73
70	14
70	95
70	10
70	98
70	28
70	8
70	71
70	51
70	63
70	49
70	34
70	68
70	1
70	18
70	81
70	25
70	52
70	30
70	33
71	77
71	31
71	5
71	59
71	88
71	58
71	21
71	57
71	97
71	3
71	43
71	19
71	94
71	4
71	24
71	35
71	90
71	46
71	87
71	78
71	72
71	41
71	12
71	6
71	75
71	61
71	99
71	82
71	67
71	47
71	69
71	86
71	23
71	80
71	2
71	62
71	74
71	89
71	92
71	91
71	7
71	22
71	66
71	60
71	9
71	93
72	84
72	16
72	44
72	96
72	27
72	65
72	70
72	64
72	26
72	56
72	29
72	76
72	54
72	79
72	50
72	48
72	13
72	40
72	42
72	36
72	17
72	100
72	10
72	95
72	83
72	73
72	28
72	8
72	71
72	63
72	51
72	14
72	49
72	98
72	34
72	1
72	68
72	30
73	77
73	31
73	18
73	25
73	5
73	59
73	52
73	33
73	81
73	57
73	43
73	19
73	21
73	58
73	97
73	3
73	90
73	46
73	88
73	94
73	35
73	24
73	4
73	69
73	92
73	78
73	41
73	72
73	12
73	87
73	75
73	66
73	61
73	82
73	99
73	23
73	6
73	80
73	47
73	2
73	93
73	67
73	86
73	84
73	7
73	44
73	91
73	74
73	54
73	22
73	89
73	9
74	96
74	60
74	76
74	27
74	65
74	50
74	70
74	26
74	56
74	29
74	79
74	64
74	16
74	62
74	48
74	13
74	40
74	17
74	36
74	83
74	73
74	10
74	95
74	63
74	51
74	14
74	42
74	100
74	98
74	71
74	49
74	34
74	1
74	8
74	28
74	30
75	31
75	81
75	18
75	33
75	25
75	59
75	52
75	68
75	77
75	5
75	43
75	57
75	97
75	3
75	58
75	88
75	21
75	94
75	4
75	19
75	90
75	87
75	46
75	41
75	35
75	72
75	92
75	78
75	24
75	12
75	69
75	75
75	61
75	66
75	82
75	23
75	47
75	2
75	6
75	93
75	54
75	44
75	74
75	67
75	7
75	80
75	22
75	89
75	84
75	62
75	99
75	91
75	86
76	96
76	39
76	76
76	60
76	65
76	16
76	27
76	50
76	70
76	26
76	56
76	9
76	29
76	13
76	79
76	48
76	64
76	17
76	40
76	42
76	36
76	100
76	83
76	73
76	98
76	10
76	95
76	28
76	8
76	71
76	51
76	63
76	14
76	49
76	34
76	68
76	31
76	18
76	81
76	25
76	30
76	52
76	1
77	33
77	59
77	77
77	5
77	57
77	43
77	19
77	88
77	58
77	21
77	97
77	3
77	4
77	90
77	46
78	41
78	60
78	84
78	67
78	23
78	62
78	27
78	44
78	74
78	64
78	2
78	9
78	72
78	54
78	24
78	35
78	56
78	82
78	78
78	70
78	50
78	65
78	91
78	94
78	69
78	76
78	47
78	6
78	99
78	79
78	93
78	86
78	87
78	61
78	96
78	7
78	39
78	75
78	48
78	22
78	17
78	12
78	66
78	40
78	42
78	16
78	26
78	89
78	92
78	36
78	83
78	73
78	80
78	10
78	95
78	14
78	100
78	98
78	13
78	28
78	63
78	51
78	8
78	71
78	29
78	49
78	34
78	68
78	31
78	1
78	30
78	18
78	81
78	25
78	52
79	77
79	59
79	33
79	5
79	57
79	19
79	43
79	88
79	58
79	21
80	24
80	76
80	16
80	56
80	26
80	97
80	61
80	29
80	3
80	67
80	99
80	23
80	93
80	65
80	6
80	46
80	7
80	87
80	89
80	64
80	84
80	2
80	80
80	96
80	39
80	78
80	74
80	41
80	35
80	69
80	54
80	72
80	86
80	75
80	66
80	47
80	13
80	4
80	92
80	91
80	22
80	27
80	62
80	79
80	70
80	44
80	50
80	9
80	12
80	90
80	40
80	8
80	95
80	17
81	5
81	34
81	43
81	94
81	68
81	100
81	59
81	77
81	52
81	21
81	58
81	88
81	25
81	31
81	19
81	18
81	81
81	97
81	71
81	28
81	14
81	63
81	98
81	57
81	49
81	90
81	1
81	51
81	3
81	94
81	46
81	33
81	73
81	4
81	41
81	24
81	60
81	10
81	72
81	69
81	12
81	35
81	82
81	23
81	83
81	87
81	48
81	78
81	75
81	36
81	30
81	82
81	66
81	99
81	80
81	2
81	47
81	92
81	74
81	54
81	44
81	61
81	67
81	42
81	93
81	84
81	6
81	7
81	62
81	39
81	91
81	89
81	86
81	22
82	29
82	16
82	9
82	27
82	65
82	50
82	70
82	26
82	13
82	56
82	60
82	96
82	64
82	48
82	17
82	40
82	42
82	76
82	79
82	36
82	100
82	83
82	98
82	28
82	8
82	71
82	95
82	63
82	10
82	51
82	14
82	68
82	49
82	34
82	31
82	73
82	1
82	18
82	81
82	25
82	33
83	30
83	77
83	5
83	85
83	52
83	88
83	58
83	57
83	19
83	43
83	59
83	21
83	90
83	46
83	97
83	41
83	35
83	24
83	3
83	94
83	87
83	69
83	78
83	6
83	92
83	23
83	37
83	12
83	75
83	66
83	72
83	54
83	93
83	67
83	4
83	2
83	82
83	91
83	7
83	22
83	47
83	60
84	61
84	44
84	96
84	62
84	39
84	16
84	89
84	86
84	84
84	26
84	9
84	74
84	29
84	64
84	50
84	56
84	13
84	65
84	70
84	17
84	48
84	27
84	40
84	76
84	36
84	80
84	83
84	73
84	95
84	79
84	28
84	63
84	51
84	14
84	99
84	98
84	71
84	10
84	42
84	100
84	49
84	8
84	34
84	31
84	1
84	68
84	18
84	25
84	81
84	33
85	30
85	52
85	77
85	85
85	5
85	59
85	57
85	43
85	19
85	45
85	46
85	58
85	88
85	97
85	3
85	94
85	21
85	41
85	24
85	35
85	90
85	4
85	78
85	87
85	72
85	69
85	12
85	92
85	37
85	66
85	23
85	61
85	75
85	82
85	6
85	54
85	67
85	99
85	47
85	39
85	80
85	62
85	7
85	2
85	84
85	93
85	44
85	74
85	91
85	89
85	22
85	9
85	86
86	60
86	96
86	27
86	65
86	76
86	70
86	56
86	16
86	50
86	26
86	29
86	13
86	79
86	48
86	64
86	40
86	42
86	17
86	73
86	10
86	95
86	14
86	36
86	100
86	83
86	98
86	8
86	28
86	71
86	63
86	51
86	49
86	34
86	68
86	30
86	18
87	31
87	59
87	25
87	81
87	33
87	1
87	77
87	52
87	57
87	5
87	85
87	45
87	19
87	88
87	58
87	43
87	21
87	3
87	90
87	46
87	53
87	41
87	24
87	35
87	94
87	87
87	4
87	97
87	69
87	72
87	6
87	92
87	37
87	12
87	66
87	54
87	23
87	82
87	61
87	99
87	67
87	7
87	75
87	80
87	84
87	39
87	91
87	78
87	44
87	22
87	47
87	93
87	74
87	89
87	86
87	2
87	60
87	9
88	96
88	62
88	16
88	76
88	50
88	26
88	64
88	56
88	29
88	27
88	70
88	65
88	13
88	79
88	48
88	17
88	40
88	42
88	10
88	95
88	98
88	73
88	28
88	8
88	71
88	51
88	63
88	100
88	49
88	83
88	1
88	31
88	30
88	25
88	81
88	36
88	14
89	33
89	34
89	52
89	18
89	85
89	59
89	43
89	5
89	88
89	77
89	58
89	19
89	68
89	57
89	21
89	97
89	3
89	94
89	4
89	90
89	46
89	53
89	41
89	24
89	35
89	72
89	87
89	45
89	37
89	69
89	12
89	23
89	61
89	6
89	78
89	47
89	92
89	75
89	66
89	54
89	67
89	86
89	82
89	99
89	2
89	93
89	39
89	74
89	80
89	84
89	44
89	89
89	91
89	62
90	60
90	96
90	9
90	16
90	65
90	26
90	56
90	76
90	29
90	27
90	70
90	64
90	50
90	22
90	13
90	7
90	17
90	48
90	40
90	42
90	36
90	100
90	83
90	95
90	98
90	73
90	14
90	51
90	8
90	71
90	10
90	28
90	63
90	79
90	34
90	68
90	1
90	49
90	30
90	18
91	33
91	52
91	25
91	59
91	81
91	31
91	77
91	85
91	45
91	88
91	58
91	21
91	19
91	5
91	3
91	43
91	97
91	90
91	46
91	94
91	57
91	4
91	53
91	72
91	87
91	24
91	37
91	12
91	35
91	78
91	47
91	92
91	23
91	69
91	2
91	80
91	54
91	75
91	66
91	44
91	74
91	7
91	91
91	86
91	41
91	61
91	39
91	62
91	89
91	99
91	6
91	22
91	84
91	82
91	67
91	60
92	96
92	93
92	27
92	50
92	65
92	70
92	16
92	76
92	26
92	64
92	56
92	29
92	9
92	13
92	79
92	48
92	17
92	40
92	42
92	10
92	95
92	14
92	36
92	100
92	83
92	98
92	51
92	8
92	71
92	63
92	28
92	73
92	49
92	34
92	68
92	31
92	1
92	30
92	18
92	25
92	81
93	33
93	52
93	59
93	77
93	85
93	5
93	19
93	57
93	43
93	45
93	88
93	58
93	21
93	97
93	3
93	90
93	46
93	53
93	41
93	24
93	35
93	87
93	94
93	4
94	23
94	82
94	47
94	56
94	76
94	91
94	93
94	92
94	9
94	50
94	65
94	13
94	79
94	72
94	44
94	74
94	54
94	7
94	29
94	16
94	78
94	12
94	27
94	66
94	70
94	67
94	99
94	2
94	96
94	89
94	26
94	60
94	61
94	48
94	40
94	17
94	42
94	39
94	86
94	64
94	75
94	80
94	6
94	22
94	84
94	69
94	36
94	100
94	83
94	73
94	10
94	95
94	14
94	37
94	98
94	28
94	51
94	62
94	8
94	71
94	63
94	49
94	34
95	81
95	57
95	58
95	5
95	25
95	1
95	43
95	88
95	68
95	77
95	52
95	21
95	59
95	31
95	85
95	45
95	12
95	90
95	91
95	54
95	35
95	89
95	62
95	72
95	80
95	86
95	19
95	87
95	2
95	30
95	92
95	97
95	33
95	66
95	18
95	61
95	44
95	94
95	6
95	82
95	74
95	60
95	23
95	93
95	3
95	78
95	9
95	39
95	7
95	4
95	46
95	69
96	41
96	22
96	84
96	67
96	16
96	99
96	76
96	27
96	53
96	50
96	70
96	26
96	29
96	65
96	96
96	37
96	64
96	24
96	13
96	47
96	79
96	56
96	48
96	75
96	42
96	36
96	100
96	83
96	73
96	40
96	98
96	10
96	63
96	14
96	28
96	95
96	71
97	17
97	88
97	31
97	19
97	33
97	81
97	34
97	57
97	25
97	3
97	77
97	68
97	97
97	45
97	1
97	8
97	59
97	94
97	52
97	46
97	53
97	85
97	18
97	49
97	30
97	90
97	21
97	24
97	72
97	69
97	41
97	5
97	4
97	12
97	35
97	23
97	61
97	6
97	47
97	51
97	92
97	58
97	78
97	37
97	75
97	82
97	80
97	67
97	86
97	99
97	2
97	62
97	87
97	84
97	39
97	93
97	74
97	89
97	91
97	44
97	9
97	43
98	60
98	96
98	54
98	66
98	7
98	76
98	27
98	22
98	29
98	65
98	50
98	70
98	64
98	56
98	26
98	16
98	13
98	79
98	17
98	48
98	40
98	42
98	10
98	14
98	36
98	100
98	95
98	83
98	8
98	98
98	51
98	71
98	28
98	63
98	49
98	73
98	68
98	31
98	1
98	34
99	52
99	77
99	18
99	25
99	5
99	85
99	59
99	81
99	30
99	33
99	45
99	57
99	88
99	19
99	43
99	21
99	58
99	97
99	3
99	94
99	46
99	90
99	53
99	24
99	35
99	41
99	69
99	4
99	78
99	72
99	37
99	12
99	92
99	6
99	82
99	75
99	23
99	61
99	99
99	80
99	39
99	44
99	74
99	93
99	54
99	91
99	86
99	89
99	66
99	67
99	87
99	2
99	22
99	7
99	84
99	60
100	9
100	16
100	50
100	70
100	47
100	26
100	64
100	56
100	96
100	29
100	27
100	65
100	76
100	13
100	79
100	62
100	17
100	48
100	40
100	42
100	36
100	100
100	83
100	73
100	14
100	98
100	63
100	10
100	28
100	95
100	51
100	8
100	71
100	68
100	49
100	31
100	1
100	34
101	30
101	77
101	52
101	81
101	33
101	59
101	57
101	25
101	5
101	45
101	88
101	18
101	85
101	58
101	21
101	97
101	3
101	19
101	90
101	46
101	43
101	94
101	4
101	41
101	24
101	53
101	87
101	35
101	92
101	72
101	37
101	69
101	12
101	66
101	82
101	78
101	23
101	61
101	99
101	2
101	6
101	7
101	74
101	93
101	67
101	86
101	22
101	62
101	80
101	39
101	44
101	89
101	91
101	9
102	54
102	16
102	84
102	96
102	76
102	27
102	65
102	50
102	70
102	26
102	64
102	60
102	56
102	29
102	13
102	79
102	47
102	75
102	48
102	40
102	42
102	36
102	100
102	83
102	73
102	10
102	14
102	98
102	63
102	28
102	95
102	17
102	8
102	71
102	51
102	49
102	31
102	34
102	68
102	18
103	81
103	33
103	1
103	30
103	52
103	5
103	85
103	77
103	19
103	59
103	57
103	43
103	45
103	21
103	58
103	88
103	25
103	97
103	3
103	94
103	46
103	53
103	24
103	90
103	87
103	72
103	41
103	69
103	35
103	37
103	12
103	23
103	61
103	6
103	47
103	82
103	99
103	80
103	2
103	92
103	54
103	75
103	93
103	67
103	66
103	86
103	74
103	91
103	4
103	7
103	44
103	22
103	78
103	39
103	84
103	89
103	60
104	96
104	62
104	16
104	27
104	65
104	50
104	70
104	64
104	26
104	56
104	29
104	76
104	9
104	48
104	13
104	40
104	79
104	17
104	42
104	36
104	100
104	83
104	73
104	28
104	10
104	95
104	51
104	71
104	14
104	8
104	49
104	98
104	63
104	31
104	1
104	34
104	18
105	33
105	30
105	68
105	25
105	59
105	77
105	52
105	81
105	5
105	85
105	19
105	45
105	88
105	57
105	3
105	90
105	46
105	21
105	43
105	53
105	24
105	41
105	58
105	97
105	94
105	87
105	4
105	78
105	35
105	92
105	72
105	37
105	12
105	23
105	61
105	66
105	99
105	80
105	2
105	6
105	75
105	69
105	39
105	62
105	7
105	82
105	67
105	74
105	93
105	54
105	47
105	44
105	89
105	86
105	22
105	84
105	60
105	9
106	96
106	16
106	65
106	50
106	70
106	26
106	56
106	29
106	91
106	27
106	13
106	79
106	76
106	48
106	64
106	17
106	42
106	15
106	36
106	100
106	83
106	73
106	40
106	14
106	10
106	8
106	71
106	63
106	98
106	51
106	28
106	68
106	49
106	34
106	31
106	18
106	25
107	1
107	33
107	81
107	59
107	77
107	52
107	5
107	95
107	57
107	43
107	19
107	30
107	88
107	85
107	58
107	21
107	97
107	3
107	45
107	94
107	46
107	90
107	53
107	4
107	24
107	41
108	78
108	27
108	82
108	16
108	66
108	96
108	70
108	62
108	29
108	84
108	7
108	89
108	50
108	44
108	54
108	87
108	65
108	60
108	79
108	92
108	9
108	64
108	91
108	80
108	86
108	6
108	23
108	37
108	76
108	47
108	99
108	67
108	61
108	72
108	56
108	48
108	13
108	69
108	17
108	35
108	12
108	74
108	75
108	93
108	42
108	26
108	15
108	2
108	36
108	100
109	68
109	21
109	51
109	3
109	39
109	35
109	69
109	90
109	77
109	5
109	22
109	81
109	24
109	94
109	72
109	85
109	87
109	95
109	33
110	19
110	22
110	67
110	9
110	6
110	1
110	93
110	86
110	10
110	98
110	2
110	37
110	40
110	39
110	99
110	26
110	50
110	46
110	91
110	54
110	44
110	89
110	60
110	65
110	70
110	45
110	82
110	62
110	57
110	52
110	92
110	7
110	97
110	74
110	34
110	71
110	29
110	25
110	31
110	43
110	47
110	40
110	88
110	63
110	59
110	76
110	16
110	18
110	8
110	15
110	79
110	30
110	83
110	83
110	41
110	23
110	61
110	80
110	78
110	49
110	28
110	10
110	13
110	53
110	95
110	42
110	36
110	98
110	66
110	56
110	28
110	63
110	73
110	73
110	51
110	100
110	8
110	58
110	71
111	18
111	64
111	33
111	81
111	30
111	57
111	68
111	27
111	25
111	52
111	59
111	1
111	69
111	78
111	43
111	19
111	35
111	58
111	80
111	21
111	82
111	24
111	93
111	23
111	54
111	47
111	61
111	41
111	97
111	46
111	2
111	86
111	94
111	66
111	75
111	75
111	62
111	67
111	44
111	34
111	99
111	39
111	14
111	14
111	5
111	92
111	72
111	90
111	91
111	37
111	87
111	31
111	89
111	22
111	17
111	3
111	74
111	7
111	12
111	12
111	49
111	60
111	9
111	4
111	4
112	77
112	84
112	84
112	16
112	27
112	65
112	48
112	6
112	50
112	26
112	64
112	56
112	29
112	70
112	96
112	96
112	53
112	76
112	13
112	79
112	85
112	48
112	40
112	42
112	17
112	15
112	100
112	51
112	83
112	98
112	73
112	71
112	8
112	28
112	14
112	10
112	63
112	49
112	45
112	34
112	68
112	31
112	1
112	18
112	25
113	59
113	88
113	33
113	77
113	85
113	19
113	5
113	30
113	43
113	45
113	88
113	21
113	81
113	36
113	58
113	52
113	57
113	95
113	97
113	90
113	46
113	3
113	94
113	4
113	53
113	87
113	72
113	24
113	41
113	35
113	69
113	92
113	78
113	37
113	12
113	23
113	61
113	6
113	47
113	82
113	93
113	54
113	67
113	66
113	99
113	80
113	86
113	2
113	7
113	44
113	91
113	84
113	22
113	89
113	75
113	74
113	60
114	96
114	39
114	16
114	27
114	64
114	26
114	56
114	29
114	65
114	50
114	70
114	13
114	79
114	62
114	17
114	48
114	40
114	42
114	9
114	15
114	36
114	95
114	83
114	73
114	98
114	28
114	10
114	14
114	63
114	71
114	51
114	100
114	8
114	49
114	34
114	68
114	1
114	30
114	38
114	31
114	18
114	25
115	33
115	81
115	77
115	59
115	5
115	85
115	19
115	52
115	43
115	45
115	58
115	97
115	3
115	57
115	90
115	94
115	4
115	21
115	53
115	88
115	87
115	11
115	46
115	24
115	72
115	41
115	69
115	92
115	78
115	37
115	12
115	23
115	61
115	6
115	66
115	82
115	99
115	80
115	47
115	75
115	54
115	93
115	44
115	2
115	86
115	39
115	84
115	74
115	7
115	67
115	22
115	89
115	60
115	35
115	9
116	96
116	91
116	62
116	16
116	65
116	50
116	70
116	26
116	56
116	29
116	27
116	79
116	13
116	17
116	40
116	42
116	64
116	15
116	100
116	36
116	73
116	51
116	95
116	83
116	8
116	71
116	10
116	14
116	28
116	63
116	49
116	98
116	31
116	1
116	34
116	68
116	48
117	33
117	81
117	30
117	77
117	52
117	38
117	5
117	85
117	18
117	59
117	19
117	43
117	45
117	58
117	21
117	88
117	11
117	3
117	90
117	57
117	94
117	4
117	53
117	46
117	87
117	25
117	35
117	72
117	24
117	41
117	92
117	78
117	69
117	37
117	12
117	66
117	47
117	23
117	99
117	61
117	80
117	97
117	62
117	44
117	75
117	91
117	86
117	54
117	39
117	6
117	84
117	22
117	82
117	89
117	67
117	74
117	60
117	9
118	2
118	7
118	96
118	16
118	27
118	65
118	50
118	70
118	26
118	64
118	93
118	56
118	29
118	13
118	79
118	48
118	17
118	40
118	42
118	15
118	10
118	95
118	14
118	100
118	36
118	83
118	98
118	73
118	51
118	8
118	71
118	28
118	63
118	49
118	34
118	68
118	31
118	1
118	30
119	59
119	33
119	77
119	5
119	52
119	81
119	25
119	38
119	57
119	43
119	88
119	58
119	11
119	19
119	85
119	3
119	46
119	21
119	45
119	94
119	4
119	90
119	53
119	41
119	24
119	72
119	69
119	12
119	23
119	61
119	92
119	78
119	35
119	47
119	75
119	37
119	66
119	86
119	82
119	80
119	2
119	44
119	39
119	84
119	54
119	74
119	93
119	89
119	99
119	62
119	22
119	60
119	97
119	91
119	9
119	67
120	6
120	16
120	96
120	18
120	87
120	56
120	27
120	7
120	50
120	70
120	26
120	64
120	13
120	79
120	65
120	29
120	48
120	40
120	42
120	15
120	10
120	95
120	17
120	14
120	100
120	36
120	83
120	51
120	98
120	8
120	71
120	63
120	28
120	73
120	49
120	34
120	31
120	1
120	30
121	38
121	77
121	52
121	25
121	59
121	5
121	81
121	85
121	68
121	33
121	45
121	88
121	58
121	11
121	21
121	43
121	57
121	19
121	3
121	90
121	97
121	94
121	4
121	53
121	24
121	72
121	87
121	46
121	69
121	35
121	41
121	47
121	6
121	75
121	37
121	66
121	12
121	18
121	93
121	92
121	67
121	86
121	82
121	23
121	99
121	54
121	39
121	80
121	2
121	91
121	78
121	84
121	7
121	62
121	74
121	44
121	89
121	9
121	60
121	22
121	61
122	32
122	96
122	16
122	65
122	27
122	56
122	50
122	70
122	64
122	26
122	13
122	79
122	29
122	48
122	17
122	42
122	15
122	40
122	100
122	36
122	83
122	73
122	10
122	98
122	28
122	63
122	95
122	51
122	8
122	14
122	71
122	49
122	31
122	1
122	34
122	68
122	30
122	18
123	25
123	33
123	81
123	77
123	38
123	52
123	5
123	59
123	11
123	57
123	43
123	45
123	19
123	88
123	90
123	21
123	87
123	72
123	53
123	58
123	41
123	78
123	46
124	4
124	86
124	66
124	82
124	23
124	50
124	99
124	26
124	13
124	94
124	80
124	74
124	27
124	44
124	92
124	29
124	9
124	64
124	70
124	42
124	39
124	2
124	15
124	84
124	37
124	60
124	54
124	6
124	62
124	65
124	93
124	48
124	100
124	83
124	40
124	73
124	10
124	95
124	96
124	7
124	32
124	98
124	28
124	63
124	24
124	51
124	22
124	85
124	8
124	71
124	47
124	16
124	56
124	49
124	75
124	34
124	97
124	3
124	17
124	68
124	1
124	69
124	12
124	38
124	31
125	25
125	30
125	14
125	33
125	81
125	52
125	89
125	67
125	77
125	5
125	18
125	85
125	59
125	19
125	35
125	79
125	45
125	88
125	91
125	57
125	21
125	11
125	36
125	58
125	97
125	61
125	43
125	90
125	46
125	3
125	94
125	4
125	53
125	24
125	41
125	35
125	87
125	72
125	92
125	78
125	69
125	37
125	12
125	23
125	61
125	6
125	47
125	66
125	82
125	99
125	2
125	75
125	54
125	67
125	93
125	7
125	91
125	86
125	39
125	62
125	44
125	89
126	60
126	16
126	9
126	29
126	13
126	70
126	22
126	80
126	27
126	48
126	84
126	32
126	56
126	96
126	17
126	26
126	79
126	40
126	50
126	42
126	15
126	64
126	100
126	74
126	36
126	83
126	73
126	10
126	95
126	14
126	98
126	28
126	65
126	63
126	51
126	8
126	71
126	49
126	34
126	68
126	31
126	38
127	18
127	25
127	33
127	81
127	52
127	30
127	1
127	77
127	59
127	5
127	85
127	57
127	19
127	11
127	43
127	45
127	88
127	58
127	21
127	97
127	3
127	90
127	46
127	94
127	4
127	53
127	24
127	41
127	35
127	87
127	72
127	61
127	54
127	44
127	62
127	91
127	78
127	92
127	6
127	2
127	93
127	22
127	60
127	9
127	37
127	74
127	99
127	23
127	80
128	32
128	39
128	96
128	89
128	66
128	27
128	82
128	7
128	69
128	29
128	70
128	47
128	50
128	13
128	79
128	65
128	67
128	56
128	48
128	75
128	86
128	16
128	26
128	15
128	100
128	83
128	40
128	36
128	73
128	42
128	10
128	95
128	64
128	17
128	98
128	28
128	63
128	51
128	14
128	12
128	8
128	71
129	88
129	31
129	57
129	18
129	81
129	68
129	30
129	11
129	1
129	84
129	77
129	3
129	59
129	49
129	5
129	43
129	52
129	46
129	85
129	25
129	94
129	4
129	33
129	58
129	24
129	41
129	87
129	72
129	97
129	12
129	92
129	90
129	21
129	38
129	75
129	6
129	35
129	66
129	82
129	99
129	37
129	86
129	2
129	47
129	39
129	62
129	19
129	78
129	54
129	74
129	89
129	7
129	80
129	69
129	91
129	61
129	22
129	84
129	23
129	53
129	67
130	34
130	44
130	32
130	93
130	60
130	96
130	9
130	16
130	65
130	50
130	70
130	56
130	26
130	29
130	27
130	13
130	79
130	48
130	17
130	40
130	64
130	42
130	10
130	95
130	14
130	100
130	83
130	36
130	98
130	73
130	28
130	63
130	51
130	8
130	49
130	71
130	34
130	31
130	1
130	68
131	18
131	25
131	33
131	30
131	59
131	81
131	38
131	77
131	52
131	5
131	85
131	88
131	58
131	11
131	19
131	57
131	21
131	97
131	3
131	90
131	46
131	43
131	94
131	4
131	53
131	41
131	72
131	24
131	87
131	78
131	37
131	12
131	92
131	35
131	23
131	6
131	61
131	82
131	80
131	2
131	47
131	75
131	86
131	99
131	66
131	93
131	89
131	54
131	22
131	62
131	74
131	91
131	7
131	84
131	44
131	9
132	16
132	39
132	96
132	60
132	50
132	70
132	26
132	64
132	56
132	29
132	32
132	27
132	65
132	69
132	13
132	17
132	67
132	48
132	40
132	79
132	42
132	36
132	73
132	10
132	95
132	28
132	63
132	14
132	100
132	83
132	98
132	8
132	51
132	49
132	71
132	31
132	30
132	38
133	18
133	25
133	33
133	34
133	1
133	81
133	52
133	77
133	5
133	85
133	59
133	57
133	11
133	43
133	19
133	88
133	21
133	58
133	20
133	97
133	3
133	94
133	90
133	4
133	46
133	53
133	87
133	72
133	92
133	78
133	24
133	41
133	37
133	12
133	23
133	61
133	6
133	75
133	69
133	82
133	2
133	47
133	99
133	66
133	67
133	86
133	80
133	74
133	84
133	44
133	39
133	62
133	7
133	89
133	35
133	93
133	32
134	54
134	60
134	96
134	91
134	9
134	27
134	65
134	70
134	16
134	50
134	64
134	26
134	56
134	79
134	22
134	13
134	48
134	17
134	55
134	29
134	42
134	40
134	100
134	83
134	36
134	73
134	14
134	28
134	63
134	10
134	95
134	51
134	8
134	71
134	98
134	49
134	31
134	38
135	18
135	25
135	33
135	34
135	81
135	52
135	59
135	30
135	77
135	85
135	5
135	58
135	11
135	21
135	20
135	97
135	3
135	43
135	57
135	90
135	19
135	46
135	1
135	4
135	94
135	53
135	24
135	35
135	72
135	69
135	87
135	41
135	37
135	88
135	12
135	23
135	61
135	6
135	47
135	92
135	78
135	66
135	82
135	99
135	93
135	54
135	86
135	91
135	74
135	39
135	80
135	84
135	62
135	2
135	89
135	22
135	7
135	44
135	60
135	75
135	32
135	9
136	96
136	16
136	27
136	65
136	70
136	26
136	56
136	50
136	64
136	29
136	67
136	13
136	79
136	48
136	40
136	42
136	55
136	100
136	83
136	36
136	73
136	10
136	98
136	95
136	28
136	63
136	17
136	14
136	51
136	71
136	8
136	49
136	31
137	18
137	25
137	34
137	38
137	59
137	52
137	81
137	33
137	77
137	1
137	5
137	85
137	57
137	43
137	19
137	21
137	58
137	88
137	11
137	97
137	3
137	90
137	20
137	46
137	94
137	4
137	53
138	89
138	60
138	26
138	47
138	78
138	70
138	99
138	29
138	54
138	66
138	80
138	23
138	65
138	72
138	50
138	84
138	9
138	64
138	96
138	44
138	39
138	87
138	37
138	75
138	86
138	93
138	16
138	12
138	41
138	74
138	48
138	7
138	35
138	13
138	62
138	92
138	55
138	24
138	22
138	2
138	82
138	91
138	40
138	42
138	100
138	83
138	36
138	56
138	6
138	61
138	98
138	28
138	63
138	14
138	10
138	73
138	27
138	8
138	71
138	95
138	49
138	51
138	69
138	17
138	34
138	31
138	32
139	77
139	38
139	5
139	85
139	59
139	18
139	25
139	33
139	81
139	52
139	1
139	57
139	67
139	11
139	43
139	19
139	21
139	88
139	79
139	20
139	58
139	97
139	3
139	90
139	46
139	53
139	35
139	94
139	87
139	24
139	72
139	69
139	41
140	75
140	29
140	9
140	44
140	16
140	26
140	86
140	67
140	93
140	61
140	37
140	60
140	39
140	74
140	78
140	89
140	92
140	62
140	70
140	99
140	27
140	66
140	32
140	50
140	82
140	23
140	7
140	22
140	2
140	80
140	6
141	54
141	73
141	81
141	36
141	13
141	40
141	28
141	79
141	52
141	33
141	100
141	65
141	34
141	77
141	91
141	83
141	8
141	5
141	63
141	71
141	59
141	38
141	1
141	85
141	95
141	25
141	51
141	98
141	49
141	55
141	17
141	10
141	14
141	11
141	18
141	12
141	88
141	57
141	58
141	21
141	4
141	84
141	19
141	20
141	97
141	90
141	4
141	46
141	48
141	53
141	43
141	35
141	31
141	3
141	96
141	72
141	92
141	24
141	41
141	69
141	42
141	37
141	12
141	23
141	6
141	61
142	60
142	99
142	75
142	66
142	22
142	44
142	32
142	91
142	7
142	96
142	74
142	89
142	16
142	54
142	84
142	39
142	62
142	93
142	67
142	82
142	70
142	50
142	26
142	29
142	65
142	80
142	78
142	47
142	47
142	2
142	86
142	55
142	71
142	14
142	10
142	100
142	48
142	36
142	13
142	73
142	28
142	40
142	98
142	49
142	8
142	27
142	63
142	9
142	83
142	79
142	56
142	56
142	95
142	34
142	31
142	1
142	17
142	94
142	38
143	18
143	25
143	33
143	81
143	52
143	59
143	77
143	51
143	5
143	85
143	57
143	19
143	11
143	43
143	88
143	58
143	21
143	42
143	20
143	46
143	97
143	90
143	3
143	94
143	41
143	35
143	4
143	24
143	92
143	78
143	23
143	72
143	6
143	75
143	69
143	37
143	66
143	82
143	61
143	12
143	2
143	80
143	47
144	65
144	27
144	70
144	99
144	79
144	9
144	13
144	22
144	60
144	29
144	96
144	67
144	50
144	86
144	74
144	17
144	16
144	32
144	55
144	53
144	62
144	48
144	42
144	91
144	26
144	100
144	44
144	93
144	36
144	39
144	56
144	95
144	98
144	54
144	28
144	84
144	63
144	51
144	8
144	71
144	10
144	73
144	83
144	31
144	1
144	34
144	49
144	14
144	40
144	38
145	25
145	33
145	81
145	52
145	77
145	5
145	59
145	85
145	57
145	19
145	18
145	43
145	58
145	88
145	20
145	21
145	7
145	46
145	90
145	94
145	11
145	4
145	3
145	53
145	24
145	41
145	97
145	92
145	78
145	72
145	69
145	37
145	23
145	12
145	6
145	61
145	47
145	35
145	75
145	66
145	82
145	99
145	86
145	2
145	80
145	39
145	62
145	7
145	93
145	54
145	74
145	84
145	44
145	91
145	67
145	22
145	32
145	60
145	9
146	96
146	27
146	65
146	50
146	70
146	56
146	29
146	16
146	13
146	48
146	79
146	55
146	17
146	40
146	42
146	100
146	36
146	73
146	98
146	28
146	10
146	71
146	83
146	51
146	63
146	49
146	34
146	8
146	95
146	14
146	38
146	31
147	18
147	25
147	33
147	81
147	1
147	52
147	59
147	77
147	5
147	85
147	43
147	19
147	88
147	58
147	11
147	57
147	21
147	20
147	97
147	3
147	53
147	46
147	41
147	94
147	4
147	69
147	35
147	90
147	24
147	78
147	23
147	12
147	6
147	61
147	92
147	72
147	75
147	2
147	80
147	47
147	54
147	67
147	37
147	86
147	66
147	82
147	99
147	74
147	39
147	62
147	44
147	7
147	93
147	91
147	22
147	84
147	32
147	60
147	9
148	96
148	16
148	56
148	65
148	29
148	70
148	13
148	79
148	50
148	48
148	55
148	17
148	40
148	42
148	73
148	10
148	95
148	63
148	100
148	14
148	36
148	98
148	8
148	51
148	71
148	28
148	83
148	49
148	34
148	38
148	31
149	18
149	25
149	33
149	1
149	52
149	77
149	59
149	81
149	85
149	57
149	5
149	19
149	11
149	43
149	21
149	88
149	20
149	3
149	58
149	97
149	90
149	4
149	94
149	78
149	41
149	69
149	37
149	61
149	24
149	66
149	99
149	12
149	80
149	2
149	47
149	53
149	93
149	39
149	62
149	46
149	75
149	7
149	82
149	72
149	6
149	35
149	92
149	67
149	23
149	91
149	84
149	86
149	22
149	44
149	74
149	9
149	54
150	32
150	16
150	60
150	96
150	70
150	50
150	56
150	65
150	29
150	13
150	79
150	48
150	55
150	17
150	40
150	42
150	100
150	83
150	36
150	10
150	95
150	63
150	51
150	14
150	28
150	8
150	98
150	71
150	73
150	31
150	49
150	1
150	34
150	38
151	18
151	25
151	33
151	81
151	52
151	77
151	5
151	85
151	59
151	88
151	58
151	57
151	19
151	21
151	97
151	3
151	90
151	46
151	94
151	4
151	53
151	43
151	20
151	35
151	72
151	24
151	69
151	37
151	23
151	61
151	78
151	12
151	47
151	93
151	54
151	75
151	82
151	66
151	86
151	99
151	80
151	39
151	2
151	41
151	74
151	84
151	92
151	67
151	7
151	44
151	22
151	62
151	60
151	9
152	96
152	6
152	16
152	91
152	65
152	70
152	50
152	56
152	32
152	13
152	48
152	79
152	55
152	17
152	29
152	40
152	42
152	100
152	10
152	95
152	83
152	14
152	36
152	98
152	73
152	28
152	63
152	71
152	8
152	51
152	49
152	34
152	31
152	38
153	18
153	25
153	33
153	1
153	81
153	52
153	77
153	5
153	59
153	85
153	57
153	19
153	88
153	43
153	58
153	21
153	20
153	97
153	46
153	3
153	94
153	41
153	4
153	53
153	90
153	92
153	78
153	72
153	35
153	12
153	6
153	61
153	75
153	69
153	37
153	93
153	54
153	80
153	67
153	24
153	86
153	66
153	82
153	99
153	47
153	44
153	74
153	91
153	23
153	2
153	84
153	7
153	22
153	32
153	60
154	39
154	62
154	16
154	9
154	65
154	29
154	70
154	50
154	56
154	13
154	79
154	48
154	55
154	17
154	96
154	40
154	42
154	100
154	83
154	36
154	73
154	51
154	95
154	14
154	63
154	71
154	28
154	8
154	98
154	49
154	34
154	10
154	38
154	31
155	18
155	25
155	1
155	81
155	33
155	52
155	77
155	59
155	5
155	85
155	57
155	19
155	43
155	88
155	21
155	20
155	97
155	3
155	90
155	46
155	94
155	4
155	53
155	24
155	35
155	41
155	72
155	92
155	69
155	37
156	7
156	65
156	60
156	39
156	99
156	12
156	6
156	61
156	66
156	93
156	32
156	2
156	82
156	47
156	75
156	44
156	56
156	22
156	9
156	50
156	96
156	70
156	74
156	54
156	79
156	29
156	84
156	80
156	86
156	91
156	62
156	78
156	16
156	13
156	48
156	55
156	17
156	40
156	42
156	23
156	100
156	36
156	73
156	10
156	95
156	14
156	98
156	28
156	63
156	51
156	71
156	83
156	8
156	49
156	34
156	31
156	1
156	38
157	18
157	25
157	81
157	33
157	52
157	77
157	59
157	5
157	85
157	57
157	19
157	43
157	88
157	21
157	97
157	3
157	90
157	46
157	94
157	4
157	53
157	35
157	41
157	72
157	24
157	69
157	93
157	86
157	23
157	99
157	12
157	61
157	82
157	74
157	91
157	66
157	47
157	39
157	62
157	92
157	44
157	78
157	6
157	37
157	54
157	2
157	75
157	84
157	80
157	32
157	60
157	9
158	96
158	7
158	65
158	70
158	56
158	29
158	50
158	22
158	13
158	79
158	16
158	48
158	55
158	17
159	34
159	14
159	77
159	83
159	49
159	33
159	63
159	8
159	10
159	88
159	1
159	36
159	85
159	98
159	100
159	25
159	59
159	52
159	73
159	28
159	5
159	18
159	21
159	38
159	71
159	31
159	43
159	95
159	57
159	19
159	97
159	90
159	40
159	4
159	94
159	24
159	3
159	53
159	35
159	41
159	51
159	72
159	81
159	69
159	12
159	46
159	37
159	99
159	6
159	61
159	2
159	66
159	92
159	78
159	54
159	84
159	39
159	23
159	7
159	22
159	93
159	82
159	62
159	44
159	74
159	60
160	42
160	80
160	96
160	86
160	9
160	91
160	47
160	32
160	29
160	56
160	65
160	75
160	70
160	50
160	79
160	55
160	13
160	17
160	40
160	48
160	42
160	10
160	95
160	100
160	14
160	36
160	83
160	98
160	28
160	63
160	51
160	71
160	8
160	73
160	49
160	31
160	1
160	34
160	38
161	18
161	59
161	25
161	81
161	33
161	52
161	77
161	57
161	5
161	85
161	21
161	19
161	97
161	3
161	90
161	46
161	88
161	53
161	41
161	43
161	24
161	94
161	35
161	69
161	4
161	92
161	23
161	6
161	61
161	78
161	72
161	12
161	47
161	80
161	82
161	66
161	2
161	54
161	99
161	37
161	86
161	39
161	62
161	84
161	74
161	91
161	22
161	93
161	7
162	32
162	60
162	96
162	9
162	70
162	50
162	56
162	29
162	65
162	13
162	79
162	48
162	55
162	17
162	40
162	42
162	83
162	100
162	36
162	14
162	73
162	63
162	10
162	51
162	98
162	71
162	95
162	8
162	49
162	34
162	1
162	38
163	31
163	18
163	59
163	33
163	52
163	77
163	5
163	81
163	43
163	19
163	88
163	21
163	3
163	90
163	46
163	57
163	4
163	53
163	85
163	24
163	35
163	41
163	94
163	72
163	69
163	97
163	92
163	78
163	25
163	23
163	12
163	99
163	6
163	2
163	80
163	47
163	61
163	7
163	74
163	93
163	54
163	37
163	86
163	66
163	91
163	82
163	84
163	22
163	32
163	60
163	9
164	62
164	39
164	96
164	70
164	50
164	29
164	65
164	56
164	13
164	79
164	55
164	17
164	48
164	40
164	42
164	83
164	36
164	73
164	100
164	10
164	95
164	63
164	51
164	98
164	14
164	8
164	71
164	49
164	31
165	18
165	1
165	81
165	33
165	52
165	77
165	59
165	25
165	19
165	5
165	38
165	85
165	43
165	21
165	88
165	97
165	3
165	90
165	53
165	24
165	41
165	46
165	35
165	4
165	72
165	37
165	69
165	61
165	12
165	47
165	92
165	66
165	2
165	23
165	80
165	99
165	94
165	93
165	54
165	86
165	82
165	6
165	39
165	62
165	7
165	78
165	74
165	91
165	84
165	22
165	32
165	60
165	9
166	96
166	65
166	70
166	56
166	29
166	50
166	13
166	79
166	48
166	55
166	17
166	42
166	100
166	36
166	73
166	95
166	14
166	83
166	8
166	71
166	10
166	51
166	63
166	49
166	1
166	31
167	38
167	18
167	59
167	81
167	25
167	52
167	77
167	33
167	5
167	19
167	85
167	43
167	21
167	88
167	97
167	3
167	90
167	46
167	94
167	4
168	32
168	62
168	93
168	6
168	39
168	47
168	37
168	2
168	91
168	84
168	29
168	69
168	61
168	54
168	78
168	74
168	96
168	66
168	13
168	23
168	65
168	50
168	35
168	24
168	22
168	79
168	41
168	7
168	12
168	60
168	53
168	55
168	17
168	99
168	48
168	82
168	100
168	83
168	36
168	73
168	10
168	95
168	42
168	14
168	63
168	86
168	9
168	92
168	8
168	71
168	49
168	1
168	31
168	38
169	18
169	81
169	25
169	33
169	52
169	5
169	59
169	85
169	77
169	19
169	43
169	88
169	51
169	21
169	46
169	24
169	41
169	35
169	94
169	90
169	4
169	69
169	97
169	92
169	78
169	12
169	61
169	53
169	47
169	23
169	54
169	66
169	37
169	93
169	6
169	82
169	99
169	2
169	86
169	39
169	84
169	7
169	74
169	62
169	32
169	60
169	9
170	96
170	22
170	29
170	65
170	91
170	50
170	13
170	79
170	48
170	17
170	55
170	42
170	100
170	83
170	36
170	73
170	10
170	95
170	63
170	8
170	71
171	35
171	49
171	97
171	92
171	78
171	69
171	38
171	31
171	53
171	43
171	59
171	85
171	41
171	24
171	88
171	1
171	81
171	25
171	33
171	46
171	12
171	94
171	5
171	61
171	37
171	47
171	90
171	6
171	18
171	51
171	66
171	82
171	99
171	52
171	77
171	4
171	2
171	93
171	54
171	86
171	39
171	7
171	62
171	74
171	21
171	84
171	91
171	22
171	19
171	23
171	32
171	9
172	60
172	96
172	65
172	50
172	29
172	13
172	48
172	79
172	55
172	17
172	42
172	100
172	83
172	36
172	73
172	10
172	95
172	63
172	51
172	8
172	71
172	49
173	59
173	41
173	24
173	69
173	33
173	1
173	81
173	25
173	19
173	46
173	52
173	5
173	77
173	35
173	90
173	97
173	53
173	21
173	4
173	85
173	43
173	18
173	92
173	37
173	12
173	6
173	61
173	78
173	47
173	88
173	66
173	82
173	99
173	23
173	2
173	38
173	93
173	54
173	86
173	39
173	62
173	7
173	74
173	84
173	31
173	91
173	22
173	94
173	9
174	60
174	96
174	65
174	50
174	29
174	13
174	48
174	55
174	17
174	42
174	100
174	83
174	36
174	10
174	95
174	73
174	63
174	51
174	8
174	71
174	49
175	31
175	38
175	18
175	85
175	59
175	33
175	81
175	1
175	25
175	52
175	77
175	35
175	88
175	41
175	12
175	23
175	61
175	4
175	78
175	6
175	37
175	90
175	43
175	94
175	47
175	46
175	21
175	69
175	66
175	99
175	2
175	39
175	82
175	74
175	84
175	62
175	93
175	91
175	24
175	86
175	54
175	9
176	96
176	60
176	65
176	7
176	29
176	50
176	13
176	48
176	22
176	55
176	17
176	97
176	42
176	100
176	36
176	73
176	63
176	10
176	83
176	51
176	95
176	71
176	8
176	49
176	31
176	1
177	38
177	18
177	59
177	33
177	81
177	77
177	25
177	52
177	85
177	43
177	21
177	88
177	46
177	97
177	24
177	94
177	41
177	35
177	90
177	4
177	78
177	37
177	69
177	66
177	12
177	6
177	61
177	99
177	2
177	93
177	54
177	74
177	86
177	82
177	91
177	23
177	39
177	47
177	62
177	84
177	7
177	22
177	60
178	96
178	9
178	65
178	50
178	29
178	13
178	48
178	55
178	17
178	36
178	73
178	10
178	95
178	63
178	51
178	100
178	83
178	8
178	71
178	42
178	49
178	31
178	1
179	38
179	18
179	59
179	77
179	33
179	25
179	52
179	81
179	43
179	21
179	88
179	85
179	97
179	90
179	94
179	4
179	46
179	24
179	35
179	41
179	69
179	78
179	6
179	61
179	47
179	66
179	93
179	54
179	86
179	82
179	99
179	12
179	84
179	39
179	2
179	91
179	62
179	74
179	7
179	23
179	37
179	60
179	9
180	96
180	22
180	65
180	50
180	29
180	13
180	48
180	17
180	83
180	36
180	73
180	10
180	95
180	42
180	100
180	63
180	51
180	55
180	8
180	71
180	49
180	31
180	1
181	59
181	33
181	81
181	25
181	52
181	77
181	18
181	38
181	88
181	85
181	21
181	43
181	97
181	90
181	46
181	94
181	4
181	24
181	35
181	41
181	69
181	37
181	23
181	61
181	12
181	78
181	99
181	6
181	54
181	66
181	82
181	74
181	91
181	86
181	47
181	84
181	39
181	62
181	2
181	22
181	60
181	9
182	96
182	7
182	50
182	29
182	65
182	13
182	93
182	48
182	55
182	42
182	17
182	100
182	83
182	36
182	73
182	10
182	95
182	8
182	71
182	63
182	49
182	31
182	51
182	1
183	18
183	81
183	33
183	25
183	52
183	77
183	59
183	85
183	43
183	21
183	88
183	97
183	90
183	46
183	38
183	24
183	41
183	94
183	4
183	35
183	78
183	69
183	23
183	12
183	6
183	61
183	47
183	66
183	54
183	86
183	82
183	99
183	84
183	7
183	74
183	91
183	22
183	2
183	9
184	39
184	50
184	60
184	96
184	62
184	65
184	29
184	48
184	55
184	17
184	100
184	83
184	13
184	36
184	73
184	42
184	10
184	95
184	63
184	51
184	71
184	8
184	49
184	31
184	1
185	38
185	33
185	52
185	25
185	77
185	18
185	59
185	81
185	85
185	43
185	21
185	88
185	46
185	90
185	94
185	4
185	97
185	24
185	41
185	69
185	12
185	23
185	6
185	61
185	47
185	66
185	82
185	99
185	2
185	78
185	54
185	74
185	91
185	86
185	84
185	39
185	62
185	22
185	7
185	9
186	96
186	60
186	50
186	29
186	65
186	13
186	48
186	55
186	17
187	100
187	1
187	63
187	85
187	38
187	33
187	95
187	10
187	36
187	59
187	31
187	77
187	51
187	73
187	83
187	49
187	52
187	25
187	88
187	42
187	71
187	8
187	21
187	43
187	18
187	46
187	94
187	61
187	66
187	4
187	2
187	90
187	62
187	86
187	39
187	74
187	91
187	78
187	22
187	47
187	24
187	82
188	29
188	48
188	6
188	55
188	100
188	13
188	41
188	36
188	17
188	42
188	12
188	60
188	83
188	9
188	95
188	65
188	7
188	99
188	84
188	63
188	51
188	96
188	8
188	97
188	50
188	69
188	81
188	73
188	54
188	49
188	10
188	31
188	1
189	38
189	18
189	33
189	52
189	25
189	81
189	77
189	59
189	43
189	85
189	21
189	88
189	97
189	90
189	46
189	94
189	24
189	41
189	69
189	4
189	78
189	12
189	61
190	39
190	22
190	47
190	74
190	96
190	86
190	9
190	54
190	60
190	66
190	6
190	82
190	7
190	29
190	2
190	65
190	62
190	99
190	50
190	13
190	91
190	48
190	17
190	42
190	100
190	55
190	83
190	36
190	63
190	51
190	95
190	8
190	49
190	73
190	1
190	31
191	38
191	18
191	10
191	33
191	59
191	25
191	52
191	77
191	81
191	88
191	85
191	21
191	43
191	97
191	90
191	46
191	4
191	24
191	41
191	69
191	94
191	12
191	47
191	99
191	61
191	66
191	82
191	6
191	74
191	54
191	86
191	39
191	62
191	22
191	91
191	60
191	9
191	7
192	2
192	96
192	65
192	29
192	50
192	13
192	48
192	42
192	55
192	17
192	73
192	10
192	95
192	63
192	51
192	83
192	8
192	36
192	100
192	49
192	31
192	1
193	38
193	18
193	33
193	25
193	52
193	81
193	77
193	59
193	85
193	88
193	21
193	97
193	90
193	94
193	4
193	41
193	46
193	24
193	69
193	12
193	6
193	66
193	99
193	82
193	47
193	2
193	39
193	62
193	7
193	54
193	91
193	74
193	22
193	86
193	61
194	60
194	96
194	9
194	50
194	65
194	29
194	13
194	48
194	55
194	42
194	17
194	95
194	100
194	36
194	73
194	8
194	10
194	63
194	51
194	49
194	83
195	38
195	1
195	33
195	25
195	52
195	81
195	77
195	31
195	59
195	85
195	18
195	21
195	97
195	90
195	46
195	94
195	4
195	24
195	41
195	69
195	12
195	61
195	47
195	6
195	54
195	66
195	99
195	82
195	39
195	2
195	62
195	7
195	74
195	22
195	60
195	9
195	91
196	96
196	50
196	29
196	65
196	13
196	48
196	55
196	17
196	42
196	100
196	36
196	73
196	10
196	63
196	51
196	95
196	8
196	83
196	49
196	1
197	31
197	38
197	59
197	81
197	33
197	25
197	52
197	77
197	21
197	97
197	90
197	94
197	4
198	24
198	7
198	22
198	47
198	61
198	39
198	2
198	62
198	9
198	91
198	60
198	46
198	74
198	41
198	69
198	66
198	29
198	65
198	50
198	6
198	99
198	82
198	12
198	13
198	48
198	96
198	55
198	42
198	17
198	100
198	83
198	36
198	95
198	73
198	10
198	63
198	8
198	49
198	1
199	31
199	77
199	38
199	52
199	59
199	81
199	33
199	25
199	21
199	97
199	90
199	46
199	94
199	41
199	4
199	69
199	12
199	6
199	61
199	47
199	99
199	82
199	2
199	66
199	39
199	62
199	7
199	74
199	22
199	9
200	60
200	96
200	65
200	50
200	29
200	13
200	48
200	55
200	17
200	42
200	100
200	83
200	36
200	73
200	10
200	63
201	8
201	81
201	33
201	77
201	49
201	25
201	46
201	90
201	38
201	95
202	62
202	65
202	7
202	9
202	2
202	69
202	60
202	50
202	52
202	21
202	59
202	31
202	66
202	47
202	41
202	6
202	82
202	22
202	29
202	96
202	94
202	1
202	97
202	39
202	99
202	74
202	12
202	61
202	13
202	4
202	48
202	55
202	17
202	42
202	100
202	83
202	36
202	73
202	10
202	95
202	63
202	8
202	49
202	31
202	1
203	38
203	81
203	33
203	52
203	25
203	77
203	59
203	41
203	66
203	97
203	2
203	22
203	12
203	61
203	39
203	90
203	4
203	46
203	21
203	74
203	47
203	94
203	62
203	69
203	99
203	60
203	9
204	96
204	65
204	50
204	6
204	29
204	13
204	48
204	55
204	17
204	42
204	100
204	83
204	36
204	73
204	10
204	95
204	63
204	8
204	49
204	31
204	1
205	38
205	33
205	25
205	52
205	77
205	81
205	59
205	21
205	97
205	94
205	4
205	46
205	99
205	12
205	47
205	69
205	2
205	6
205	66
205	74
205	39
205	62
205	22
205	60
205	9
205	61
206	41
206	50
206	96
206	29
206	65
206	13
206	48
206	55
206	17
206	42
206	10
206	95
206	36
206	83
206	63
206	73
206	49
206	8
207	31
207	25
207	77
207	38
207	52
207	81
207	59
207	33
207	21
207	97
207	46
207	41
207	6
207	61
207	2
207	47
207	66
207	4
207	99
207	62
207	74
207	69
207	12
207	22
207	9
208	60
208	96
208	65
208	29
208	50
208	13
208	55
208	17
208	10
208	83
208	36
208	63
208	8
208	73
208	49
208	31
209	25
209	77
209	38
209	52
209	81
209	33
209	59
209	21
209	97
209	46
209	4
209	69
209	41
209	12
209	6
209	61
209	47
209	99
209	2
209	66
209	74
209	62
209	22
209	60
210	96
210	9
210	65
210	50
210	29
210	13
210	55
210	36
210	10
210	63
210	8
210	73
210	49
210	31
211	38
211	81
211	33
211	59
211	52
211	25
211	77
211	21
211	97
211	46
211	4
211	69
211	41
211	6
211	61
211	47
211	2
211	66
211	62
211	74
211	99
211	22
211	12
212	60
212	96
212	9
212	65
212	50
212	29
212	13
212	55
212	36
212	73
212	8
212	10
212	63
212	49
212	31
213	38
213	81
213	52
213	25
213	77
213	59
213	21
213	46
213	97
213	41
213	4
213	69
213	12
213	6
213	61
213	47
213	74
213	99
213	2
213	62
213	22
213	60
213	9
214	96
214	65
214	50
214	29
214	13
214	55
214	36
214	73
214	10
214	63
214	8
214	31
215	52
215	25
215	77
215	59
215	38
215	21
215	46
215	4
215	97
215	41
215	12
215	6
215	61
215	47
215	69
215	2
215	99
215	62
215	74
215	22
215	60
215	9
216	96
216	65
216	50
216	29
216	13
216	55
216	36
216	73
216	10
216	63
217	31
217	99
217	61
217	52
217	25
217	59
217	12
217	2
217	8
217	6
217	21
217	77
217	41
217	74
217	47
217	38
217	62
217	97
217	22
217	60
217	9
218	96
218	65
218	50
218	29
218	13
218	55
218	10
218	36
219	38
219	8
219	52
219	25
219	21
219	73
219	63
219	31
219	97
219	59
219	77
219	41
219	12
219	6
219	61
219	47
219	99
219	62
219	74
219	22
219	60
219	9
220	96
220	65
220	50
220	29
220	13
220	55
220	73
220	10
220	36
220	63
220	8
221	59
221	38
221	77
221	52
221	25
221	31
221	97
221	41
221	21
221	6
221	61
221	47
221	99
221	12
221	62
221	74
221	22
221	60
221	9
222	96
222	65
222	50
222	29
222	13
222	55
222	10
222	36
222	8
222	73
222	63
223	38
223	77
223	59
223	31
223	25
223	52
223	21
223	97
223	41
223	99
223	12
223	61
223	6
223	47
223	74
223	62
223	60
223	9
224	65
224	29
224	13
224	10
224	36
224	73
224	63
224	8
224	31
225	38
225	25
225	59
225	52
225	77
225	21
225	97
225	41
225	12
225	6
225	61
225	47
225	74
225	99
225	62
225	60
226	9
226	65
226	29
226	13
226	36
226	73
226	10
226	8
226	63
226	31
227	38
227	59
227	25
227	52
227	77
227	21
227	41
227	61
227	47
227	99
227	62
227	74
228	9
228	65
228	13
228	36
228	73
228	10
228	8
228	63
228	31
229	52
229	25
229	77
229	38
229	59
229	21
229	41
229	61
229	47
229	99
229	74
229	62
229	9
230	65
230	13
230	10
230	36
230	73
230	8
230	31
231	38
231	59
231	25
231	77
231	21
231	41
231	47
231	99
231	62
231	74
232	9
232	65
232	13
232	36
232	73
233	31
233	10
233	38
233	25
233	77
233	8
233	59
233	21
233	41
233	47
233	99
233	62
233	74
234	13
234	9
234	65
235	59
235	25
235	36
235	77
235	73
235	31
235	8
235	21
235	10
235	38
235	41
235	47
235	99
235	62
236	65
236	13
236	36
236	73
236	10
236	8
237	25
237	77
237	38
237	31
237	59
237	21
237	41
237	47
237	99
237	62
238	65
238	13
238	36
238	73
238	10
238	8
239	38
239	25
239	77
239	59
239	21
239	41
239	47
239	99
239	62
240	65
240	13
240	73
240	10
240	8
240	36
241	38
241	77
241	59
241	25
241	21
241	41
241	62
241	99
242	65
242	13
242	36
242	10
242	8
242	73
243	38
243	25
243	77
243	59
243	21
243	41
243	99
243	62
244	65
244	13
244	36
244	73
244	10
244	8
245	38
245	59
245	77
245	21
245	41
245	99
245	62
246	65
246	13
246	36
246	10
246	8
246	73
247	38
247	77
247	59
247	21
247	41
247	99
247	62
248	13
248	65
248	36
248	73
248	10
248	8
249	38
249	77
249	59
249	21
249	99
249	62
250	8
250	36
250	41
250	65
250	73
250	13
251	38
251	77
251	59
251	21
251	41
251	62
252	99
252	65
252	13
252	73
252	8
252	36
253	38
253	77
253	59
253	21
253	41
253	62
253	99
254	65
254	13
254	36
254	73
254	8
255	38
255	77
255	59
255	21
255	41
255	99
255	62
256	65
256	13
256	73
256	8
257	38
257	59
257	41
257	99
257	62
258	65
258	13
258	73
258	8
259	38
259	59
259	41
259	99
259	62
260	65
260	13
260	73
260	8
261	38
261	59
261	41
261	62
261	99
262	65
262	13
262	73
263	8
263	59
263	41
263	99
263	62
264	65
264	13
264	73
264	8
265	59
266	41
266	62
266	99
266	65
266	13
266	73
266	8
267	59
267	41
267	62
268	65
268	13
268	73
268	8
269	59
269	41
269	62
270	65
270	13
270	73
270	8
271	59
271	41
271	62
272	65
272	13
272	73
272	8
273	59
273	41
273	62
274	65
274	13
274	73
274	8
275	59
275	41
275	62
276	65
276	13
276	73
276	8
277	59
277	41
278	65
278	62
278	73
278	8
279	59
279	41
279	62
280	65
280	73
280	8
281	59
281	41
282	65
282	73
282	8
283	41
284	65
284	73
284	8
285	41
286	65
286	73
287	41
288	65
288	73
289	41
290	65
291	41
292	65
293	41
295	41
297	41
299	41
301	41
303	41
305	41
307	41
309	41
