0.0	20
1.3000000000029104	11
2.2000000000043656	20
2.2000000000043656	47
2.7000000000043656	11
3.0	42
4.100000000005821	20
4.200000000004366	47
4.400000000001455	11
4.5	42
6.0	47
6.200000000004366	20
6.200000000004366	11
6.30000000000291	42
6.5	3
6.600000000005821	36
6.700000000004366	14
7.200000000004366	35
7.400000000001455	4
7.5	34
7.900000000001455	47
8.10000000000582	20
8.10000000000582	42
8.200000000004366	11
8.60000000000582	36
8.700000000004366	3
8.700000000004366	41
9.30000000000291	14
9.200000000004366	4
9.30000000000291	35
9.400000000001455	27
9.700000000004366	34
10.700000000004366	42
9.900000000001455	47
9.900000000001455	11
10.0	20
10.60000000000582	36
10.60000000000582	41
10.900000000001455	3
11.10000000000582	14
11.10000000000582	4
11.10000000000582	9
11.200000000004366	21
11.400000000001455	27
11.400000000001455	2
11.400000000001455	24
11.60000000000582	42
11.60000000000582	35
11.700000000004366	47
11.700000000004366	11
11.900000000001455	34
11.900000000001455	39
12.0	20
12.200000000004366	37
12.30000000000291	19
12.5	41
12.700000000004366	36
13.30000000000291	13
13.0	9
13.0	4
13.0	21
13.0	3
13.10000000000582	24
13.30000000000291	27
13.30000000000291	2
13.400000000001455	42
13.400000000001455	14
13.5	11
13.60000000000582	47
14.30000000000291	39
13.900000000001455	35
14.0	34
14.10000000000582	20
14.200000000004366	37
14.400000000001455	41
14.400000000001455	19
14.5	45
14.60000000000582	13
14.700000000004366	36
15.400000000001455	21
15.700000000004366	29
14.900000000001455	4
14.900000000001455	24
15.0	9
15.10000000000582	27
15.200000000004366	42
15.200000000004366	2
15.200000000004366	11
15.200000000004366	3
16.200000000004366	20
16.30000000000291	35
16.30000000000291	16
16.30000000000291	41
16.30000000000291	34
16.30000000000291	39
16.30000000000291	14
16.400000000001455	47
16.400000000001455	38
16.5	13
16.5	25
16.5	37
16.60000000000582	45
16.60000000000582	29
16.60000000000582	19
16.60000000000582	21
16.700000000004366	24
16.700000000004366	36
17.10000000000582	4
16.900000000001455	42
17.700000000004366	27
17.700000000004366	47
17.700000000004366	25
17.700000000004366	2
17.700000000004366	3
17.700000000004366	11
17.700000000004366	9
17.700000000004366	7
17.700000000004366	1
17.700000000004366	28
17.700000000004366	39
17.700000000004366	43
17.700000000004366	10
17.900000000001455	14
18.10000000000582	20
18.10000000000582	16
18.60000000000582	37
18.700000000004366	5
18.700000000004366	13
18.700000000004366	50
18.700000000004366	35
18.700000000004366	24
18.700000000004366	19
18.700000000004366	4
18.700000000004366	38
18.700000000004366	42
18.700000000004366	41
19.0	11
19.30000000000291	29
18.900000000001455	36
18.900000000001455	21
19.700000000004366	27
18.900000000001455	45
18.900000000001455	34
19.0	2
19.10000000000582	43
19.10000000000582	28
19.10000000000582	9
19.200000000004366	7
19.30000000000291	25
19.30000000000291	47
19.5	39
19.5	12
19.60000000000582	3
19.60000000000582	1
20.400000000001455	16
19.900000000001455	10
20.0	20
20.0	41
20.10000000000582	37
20.10000000000582	13
20.30000000000291	14
20.30000000000291	5
20.30000000000291	38
20.30000000000291	21
20.30000000000291	18
20.400000000001455	24
20.5	50
20.5	11
20.5	42
20.60000000000582	8
20.60000000000582	34
20.700000000004366	29
20.700000000004366	4
21.0	2
21.0	27
20.900000000001455	19
20.900000000001455	36
20.900000000001455	35
20.900000000001455	43
21.10000000000582	47
21.10000000000582	25
21.200000000004366	7
21.30000000000291	23
21.30000000000291	9
21.400000000001455	44
21.400000000001455	39
21.400000000001455	45
21.5	16
21.5	28
21.5	49
21.60000000000582	30
21.60000000000582	6
21.700000000004366	1
21.700000000004366	20
21.700000000004366	3
21.700000000004366	12
21.900000000001455	41
22.0	13
22.10000000000582	32
22.10000000000582	24
22.10000000000582	21
22.10000000000582	37
22.200000000004366	10
22.200000000004366	38
22.200000000004366	50
22.200000000004366	42
22.30000000000291	15
22.400000000001455	14
22.5	11
22.5	4
22.5	33
22.60000000000582	5
22.60000000000582	8
22.60000000000582	2
22.60000000000582	29
22.700000000004366	27
22.700000000004366	18
22.700000000004366	43
23.400000000001455	34
23.60000000000582	36
23.0	25
23.10000000000582	19
23.10000000000582	35
23.10000000000582	47
23.10000000000582	9
23.200000000004366	44
23.200000000004366	26
23.200000000004366	23
23.200000000004366	39
23.200000000004366	7
23.30000000000291	28
23.30000000000291	16
23.400000000001455	45
23.5	6
23.60000000000582	1
23.700000000004366	20
23.700000000004366	30
24.10000000000582	13
24.400000000001455	41
24.700000000004366	49
24.700000000004366	12
23.900000000001455	21
23.900000000001455	3
24.0	42
24.0	38
24.0	50
24.10000000000582	11
24.10000000000582	24
24.200000000004366	15
24.200000000004366	32
24.200000000004366	33
24.30000000000291	37
24.400000000001455	4
24.400000000001455	10
24.5	27
24.60000000000582	8
24.60000000000582	43
24.60000000000582	29
24.60000000000582	2
24.700000000004366	14
24.900000000001455	36
24.900000000001455	47
24.900000000001455	26
24.900000000001455	5
24.900000000001455	18
25.0	34
25.0	16
25.0	23
25.0	44
25.10000000000582	25
25.200000000004366	9
25.30000000000291	19
25.400000000001455	39
25.400000000001455	35
25.400000000001455	7
25.5	28
25.60000000000582	1
25.60000000000582	20
25.700000000004366	6
25.700000000004366	24
25.700000000004366	13
26.30000000000291	41
25.900000000001455	21
26.0	45
26.0	42
26.400000000001455	11
25.900000000001455	50
25.900000000001455	30
25.900000000001455	38
26.0	33
26.0	15
26.0	12
26.0	49
26.10000000000582	32
26.10000000000582	3
26.30000000000291	4
26.30000000000291	23
26.400000000001455	2
26.400000000001455	43
26.400000000001455	27
26.5	8
26.5	29
26.60000000000582	26
26.60000000000582	37
26.60000000000582	10
26.700000000004366	25
27.5	44
27.60000000000582	47
26.900000000001455	16
26.900000000001455	36
26.900000000001455	14
27.0	34
27.10000000000582	39
27.10000000000582	5
27.200000000004366	9
27.200000000004366	18
27.30000000000291	28
27.30000000000291	7
27.400000000001455	1
27.5	6
27.5	13
27.5	19
27.5	21
27.60000000000582	11
27.60000000000582	42
27.60000000000582	41
27.700000000004366	50
28.0	33
27.900000000001455	35
27.900000000001455	38
27.900000000001455	24
28.0	45
28.0	23
28.10000000000582	32
28.10000000000582	12
28.200000000004366	30
28.200000000004366	4
28.200000000004366	43
28.200000000004366	37
28.200000000004366	27
28.30000000000291	3
28.30000000000291	2
28.30000000000291	15
28.30000000000291	20
28.400000000001455	49
28.5	16
28.5	26
28.60000000000582	29
28.60000000000582	44
28.700000000004366	25
28.700000000004366	8
28.700000000004366	47
28.700000000004366	10
28.900000000001455	39
29.0	36
29.60000000000582	41
29.700000000004366	33
29.700000000004366	14
29.700000000004366	50
29.700000000004366	42
29.700000000004366	18
29.700000000004366	28
29.700000000004366	19
29.700000000004366	1
29.700000000004366	34
29.700000000004366	5
29.700000000004366	21
29.700000000004366	38
29.700000000004366	7
29.700000000004366	11
29.700000000004366	9
29.700000000004366	13
29.900000000001455	24
30.0	23
29.900000000001455	6
29.900000000001455	15
30.0	20
30.0	37
30.0	46
30.0	32
30.10000000000582	4
30.10000000000582	35
30.10000000000582	43
30.10000000000582	2
30.10000000000582	27
30.10000000000582	26
30.200000000004366	16
30.30000000000291	12
30.30000000000291	45
30.30000000000291	30
30.30000000000291	17
30.400000000001455	44
31.10000000000582	39
31.10000000000582	47
31.10000000000582	25
31.10000000000582	36
31.10000000000582	31
31.10000000000582	24
31.10000000000582	29
31.10000000000582	49
31.10000000000582	3
31.10000000000582	13
31.10000000000582	42
31.10000000000582	11
31.10000000000582	10
31.10000000000582	21
31.200000000004366	8
31.30000000000291	50
31.30000000000291	7
31.30000000000291	41
31.400000000001455	33
31.400000000001455	34
31.400000000001455	23
31.400000000001455	6
31.5	9
32.10000000000582	1
32.10000000000582	38
32.10000000000582	43
32.10000000000582	19
32.10000000000582	5
32.10000000000582	32
32.200000000004366	18
32.200000000004366	16
32.200000000004366	20
32.200000000004366	26
32.200000000004366	28
32.200000000004366	15
32.200000000004366	4
32.200000000004366	2
32.200000000004366	44
32.200000000004366	37
32.700000000004366	30
32.700000000004366	17
32.700000000004366	39
32.700000000004366	12
32.700000000004366	47
32.700000000004366	29
32.700000000004366	31
32.700000000004366	46
32.700000000004366	35
33.5	7
33.5	38
33.5	33
33.5	49
33.5	50
33.5	3
33.5	25
33.5	48
33.5	24
33.5	1
33.5	34
33.5	6
33.5	42
33.60000000000582	20
33.60000000000582	11
33.60000000000582	41
33.60000000000582	23
33.60000000000582	9
33.60000000000582	8
33.60000000000582	36
33.60000000000582	45
33.60000000000582	27
34.10000000000582	26
34.5	46
34.5	16
34.700000000004366	32
34.700000000004366	15
34.700000000004366	28
34.700000000004366	43
34.700000000004366	21
33.900000000001455	4
33.900000000001455	13
34.400000000001455	5
34.400000000001455	10
34.400000000001455	44
34.5	47
34.5	37
34.5	29
34.5	39
34.5	14
34.5	14
34.60000000000582	17
34.60000000000582	19
34.60000000000582	24
34.60000000000582	35
34.60000000000582	42
34.60000000000582	27
34.60000000000582	12
34.700000000004366	25
34.700000000004366	11
34.900000000001455	13
35.0	3
35.10000000000582	30
35.60000000000582	45
34.900000000001455	31
34.900000000001455	8
34.900000000001455	33
34.900000000001455	21
34.900000000001455	18
34.900000000001455	50
35.0	2
35.0	23
35.10000000000582	49
35.200000000004366	41
35.200000000004366	36
35.200000000004366	6
35.200000000004366	10
35.30000000000291	15
35.30000000000291	1
35.400000000001455	38
35.400000000001455	7
35.5	16
35.5	26
35.60000000000582	43
35.60000000000582	9
35.700000000004366	48
35.700000000004366	20
35.700000000004366	46
35.700000000004366	34
36.0	27
36.30000000000291	28
35.900000000001455	2
35.900000000001455	44
36.0	4
36.0	14
36.0	32
36.10000000000582	25
36.200000000004366	47
36.200000000004366	37
36.30000000000291	5
36.30000000000291	29
36.400000000001455	19
36.400000000001455	18
36.5	24
36.5	11
36.5	23
36.5	39
36.60000000000582	33
36.60000000000582	42
36.60000000000582	21
36.700000000004366	13
36.700000000004366	17
36.900000000001455	50
37.700000000004366	8
36.900000000001455	30
36.900000000001455	12
36.900000000001455	3
37.0	35
37.10000000000582	41
37.10000000000582	31
37.10000000000582	36
37.10000000000582	45
37.10000000000582	15
37.200000000004366	16
37.30000000000291	6
37.30000000000291	49
37.400000000001455	1
37.400000000001455	38
37.400000000001455	43
37.5	10
37.5	20
37.5	26
37.60000000000582	9
37.60000000000582	7
37.60000000000582	46
37.60000000000582	28
37.60000000000582	4
37.700000000004366	27
37.700000000004366	44
37.700000000004366	2
38.30000000000291	48
37.900000000001455	34
37.900000000001455	25
38.10000000000582	32
38.200000000004366	47
38.200000000004366	42
38.200000000004366	37
38.200000000004366	11
38.30000000000291	29
38.30000000000291	14
38.30000000000291	23
38.30000000000291	24
38.30000000000291	39
38.400000000001455	33
38.400000000001455	21
38.400000000001455	13
38.60000000000582	19
38.60000000000582	5
38.60000000000582	50
38.700000000004366	8
38.700000000004366	18
38.900000000001455	12
39.0	16
39.0	30
39.10000000000582	41
39.10000000000582	26
39.10000000000582	40
39.10000000000582	3
39.200000000004366	38
39.200000000004366	36
39.200000000004366	17
39.30000000000291	43
39.30000000000291	15
39.30000000000291	31
39.30000000000291	35
39.400000000001455	45
39.400000000001455	44
39.400000000001455	6
39.5	20
39.5	7
39.5	1
39.5	2
39.5	4
39.60000000000582	22
39.60000000000582	49
39.60000000000582	10
39.700000000004366	9
39.700000000004366	27
39.900000000001455	28
40.0	25
39.900000000001455	46
39.900000000001455	23
40.0	47
40.0	11
40.0	42
40.0	48
40.10000000000582	34
40.10000000000582	37
40.10000000000582	33
40.200000000004366	39
40.200000000004366	29
40.30000000000291	13
40.30000000000291	21
40.30000000000291	24
40.5	50
40.5	32
40.60000000000582	14
40.700000000004366	16
40.700000000004366	8
40.700000000004366	19
41.400000000001455	41
41.400000000001455	26
40.900000000001455	15
40.900000000001455	5
41.0	12
41.0	40
41.0	17
41.10000000000582	18
41.10000000000582	38
41.10000000000582	43
41.200000000004366	36
41.30000000000291	30
41.30000000000291	6
41.400000000001455	7
41.400000000001455	46
41.400000000001455	44
41.400000000001455	2
41.5	1
41.5	27
41.5	20
41.5	4
41.5	35
41.5	31
41.60000000000582	3
41.60000000000582	9
41.60000000000582	25
41.60000000000582	23
41.700000000004366	45
41.700000000004366	42
41.700000000004366	11
42.0	22
42.200000000004366	24
42.30000000000291	10
41.900000000001455	47
41.900000000001455	49
41.900000000001455	32
41.900000000001455	33
42.0	28
42.0	21
42.10000000000582	39
42.10000000000582	13
42.10000000000582	37
42.200000000004366	29
42.200000000004366	50
42.200000000004366	34
42.200000000004366	48
42.400000000001455	16
42.60000000000582	26
42.700000000004366	41
43.10000000000582	8
42.900000000001455	40
42.900000000001455	15
42.900000000001455	19
42.900000000001455	14
43.0	38
43.0	43
43.10000000000582	44
43.200000000004366	5
43.200000000004366	12
43.200000000004366	17
43.200000000004366	36
43.30000000000291	18
43.30000000000291	2
43.30000000000291	27
43.30000000000291	46
43.400000000001455	7
43.400000000001455	23
43.400000000001455	4
43.400000000001455	6
43.5	42
43.5	11
43.5	30
43.5	9
43.5	25
43.5	1
43.5	3
43.60000000000582	20
43.700000000004366	24
43.700000000004366	33
43.700000000004366	31
44.5	47
44.400000000001455	32
43.900000000001455	21
43.900000000001455	13
43.900000000001455	35
44.0	39
44.0	45
44.0	22
44.0	10
44.0	50
44.0	28
44.10000000000582	49
44.200000000004366	29
44.30000000000291	16
44.400000000001455	37
44.400000000001455	26
44.5	48
44.5	34
44.5	41
44.60000000000582	15
44.700000000004366	40
44.700000000004366	43
45.5	44
44.900000000001455	38
45.0	8
45.10000000000582	19
45.10000000000582	2
45.10000000000582	6
45.10000000000582	14
45.60000000000582	27
45.60000000000582	33
45.60000000000582	12
45.60000000000582	1
45.60000000000582	42
45.60000000000582	25
45.60000000000582	4
45.60000000000582	36
45.60000000000582	5
46.200000000004366	29
46.200000000004366	16
46.200000000004366	37
46.200000000004366	28
46.200000000004366	35
46.200000000004366	31
46.200000000004366	47
46.200000000004366	3
46.200000000004366	26
46.200000000004366	21
46.200000000004366	17
46.200000000004366	46
46.200000000004366	30
46.200000000004366	11
46.200000000004366	9
46.30000000000291	10
46.30000000000291	22
46.30000000000291	39
46.30000000000291	18
46.30000000000291	32
46.30000000000291	24
46.30000000000291	7
46.400000000001455	23
46.400000000001455	41
46.400000000001455	50
46.400000000001455	20
46.400000000001455	45
46.400000000001455	15
46.5	49
46.5	40
46.60000000000582	13
46.60000000000582	34
46.60000000000582	43
46.60000000000582	44
46.700000000004366	48
46.700000000004366	38
47.200000000004366	23
47.0	2
47.0	8
47.0	42
47.0	11
47.10000000000582	27
47.10000000000582	6
47.200000000004366	24
47.200000000004366	33
47.200000000004366	4
47.30000000000291	46
47.30000000000291	36
47.30000000000291	19
47.400000000001455	14
47.400000000001455	25
48.0	20
48.0	32
48.0	1
48.0	5
48.0	50
48.0	26
48.0	7
48.0	18
48.0	39
48.0	17
48.0	47
48.0	3
48.0	29
48.700000000004366	21
48.700000000004366	23
48.700000000004366	28
48.700000000004366	10
48.700000000004366	22
48.700000000004366	45
48.700000000004366	16
48.700000000004366	44
48.700000000004366	30
48.700000000004366	13
48.700000000004366	9
48.700000000004366	35
48.700000000004366	12
48.700000000004366	38
48.700000000004366	43
48.700000000004366	40
48.700000000004366	37
48.700000000004366	34
48.700000000004366	41
48.900000000001455	31
49.0	42
49.0	11
49.30000000000291	49
49.60000000000582	2
48.900000000001455	48
48.900000000001455	15
48.900000000001455	27
49.0	24
49.0	46
49.0	33
49.0	4
49.0	8
49.10000000000582	25
49.200000000004366	1
49.30000000000291	6
49.30000000000291	21
49.30000000000291	36
49.400000000001455	16
49.400000000001455	13
49.400000000001455	47
49.5	7
49.700000000004366	14
49.700000000004366	20
49.700000000004366	12
49.700000000004366	39
49.700000000004366	17
49.700000000004366	9
49.900000000001455	37
49.900000000001455	30
49.900000000001455	50
49.900000000001455	19
50.0	3
50.0	32
50.0	5
50.0	26
50.0	29
50.200000000004366	15
50.200000000004366	23
50.200000000004366	18
50.200000000004366	41
50.200000000004366	44
50.30000000000291	43
50.30000000000291	40
50.400000000001455	28
50.5	31
50.5	38
50.5	11
50.60000000000582	42
50.60000000000582	10
50.60000000000582	22
51.10000000000582	24
51.30000000000291	33
51.400000000001455	45
51.5	27
50.900000000001455	49
50.900000000001455	35
50.900000000001455	34
50.900000000001455	4
50.900000000001455	46
51.0	25
51.10000000000582	48
51.10000000000582	2
51.10000000000582	8
51.200000000004366	16
51.200000000004366	1
51.200000000004366	13
51.30000000000291	6
51.400000000001455	47
51.400000000001455	21
51.400000000001455	36
51.400000000001455	50
51.5	26
51.5	39
51.5	20
51.5	7
51.700000000004366	19
51.700000000004366	17
51.900000000001455	12
52.400000000001455	37
52.60000000000582	9
51.900000000001455	23
51.900000000001455	14
51.900000000001455	29
52.0	32
52.0	15
52.10000000000582	44
52.10000000000582	41
52.200000000004366	30
52.200000000004366	43
52.200000000004366	3
52.200000000004366	40
52.30000000000291	5
52.400000000001455	28
52.400000000001455	42
52.400000000001455	38
52.400000000001455	11
52.5	18
52.5	33
52.60000000000582	2
52.60000000000582	24
52.700000000004366	31
53.0	46
53.0	10
52.900000000001455	27
53.5	25
53.700000000004366	22
52.900000000001455	16
52.900000000001455	21
52.900000000001455	4
53.0	35
53.10000000000582	13
53.10000000000582	34
53.10000000000582	8
53.10000000000582	49
53.10000000000582	45
53.200000000004366	50
53.30000000000291	26
53.30000000000291	48
53.400000000001455	47
53.400000000001455	6
53.400000000001455	36
53.60000000000582	1
53.60000000000582	23
53.60000000000582	20
53.60000000000582	39
53.60000000000582	7
53.60000000000582	9
54.200000000004366	37
53.900000000001455	44
53.900000000001455	43
53.900000000001455	12
53.900000000001455	29
53.900000000001455	19
53.900000000001455	15
53.900000000001455	17
54.0	40
54.0	41
54.0	32
54.10000000000582	11
54.10000000000582	42
54.200000000004366	14
54.30000000000291	30
54.30000000000291	33
54.30000000000291	38
54.30000000000291	3
54.30000000000291	24
54.400000000001455	27
54.5	2
54.5	28
54.60000000000582	46
54.60000000000582	5
54.700000000004366	25
54.700000000004366	4
54.900000000001455	18
55.30000000000291	21
55.30000000000291	16
54.900000000001455	31
54.900000000001455	10
55.0	13
55.0	50
55.10000000000582	26
55.10000000000582	22
55.10000000000582	47
55.200000000004366	6
55.200000000004366	8
55.200000000004366	34
55.30000000000291	23
55.30000000000291	49
55.400000000001455	39
55.400000000001455	35
55.400000000001455	45
55.400000000001455	36
55.400000000001455	1
55.5	20
55.5	48
55.60000000000582	9
55.700000000004366	44
55.700000000004366	43
56.0	37
56.400000000001455	40
56.400000000001455	29
56.700000000004366	11
55.900000000001455	42
55.900000000001455	15
55.900000000001455	7
55.900000000001455	41
56.0	32
56.0	17
56.10000000000582	12
56.10000000000582	33
56.10000000000582	19
56.10000000000582	24
56.200000000004366	38
56.30000000000291	2
56.30000000000291	27
56.400000000001455	16
56.5	3
56.5	28
56.60000000000582	25
56.60000000000582	21
56.60000000000582	30
56.60000000000582	14
56.700000000004366	46
56.700000000004366	4
57.30000000000291	50
57.60000000000582	13
57.700000000004366	26
57.0	47
57.10000000000582	31
57.10000000000582	5
57.10000000000582	23
57.10000000000582	8
57.200000000004366	39
57.200000000004366	6
57.200000000004366	10
57.30000000000291	22
57.30000000000291	18
57.400000000001455	1
57.400000000001455	20
57.5	34
57.5	44
57.5	36
57.60000000000582	49
57.60000000000582	11
57.60000000000582	42
57.60000000000582	35
57.60000000000582	43
57.700000000004366	15
57.700000000004366	45
57.700000000004366	40
58.700000000004366	41
57.900000000001455	37
58.400000000001455	29
58.400000000001455	48
58.400000000001455	33
58.700000000004366	7
57.900000000001455	24
57.900000000001455	9
58.10000000000582	32
58.10000000000582	38
58.10000000000582	16
58.200000000004366	2
58.200000000004366	12
58.200000000004366	27
58.200000000004366	17
58.30000000000291	19
58.400000000001455	21
58.400000000001455	25
58.5	46
58.5	4
58.60000000000582	13
58.60000000000582	28
58.700000000004366	50
58.700000000004366	3
58.900000000001455	30
58.900000000001455	14
59.30000000000291	26
58.900000000001455	23
58.900000000001455	47
59.0	39
59.10000000000582	6
59.200000000004366	5
59.200000000004366	8
59.30000000000291	31
59.30000000000291	10
59.30000000000291	44
59.30000000000291	18
59.400000000001455	42
59.400000000001455	1
59.400000000001455	11
59.5	15
59.5	20
59.5	43
59.60000000000582	41
59.60000000000582	33
59.60000000000582	36
59.60000000000582	22
59.60000000000582	34
59.700000000004366	24
60.10000000000582	29
60.30000000000291	40
59.900000000001455	16
59.900000000001455	37
59.900000000001455	45
59.900000000001455	7
60.0	49
60.0	35
60.0	9
60.0	32
60.0	38
60.10000000000582	2
60.200000000004366	48
60.200000000004366	21
60.200000000004366	27
60.30000000000291	25
60.30000000000291	17
60.30000000000291	46
60.400000000001455	12
60.400000000001455	23
60.400000000001455	13
60.5	50
60.5	4
60.5	26
60.5	19
60.700000000004366	28
61.400000000001455	44
61.400000000001455	43
61.400000000001455	30
61.400000000001455	3
61.400000000001455	47
61.400000000001455	11
61.400000000001455	40
61.400000000001455	14
61.400000000001455	8
61.400000000001455	42
61.400000000001455	6
61.400000000001455	5
61.400000000001455	15
62.900000000001455	29
62.900000000001455	17
62.900000000001455	24
62.900000000001455	21
62.900000000001455	26
62.900000000001455	2
62.900000000001455	32
62.900000000001455	37
62.900000000001455	20
62.900000000001455	36
62.900000000001455	38
62.900000000001455	47
62.900000000001455	1
62.900000000001455	22
62.900000000001455	50
62.900000000001455	34
62.900000000001455	12
62.900000000001455	13
63.30000000000291	49
63.30000000000291	30
63.30000000000291	44
63.30000000000291	33
63.30000000000291	33
63.30000000000291	14
63.30000000000291	4
63.30000000000291	35
63.30000000000291	9
63.30000000000291	42
63.30000000000291	27
63.30000000000291	28
63.30000000000291	10
63.30000000000291	31
63.30000000000291	3
63.30000000000291	40
63.900000000001455	24
63.900000000001455	25
63.900000000001455	16
63.900000000001455	16
63.900000000001455	1
63.900000000001455	2
63.900000000001455	39
63.900000000001455	39
63.900000000001455	21
63.900000000001455	11
63.900000000001455	48
63.900000000001455	10
63.900000000001455	37
63.900000000001455	38
63.900000000001455	27
63.900000000001455	29
63.900000000001455	8
63.900000000001455	5
63.900000000001455	31
63.900000000001455	22
63.900000000001455	34
63.900000000001455	36
64.0	46
64.0	9
64.0	26
64.0	32
64.0	43
64.0	7
64.0	7
64.0	6
64.0	25
64.0	18
64.0	18
64.10000000000582	23
64.10000000000582	23
64.10000000000582	45
64.10000000000582	50
64.10000000000582	15
64.10000000000582	46
64.20000000000437	19
64.20000000000437	20
64.30000000000291	4
64.40000000000146	13
64.40000000000146	48
64.40000000000146	49
64.40000000000146	41
64.40000000000146	41
65.10000000000582	35
65.10000000000582	17
65.30000000000291	45
65.40000000000146	28
65.40000000000146	39
65.40000000000146	47
64.90000000000146	42
64.90000000000146	44
64.90000000000146	33
64.90000000000146	12
64.90000000000146	11
64.90000000000146	19
65.10000000000582	43
65.10000000000582	6
65.10000000000582	8
65.10000000000582	24
65.10000000000582	16
65.20000000000437	15
65.20000000000437	40
65.20000000000437	3
65.20000000000437	30
65.30000000000291	41
65.30000000000291	20
65.40000000000146	1
65.5	23
65.60000000000582	14
65.60000000000582	29
65.60000000000582	36
65.70000000000437	21
65.70000000000437	2
65.70000000000437	38
65.70000000000437	26
65.90000000000146	50
65.90000000000146	13
65.90000000000146	25
65.90000000000146	27
65.90000000000146	37
66.0	10
66.0	32
66.10000000000582	46
66.10000000000582	5
66.10000000000582	4
66.10000000000582	31
66.10000000000582	34
66.10000000000582	9
66.10000000000582	7
66.10000000000582	22
66.30000000000291	18
66.40000000000146	11
66.5	47
66.5	42
66.5	48
66.60000000000582	49
66.70000000000437	44
66.70000000000437	39
66.70000000000437	33
66.70000000000437	17
67.10000000000582	43
67.40000000000146	35
67.70000000000437	16
67.70000000000437	45
66.90000000000146	28
67.0	40
67.0	24
67.10000000000582	12
67.10000000000582	8
67.10000000000582	1
67.10000000000582	19
67.10000000000582	41
67.20000000000437	6
67.20000000000437	23
67.30000000000291	15
67.40000000000146	20
67.40000000000146	3
67.40000000000146	36
67.60000000000582	38
67.60000000000582	26
67.60000000000582	29
67.60000000000582	21
67.60000000000582	2
67.60000000000582	30
67.70000000000437	50
67.70000000000437	13
68.10000000000582	14
68.20000000000437	27
68.30000000000291	25
67.90000000000146	46
68.0	32
68.0	4
68.0	37
68.0	9
68.10000000000582	10
68.10000000000582	7
68.20000000000437	31
68.20000000000437	11
68.30000000000291	47
68.30000000000291	5
68.30000000000291	44
68.40000000000146	22
68.40000000000146	34
68.40000000000146	33
68.5	42
68.5	18
68.5	39
68.60000000000582	16
68.60000000000582	43
68.70000000000437	24
68.90000000000146	48
69.30000000000291	15
69.30000000000291	40
68.90000000000146	23
68.90000000000146	17
68.90000000000146	49
69.0	28
69.0	41
69.0	6
69.10000000000582	45
69.10000000000582	12
69.10000000000582	1
69.10000000000582	35
69.30000000000291	20
69.30000000000291	21
69.30000000000291	19
69.30000000000291	8
69.40000000000146	26
69.5	36
69.5	38
69.5	3
69.5	50
69.5	13
69.5	29
69.60000000000582	30
69.60000000000582	2
69.60000000000582	25
69.60000000000582	27
70.70000000000437	46
70.70000000000437	37
69.90000000000146	4
70.0	11
70.0	42
70.0	14
70.10000000000582	9
70.10000000000582	7
70.10000000000582	32
70.20000000000437	44
70.20000000000437	47
70.30000000000291	33
70.30000000000291	10
70.30000000000291	16
70.40000000000146	39
70.40000000000146	43
70.40000000000146	31
70.40000000000146	34
70.5	24
70.60000000000582	22
70.60000000000582	23
70.70000000000437	5
70.70000000000437	15
70.70000000000437	40
70.90000000000146	18
70.90000000000146	41
71.0	6
71.0	17
71.0	28
71.10000000000582	1
71.10000000000582	21
71.10000000000582	12
71.10000000000582	26
71.10000000000582	49
71.20000000000437	48
71.20000000000437	20
71.30000000000291	2
71.40000000000146	13
71.40000000000146	8
71.40000000000146	50
71.40000000000146	38
71.40000000000146	45
71.5	29
71.5	27
71.5	35
71.5	36
71.60000000000582	25
71.70000000000437	46
71.70000000000437	30
71.70000000000437	11
72.30000000000291	3
72.30000000000291	19
72.30000000000291	42
71.90000000000146	4
71.90000000000146	37
71.90000000000146	44
72.0	32
72.0	33
72.10000000000582	47
72.10000000000582	16
72.10000000000582	9
72.20000000000437	7
72.20000000000437	39
72.30000000000291	43
72.30000000000291	14
72.40000000000146	23
72.40000000000146	24
72.5	10
72.5	15
72.5	40
72.70000000000437	31
72.70000000000437	34
72.90000000000146	41
73.10000000000582	22
72.90000000000146	26
72.90000000000146	5
72.90000000000146	21
73.0	6
73.10000000000582	18
73.20000000000437	2
73.20000000000437	28
73.20000000000437	48
73.20000000000437	13
73.20000000000437	50
73.20000000000437	17
73.30000000000291	12
73.30000000000291	20
73.30000000000291	38
73.30000000000291	1
73.30000000000291	25
73.40000000000146	49
73.40000000000146	29
73.5	8
73.5	27
73.5	11
73.5	42
73.60000000000582	46
73.60000000000582	45
73.70000000000437	4
73.70000000000437	35
74.10000000000582	36
74.20000000000437	44
74.20000000000437	19
74.20000000000437	33
73.90000000000146	37
73.90000000000146	3
73.90000000000146	16
73.90000000000146	30
73.90000000000146	47
74.0	32
74.0	23
74.10000000000582	24
74.20000000000437	43
74.20000000000437	39
74.30000000000291	7
74.40000000000146	40
74.40000000000146	9
74.5	15
74.60000000000582	14
74.60000000000582	41
74.70000000000437	21
74.70000000000437	10
75.0	34
75.0	26
74.90000000000146	31
75.0	50
75.0	22
75.0	13
75.0	2
75.10000000000582	6
75.10000000000582	38
75.20000000000437	25
75.20000000000437	5
75.20000000000437	20
75.30000000000291	28
75.30000000000291	1
75.30000000000291	11
75.40000000000146	27
75.40000000000146	29
75.40000000000146	48
75.40000000000146	12
75.5	46
75.5	18
75.5	8
75.5	33
75.5	17
75.5	44
75.60000000000582	16
75.60000000000582	49
75.60000000000582	42
75.70000000000437	23
75.70000000000437	4
75.90000000000146	36
76.20000000000437	37
76.60000000000582	47
75.90000000000146	24
75.90000000000146	45
75.90000000000146	43
75.90000000000146	19
76.0	32
76.0	39
76.0	7
76.0	35
76.0	3
76.10000000000582	30
76.20000000000437	9
76.20000000000437	15
76.20000000000437	40
77.0	50
77.0	26
77.0	6
77.0	13
77.0	34
77.0	38
77.0	11
77.10000000000582	14
77.10000000000582	10
77.10000000000582	21
77.10000000000582	41
77.10000000000582	42
77.10000000000582	31
77.10000000000582	25
77.20000000000437	20
77.20000000000437	27
77.20000000000437	22
77.30000000000291	1
77.30000000000291	28
77.30000000000291	33
77.30000000000291	8
77.30000000000291	29
77.30000000000291	16
77.30000000000291	4
77.30000000000291	44
77.40000000000146	46
77.40000000000146	2
77.40000000000146	23
77.5	5
77.5	17
77.60000000000582	12
77.60000000000582	36
77.60000000000582	48
77.60000000000582	24
77.70000000000437	18
77.70000000000437	47
78.60000000000582	43
78.0	37
77.90000000000146	39
77.90000000000146	49
78.0	32
78.0	15
78.10000000000582	7
78.10000000000582	40
78.10000000000582	19
78.20000000000437	9
78.20000000000437	45
78.30000000000291	26
78.60000000000582	3
78.60000000000582	30
78.60000000000582	21
78.70000000000437	35
79.30000000000291	50
79.30000000000291	1
79.30000000000291	14
79.30000000000291	44
79.30000000000291	46
79.30000000000291	10
79.30000000000291	42
79.30000000000291	25
79.30000000000291	13
79.40000000000146	8
79.40000000000146	33
79.40000000000146	38
79.40000000000146	31
79.5	28
79.5	34
79.5	29
79.5	23
79.5	4
79.5	16
80.5	12
80.5	48
80.70000000000437	37
80.70000000000437	47
80.70000000000437	39
80.70000000000437	17
79.90000000000146	11
79.90000000000146	27
79.90000000000146	36
79.90000000000146	5
79.90000000000146	6
79.90000000000146	15
80.0	40
80.0	32
80.0	2
80.0	26
80.0	18
80.0	20
80.10000000000582	41
80.10000000000582	7
80.10000000000582	43
80.20000000000437	21
80.20000000000437	49
80.20000000000437	24
80.30000000000291	9
80.30000000000291	22
80.40000000000146	41
80.40000000000146	19
80.40000000000146	3
80.40000000000146	50
80.5	30
80.5	45
80.60000000000582	11
80.60000000000582	2
80.70000000000437	13
80.70000000000437	42
80.70000000000437	35
81.20000000000437	16
81.20000000000437	25
81.30000000000291	33
81.5	38
80.90000000000146	6
81.0	44
81.0	23
81.0	27
81.10000000000582	4
81.20000000000437	20
81.20000000000437	29
81.20000000000437	46
81.20000000000437	24
81.20000000000437	1
81.30000000000291	10
81.30000000000291	34
81.40000000000146	8
81.40000000000146	28
81.40000000000146	43
81.5	14
81.5	47
81.60000000000582	31
81.70000000000437	22
81.70000000000437	39
81.70000000000437	36
81.70000000000437	37
82.30000000000291	17
82.40000000000146	15
81.90000000000146	32
82.0	40
82.0	12
82.0	48
82.0	5
82.10000000000582	26
82.10000000000582	7
82.10000000000582	21
82.20000000000437	41
82.20000000000437	50
82.20000000000437	9
82.40000000000146	11
82.40000000000146	13
82.40000000000146	18
82.40000000000146	49
82.40000000000146	42
82.5	2
82.60000000000582	3
82.60000000000582	33
82.60000000000582	19
82.60000000000582	16
82.70000000000437	23
82.70000000000437	6
82.70000000000437	30
82.70000000000437	38
83.40000000000146	27
83.5	45
83.5	44
83.60000000000582	25
83.0	4
83.0	35
83.10000000000582	24
83.10000000000582	1
83.10000000000582	20
83.10000000000582	46
83.10000000000582	29
83.30000000000291	43
83.40000000000146	47
83.40000000000146	10
83.5	34
83.5	28
83.60000000000582	39
83.60000000000582	26
83.60000000000582	15
83.60000000000582	8
83.70000000000437	14
83.70000000000437	40
83.70000000000437	37
84.0	31
84.10000000000582	21
83.90000000000146	22
83.90000000000146	17
83.90000000000146	36
83.90000000000146	32
84.0	12
84.0	50
84.10000000000582	41
84.10000000000582	11
84.20000000000437	42
84.20000000000437	7
84.20000000000437	13
84.20000000000437	23
84.30000000000291	9
84.30000000000291	48
84.30000000000291	5
84.30000000000291	16
84.30000000000291	33
84.40000000000146	2
84.5	25
84.60000000000582	44
84.60000000000582	18
84.60000000000582	38
84.70000000000437	6
84.70000000000437	27
84.70000000000437	49
84.70000000000437	3
85.10000000000582	19
84.90000000000146	20
84.90000000000146	24
84.90000000000146	30
84.90000000000146	46
85.0	1
85.0	45
85.0	4
85.10000000000582	29
85.20000000000437	43
85.20000000000437	35
85.30000000000291	47
85.30000000000291	26
85.5	15
85.5	39
85.5	40
85.60000000000582	28
85.60000000000582	10
85.60000000000582	21
85.60000000000582	8
85.60000000000582	34
85.70000000000437	37
85.90000000000146	50
85.90000000000146	23
85.90000000000146	14
85.90000000000146	11
85.90000000000146	42
85.90000000000146	32
85.90000000000146	41
85.90000000000146	36
86.0	17
86.0	16
86.10000000000582	31
86.10000000000582	13
86.10000000000582	33
86.10000000000582	22
86.20000000000437	12
86.20000000000437	7
86.30000000000291	2
86.30000000000291	9
86.40000000000146	44
86.40000000000146	25
86.60000000000582	27
86.70000000000437	5
86.70000000000437	24
87.30000000000291	38
86.90000000000146	48
87.60000000000582	6
86.90000000000146	46
86.90000000000146	49
86.90000000000146	3
86.90000000000146	43
86.90000000000146	4
87.0	1
87.0	30
87.0	18
87.10000000000582	19
87.10000000000582	20
87.20000000000437	29
87.20000000000437	47
87.30000000000291	39
87.30000000000291	45
87.40000000000146	21
87.40000000000146	26
87.5	40
87.5	37
87.5	35
87.60000000000582	15
87.70000000000437	23
87.70000000000437	8
87.70000000000437	11
87.70000000000437	42
87.70000000000437	50
87.70000000000437	28
88.10000000000582	10
88.20000000000437	34
87.90000000000146	33
87.90000000000146	16
87.90000000000146	13
87.90000000000146	32
88.0	36
88.10000000000582	25
88.10000000000582	2
88.20000000000437	41
88.20000000000437	17
88.20000000000437	44
88.30000000000291	22
88.30000000000291	12
88.30000000000291	7
88.30000000000291	14
88.40000000000146	31
88.40000000000146	24
88.40000000000146	38
88.40000000000146	9
88.5	27
88.70000000000437	48
88.90000000000146	43
88.90000000000146	46
89.60000000000582	4
88.90000000000146	6
89.0	5
89.0	26
89.0	47
89.10000000000582	29
89.10000000000582	20
89.10000000000582	3
89.20000000000437	30
89.20000000000437	1
89.20000000000437	15
89.20000000000437	39
89.20000000000437	18
89.20000000000437	49
89.20000000000437	19
89.20000000000437	40
89.30000000000291	23
89.40000000000146	21
89.40000000000146	11
89.5	42
89.5	50
89.5	37
89.5	16
89.70000000000437	33
89.70000000000437	28
89.70000000000437	8
89.70000000000437	13
89.70000000000437	45
89.70000000000437	41
90.40000000000146	35
89.90000000000146	32
90.0	25
90.0	2
90.0	44
90.0	10
90.0	36
90.10000000000582	34
90.30000000000291	24
90.30000000000291	38
90.30000000000291	17
90.40000000000146	9
90.40000000000146	27
91.0	29
91.0	7
91.0	47
91.0	31
91.0	12
91.0	4
91.0	43
91.0	48
91.0	6
91.0	22
91.10000000000582	23
91.10000000000582	1
91.10000000000582	39
91.10000000000582	46
91.10000000000582	40
91.10000000000582	15
91.10000000000582	20
91.20000000000437	26
91.20000000000437	11
91.20000000000437	5
91.20000000000437	14
91.20000000000437	21
91.20000000000437	42
91.30000000000291	3
91.30000000000291	16
91.30000000000291	50
91.40000000000146	19
91.40000000000146	30
91.40000000000146	49
91.40000000000146	33
91.5	18
91.5	13
91.60000000000582	28
91.60000000000582	37
91.70000000000437	8
92.20000000000437	25
92.20000000000437	44
91.90000000000146	2
91.90000000000146	45
92.0	32
92.0	24
92.0	36
92.10000000000582	35
92.10000000000582	34
92.20000000000437	10
92.20000000000437	38
94.40000000000146	40
94.40000000000146	31
94.40000000000146	28
94.40000000000146	7
94.40000000000146	33
94.40000000000146	3
94.40000000000146	22
94.40000000000146	8
94.40000000000146	39
94.40000000000146	19
94.40000000000146	42
94.40000000000146	12
94.40000000000146	18
94.40000000000146	43
94.40000000000146	43
94.40000000000146	38
94.40000000000146	15
94.40000000000146	1
94.40000000000146	32
94.40000000000146	23
94.40000000000146	36
94.40000000000146	35
94.40000000000146	50
94.40000000000146	45
94.40000000000146	11
94.40000000000146	24
94.40000000000146	29
94.40000000000146	17
94.40000000000146	44
94.5	2
94.5	26
94.5	26
94.5	16
94.5	9
94.5	9
94.5	20
94.5	46
94.5	46
94.5	4
94.5	6
94.5	5
94.5	49
94.5	48
94.5	14
94.5	21
94.5	34
94.5	27
94.5	27
94.5	4
94.5	13
94.60000000000582	7
94.70000000000437	10
94.70000000000437	29
94.70000000000437	11
94.70000000000437	17
94.90000000000146	20
95.10000000000582	15
95.10000000000582	23
95.70000000000437	16
94.90000000000146	39
94.90000000000146	37
94.90000000000146	12
94.90000000000146	31
95.0	21
95.0	6
95.0	33
95.0	50
95.0	22
95.10000000000582	14
95.5	1
95.5	42
95.5	44
95.5	48
95.5	30
95.60000000000582	24
95.70000000000437	3
95.70000000000437	37
95.70000000000437	25
95.70000000000437	40
95.70000000000437	2
95.70000000000437	30
95.70000000000437	13
95.70000000000437	25
95.90000000000146	8
96.0	19
96.10000000000582	5
95.90000000000146	32
95.90000000000146	49
96.0	28
96.0	26
96.0	38
96.10000000000582	18
96.10000000000582	27
96.10000000000582	36
96.20000000000437	43
96.30000000000291	46
96.30000000000291	23
96.5	9
96.5	34
96.5	4
96.5	11
96.5	10
96.60000000000582	45
96.60000000000582	16
96.60000000000582	29
96.60000000000582	21
96.60000000000582	15
96.60000000000582	7
96.70000000000437	20
96.70000000000437	42
96.70000000000437	33
97.0	35
97.20000000000437	6
97.20000000000437	50
97.20000000000437	39
96.90000000000146	17
96.90000000000146	12
96.90000000000146	40
97.0	13
97.0	1
97.10000000000582	31
97.20000000000437	44
97.30000000000291	22
97.30000000000291	14
97.40000000000146	24
97.5	2
97.5	48
97.60000000000582	25
97.60000000000582	37
98.20000000000437	8
98.20000000000437	26
98.60000000000582	3
98.60000000000582	23
97.90000000000146	32
97.90000000000146	27
97.90000000000146	43
97.90000000000146	38
98.0	28
98.0	19
98.0	30
98.0	5
98.20000000000437	36
98.20000000000437	46
98.20000000000437	49
98.20000000000437	16
98.20000000000437	11
98.30000000000291	9
98.30000000000291	21
98.30000000000291	4
98.30000000000291	42
98.40000000000146	18
98.5	40
98.60000000000582	50
98.60000000000582	33
98.60000000000582	39
98.70000000000437	20
98.70000000000437	15
98.70000000000437	10
99.60000000000582	29
98.90000000000146	45
98.90000000000146	6
99.0	7
99.0	34
99.40000000000146	13
98.90000000000146	1
99.0	17
99.0	35
99.10000000000582	44
99.20000000000437	24
99.20000000000437	12
99.30000000000291	31
99.40000000000146	2
99.40000000000146	22
99.5	25
99.5	23
99.60000000000582	37
99.70000000000437	14
99.70000000000437	26
99.90000000000146	27
99.90000000000146	38
100.0	48
100.0	43
100.5	8
99.90000000000146	32
99.90000000000146	3
100.0	11
100.0	16
100.10000000000582	46
100.10000000000582	28
100.10000000000582	21
100.10000000000582	42
100.20000000000437	30
100.20000000000437	4
100.20000000000437	36
100.30000000000291	33
100.30000000000291	19
100.30000000000291	15
100.5	40
100.5	50
100.5	49
100.5	39
100.60000000000582	29
100.60000000000582	5
100.60000000000582	9
100.60000000000582	18
100.60000000000582	13
100.70000000000437	6
101.20000000000437	7
101.40000000000146	34
100.90000000000146	44
100.90000000000146	1
101.0	10
101.0	45
101.10000000000582	20
101.10000000000582	17
101.20000000000437	2
101.20000000000437	24
101.30000000000291	25
101.30000000000291	35
101.40000000000146	12
101.40000000000146	26
101.40000000000146	23
101.60000000000582	37
101.70000000000437	38
101.70000000000437	31
101.70000000000437	27
101.70000000000437	16
101.70000000000437	43
102.0	11
102.30000000000291	22
102.30000000000291	14
101.90000000000146	8
101.90000000000146	42
101.90000000000146	32
102.0	46
102.0	48
102.10000000000582	21
102.10000000000582	33
102.10000000000582	4
102.10000000000582	3
102.20000000000437	28
102.20000000000437	15
102.30000000000291	30
102.30000000000291	36
102.30000000000291	40
102.40000000000146	50
102.40000000000146	9
102.40000000000146	39
102.5	6
102.5	13
102.5	19
102.5	7
102.60000000000582	44
102.70000000000437	29
102.70000000000437	5
103.30000000000291	24
103.30000000000291	20
102.90000000000146	49
102.90000000000146	18
102.90000000000146	1
103.0	23
103.0	34
103.10000000000582	26
103.20000000000437	2
103.20000000000437	17
103.20000000000437	10
103.30000000000291	45
103.30000000000291	25
103.40000000000146	12
103.40000000000146	43
103.5	27
103.5	11
103.5	37
103.60000000000582	38
103.60000000000582	35
103.60000000000582	42
103.60000000000582	16
103.70000000000437	8
104.20000000000437	21
104.30000000000291	22
104.40000000000146	33
104.70000000000437	31
104.70000000000437	46
104.0	32
104.0	4
104.10000000000582	50
104.10000000000582	15
104.10000000000582	14
104.20000000000437	48
104.20000000000437	40
104.30000000000291	13
104.30000000000291	36
104.30000000000291	28
104.30000000000291	39
104.40000000000146	3
104.40000000000146	44
104.5	30
104.5	24
104.60000000000582	20
104.60000000000582	29
104.60000000000582	9
104.60000000000582	23
104.60000000000582	6
104.70000000000437	19
104.70000000000437	7
104.90000000000146	5
104.90000000000146	26
104.90000000000146	49
105.0	2
105.0	25
105.10000000000582	1
105.20000000000437	34
105.20000000000437	16
105.20000000000437	18
105.30000000000291	10
105.30000000000291	11
105.40000000000146	17
105.40000000000146	38
105.5	42
105.5	27
105.5	37
105.5	12
105.60000000000582	45
105.60000000000582	33
105.60000000000582	21
105.70000000000437	8
106.30000000000291	46
105.90000000000146	50
105.90000000000146	32
106.5	39
106.5	3
106.5	36
106.5	44
106.5	35
106.5	15
106.5	14
106.5	24
106.5	23
107.10000000000582	4
107.10000000000582	6
107.10000000000582	16
107.20000000000437	29
107.20000000000437	13
107.20000000000437	7
107.20000000000437	22
107.20000000000437	9
107.20000000000437	48
107.20000000000437	20
107.20000000000437	11
107.20000000000437	42
107.20000000000437	5
107.20000000000437	31
107.20000000000437	19
107.20000000000437	2
107.30000000000291	49
107.30000000000291	28
107.30000000000291	27
107.30000000000291	30
107.30000000000291	34
107.30000000000291	33
107.30000000000291	38
107.30000000000291	25
107.40000000000146	1
107.40000000000146	40
107.5	17
107.5	26
107.5	10
107.5	37
107.60000000000582	18
107.60000000000582	46
107.60000000000582	12
107.70000000000437	50
107.70000000000437	32
108.20000000000437	8
108.10000000000582	15
108.20000000000437	4
108.20000000000437	40
107.90000000000146	45
108.0	13
108.0	39
108.0	23
108.10000000000582	44
108.10000000000582	24
108.10000000000582	36
108.20000000000437	35
108.20000000000437	31
108.20000000000437	22
108.40000000000146	28
108.60000000000582	48
108.60000000000582	26
108.90000000000146	14
108.90000000000146	30
108.90000000000146	3
108.90000000000146	42
109.0	9
109.0	25
109.0	6
109.0	2
109.0	16
109.0	20
109.0	29
109.60000000000582	37
109.60000000000582	49
109.60000000000582	33
109.60000000000582	5
109.60000000000582	11
109.60000000000582	34
109.60000000000582	7
109.60000000000582	38
109.60000000000582	15
109.70000000000437	40
109.70000000000437	17
109.70000000000437	10
110.60000000000582	23
109.90000000000146	50
109.90000000000146	18
109.90000000000146	32
109.90000000000146	12
109.90000000000146	44
109.90000000000146	19
109.90000000000146	24
109.90000000000146	1
110.30000000000291	27
110.30000000000291	8
110.30000000000291	4
110.40000000000146	45
110.40000000000146	13
110.40000000000146	39
110.40000000000146	26
110.40000000000146	36
110.40000000000146	22
110.5	31
110.5	29
110.5	16
110.5	46
110.60000000000582	28
110.60000000000582	11
110.60000000000582	6
110.60000000000582	35
110.70000000000437	9
110.70000000000437	2
110.70000000000437	42
110.90000000000146	48
111.0	20
111.10000000000582	25
110.90000000000146	3
110.90000000000146	33
110.90000000000146	7
111.0	30
111.0	14
111.0	27
111.10000000000582	1
111.20000000000437	38
111.30000000000291	19
111.30000000000291	50
111.40000000000146	46
111.5	23
111.5	37
111.60000000000582	15
111.60000000000582	13
111.60000000000582	40
111.60000000000582	4
111.70000000000437	34
111.70000000000437	44
111.70000000000437	32
112.70000000000437	5
112.10000000000582	17
112.20000000000437	24
111.90000000000146	10
111.90000000000146	49
111.90000000000146	39
111.90000000000146	12
112.0	26
112.10000000000582	8
112.10000000000582	18
112.20000000000437	16
112.20000000000437	36
112.40000000000146	29
112.40000000000146	2
112.5	45
112.5	25
112.5	42
112.60000000000582	11
112.60000000000582	28
112.60000000000582	6
112.60000000000582	33
112.70000000000437	22
112.70000000000437	9
112.70000000000437	31
113.0	20
112.90000000000146	35
112.90000000000146	27
112.90000000000146	7
113.0	38
113.0	48
113.10000000000582	3
113.10000000000582	1
113.20000000000437	50
113.20000000000437	14
113.20000000000437	23
113.30000000000291	30
113.30000000000291	46
113.40000000000146	19
113.40000000000146	15
113.5	44
113.5	40
113.5	24
113.5	37
113.5	4
113.70000000000437	39
113.70000000000437	13
114.5	26
113.90000000000146	32
113.90000000000146	34
113.90000000000146	17
113.90000000000146	16
114.0	49
114.0	5
114.10000000000582	12
114.10000000000582	8
114.10000000000582	10
114.20000000000437	11
114.20000000000437	36
114.20000000000437	42
114.30000000000291	2
114.40000000000146	33
114.40000000000146	18
114.40000000000146	25
114.40000000000146	29
114.5	6
114.70000000000437	28
114.70000000000437	20
114.70000000000437	45
114.90000000000146	9
114.90000000000146	27
114.90000000000146	22
114.90000000000146	31
115.0	50
115.0	7
115.0	1
115.10000000000582	38
115.10000000000582	23
115.10000000000582	35
115.20000000000437	3
115.20000000000437	46
115.30000000000291	15
115.30000000000291	40
115.30000000000291	13
115.30000000000291	44
115.30000000000291	24
115.40000000000146	4
115.40000000000146	14
115.40000000000146	37
115.5	30
115.60000000000582	39
115.60000000000582	26
115.60000000000582	19
115.70000000000437	16
115.90000000000146	32
116.0	34
116.0	42
116.0	11
116.10000000000582	8
116.10000000000582	17
116.20000000000437	33
116.20000000000437	2
116.20000000000437	25
116.30000000000291	10
116.30000000000291	12
116.30000000000291	49
116.30000000000291	29
116.30000000000291	5
116.5	36
116.5	6
116.60000000000582	23
116.60000000000582	20
116.70000000000437	27
116.70000000000437	18
117.10000000000582	50
117.10000000000582	9
117.30000000000291	38
116.90000000000146	28
117.0	45
117.10000000000582	7
117.10000000000582	13
117.10000000000582	31
117.10000000000582	40
117.10000000000582	15
117.10000000000582	24
117.10000000000582	1
117.20000000000437	44
117.20000000000437	46
117.20000000000437	22
117.20000000000437	37
117.30000000000291	4
117.30000000000291	3
117.40000000000146	26
117.5	16
117.5	39
117.70000000000437	11
117.70000000000437	30
118.5	14
118.10000000000582	42
118.40000000000146	19
117.90000000000146	32
117.90000000000146	33
118.10000000000582	2
118.10000000000582	25
118.10000000000582	8
118.20000000000437	34
118.30000000000291	17
118.30000000000291	29
118.40000000000146	6
118.40000000000146	27
118.40000000000146	12
118.5	49
118.5	10
118.60000000000582	36
118.60000000000582	50
118.60000000000582	20
118.60000000000582	5
118.60000000000582	9
118.90000000000146	38
119.30000000000291	28
119.40000000000146	1
118.90000000000146	24
118.90000000000146	44
118.90000000000146	7
118.90000000000146	40
118.90000000000146	15
118.90000000000146	13
119.0	46
119.0	18
119.20000000000437	16
119.20000000000437	26
119.20000000000437	4
119.30000000000291	22
119.40000000000146	31
119.40000000000146	39
119.40000000000146	37
119.40000000000146	11
119.5	45
119.5	3
119.60000000000582	42
119.70000000000437	32
119.70000000000437	33
120.10000000000582	30
119.90000000000146	2
119.90000000000146	25
120.0	14
120.0	19
120.10000000000582	8
120.20000000000437	29
120.30000000000291	17
120.30000000000291	27
120.30000000000291	6
120.40000000000146	50
120.5	12
120.60000000000582	20
120.60000000000582	38
120.70000000000437	24
120.70000000000437	10
120.90000000000146	44
121.0	13
121.0	49
121.40000000000146	4
121.40000000000146	28
121.40000000000146	39
121.40000000000146	37
121.40000000000146	42
121.40000000000146	11
121.40000000000146	7
121.40000000000146	16
122.10000000000582	33
122.10000000000582	3
122.10000000000582	5
122.10000000000582	32
122.10000000000582	15
122.10000000000582	46
122.10000000000582	30
122.10000000000582	31
122.10000000000582	2
122.10000000000582	25
122.10000000000582	45
122.10000000000582	1
122.10000000000582	22
122.10000000000582	18
122.10000000000582	40
122.10000000000582	27
122.20000000000437	29
122.20000000000437	8
122.20000000000437	9
122.20000000000437	26
122.20000000000437	19
122.20000000000437	14
122.20000000000437	50
122.40000000000146	6
122.5	24
122.5	17
122.5	38
122.5	44
122.60000000000582	20
122.60000000000582	13
122.70000000000437	12
122.70000000000437	16
122.70000000000437	40
123.10000000000582	11
123.10000000000582	26
123.10000000000582	28
123.10000000000582	15
123.10000000000582	7
123.10000000000582	4
123.10000000000582	1
123.10000000000582	49
123.10000000000582	46
123.10000000000582	39
123.10000000000582	10
123.10000000000582	9
123.20000000000437	5
123.30000000000291	33
123.30000000000291	37
124.0	18
124.0	31
124.0	25
124.0	32
124.0	22
124.0	3
124.0	45
124.0	2
124.10000000000582	30
124.20000000000437	8
124.20000000000437	50
124.20000000000437	29
124.20000000000437	6
124.30000000000291	24
124.30000000000291	44
124.5	38
124.5	14
124.5	16
124.5	40
124.5	26
124.5	15
124.5	19
124.60000000000582	13
125.10000000000582	1
125.10000000000582	12
125.10000000000582	28
125.10000000000582	46
125.10000000000582	11
125.10000000000582	33
125.10000000000582	10
125.10000000000582	20
125.10000000000582	4
125.10000000000582	39
125.10000000000582	7
125.20000000000437	9
125.20000000000437	27
125.20000000000437	49
125.20000000000437	17
125.30000000000291	37
125.5	5
125.60000000000582	25
125.60000000000582	2
125.90000000000146	32
125.90000000000146	50
125.90000000000146	18
126.0	3
126.0	22
126.0	31
126.10000000000582	29
126.10000000000582	24
126.20000000000437	27
126.20000000000437	45
126.20000000000437	44
126.20000000000437	16
126.20000000000437	6
126.20000000000437	8
126.30000000000291	13
126.30000000000291	38
126.30000000000291	30
126.30000000000291	26
126.40000000000146	40
126.40000000000146	15
126.5	11
126.60000000000582	46
126.60000000000582	20
126.70000000000437	19
127.20000000000437	4
127.30000000000291	14
127.0	1
127.20000000000437	17
127.20000000000437	33
126.90000000000146	39
126.90000000000146	9
127.0	12
127.10000000000582	7
127.20000000000437	28
127.20000000000437	10
127.30000000000291	37
127.40000000000146	25
127.40000000000146	2
127.60000000000582	49
127.90000000000146	5
128.60000000000582	24
127.90000000000146	32
128.0	27
128.0	44
128.0	16
128.10000000000582	26
128.10000000000582	29
128.10000000000582	13
128.20000000000437	38
128.20000000000437	22
128.20000000000437	18
128.20000000000437	3
128.20000000000437	15
128.3000000000029	40
128.3000000000029	11
128.3000000000029	31
128.3000000000029	8
128.40000000000146	6
128.40000000000146	46
128.5	45
128.5	30
128.5	20
128.60000000000582	33
128.70000000000437	4
129.10000000000582	1
129.0	39
129.5	19
129.0	9
129.0	17
129.0	14
129.20000000000437	12
129.3000000000029	28
129.3000000000029	7
129.40000000000146	2
129.40000000000146	10
129.5	37
129.5	25
129.60000000000582	16
129.60000000000582	24
129.70000000000437	44
130.60000000000582	29
129.90000000000146	26
129.90000000000146	32
129.90000000000146	27
129.90000000000146	49
129.90000000000146	13
130.0	11
130.10000000000582	38
130.10000000000582	40
130.10000000000582	15
130.3000000000029	8
130.40000000000146	3
130.40000000000146	6
130.40000000000146	22
130.40000000000146	33
130.5	20
130.5	31
130.5	18
130.5	46
130.5	4
130.70000000000437	45
130.70000000000437	30
130.70000000000437	39
131.3000000000029	1
131.0	19
131.10000000000582	17
131.10000000000582	25
131.20000000000437	2
131.3000000000029	28
131.3000000000029	12
131.40000000000146	14
131.40000000000146	16
131.40000000000146	37
131.5	24
131.5	7
131.5	44
131.60000000000582	10
131.70000000000437	27
132.5	13
132.5	26
132.70000000000437	32
131.90000000000146	29
131.90000000000146	11
132.0	15
132.0	38
132.0	40
132.10000000000582	49
132.10000000000582	33
132.20000000000437	46
132.40000000000146	8
132.5	20
132.5	6
132.5	3
132.5	4
132.5	39
133.0	31
132.90000000000146	18
132.90000000000146	30
133.0	45
133.10000000000582	25
133.10000000000582	2
133.10000000000582	16
133.20000000000437	17
133.20000000000437	24
133.3000000000029	7
133.40000000000146	28
133.40000000000146	44
133.5	26
133.5	12
133.60000000000582	11
133.60000000000582	14
133.60000000000582	13
133.70000000000437	27
133.90000000000146	10
134.10000000000582	40
134.3000000000029	15
133.90000000000146	33
133.90000000000146	32
133.90000000000146	38
133.90000000000146	29
134.10000000000582	46
134.20000000000437	20
134.20000000000437	49
134.3000000000029	6
134.3000000000029	4
134.40000000000146	8
134.40000000000146	39
134.90000000000146	3
134.90000000000146	16
134.90000000000146	31
135.0	2
135.10000000000582	25
135.10000000000582	18
135.10000000000582	24
135.10000000000582	30
135.20000000000437	26
135.20000000000437	7
135.20000000000437	45
135.3000000000029	17
135.3000000000029	11
135.40000000000146	28
135.40000000000146	13
135.5	27
135.60000000000582	12
135.60000000000582	32
135.60000000000582	40
135.70000000000437	38
136.5	29
136.5	14
136.5	4
136.5	6
136.5	39
136.5	49
136.5	46
136.5	10
136.5	8
136.60000000000582	16
136.70000000000437	25
137.20000000000437	24
137.40000000000146	2
136.90000000000146	3
137.0	26
137.10000000000582	11
137.5	13
137.5	7
137.5	17
137.5	18
137.5	27
138.20000000000437	38
138.20000000000437	40
138.20000000000437	45
138.20000000000437	31
138.20000000000437	28
138.20000000000437	32
138.20000000000437	14
138.20000000000437	46
138.20000000000437	4
138.20000000000437	39
138.20000000000437	12
138.20000000000437	29
138.20000000000437	10
138.3000000000029	6
138.3000000000029	30
138.40000000000146	8
138.60000000000582	25
138.60000000000582	24
138.60000000000582	2
139.0	49
138.90000000000146	11
139.10000000000582	13
139.10000000000582	3
139.3000000000029	27
139.40000000000146	7
139.5	40
139.5	30
139.5	28
139.5	38
140.0	45
140.0	46
140.10000000000582	32
140.10000000000582	18
140.10000000000582	12
140.10000000000582	39
140.10000000000582	17
140.10000000000582	4
140.20000000000437	29
140.3000000000029	6
140.40000000000146	24
140.40000000000146	10
140.40000000000146	14
140.5	8
140.5	25
140.60000000000582	11
140.60000000000582	2
141.0	13
141.10000000000582	49
141.10000000000582	27
141.20000000000437	3
141.3000000000029	7
141.40000000000146	38
141.60000000000582	30
141.60000000000582	28
141.70000000000437	29
141.70000000000437	32
141.70000000000437	17
142.3000000000029	46
141.90000000000146	4
142.0	18
142.10000000000582	39
142.10000000000582	12
142.10000000000582	45
142.20000000000437	6
142.20000000000437	24
142.3000000000029	25
142.40000000000146	2
142.5	8
142.5	11
142.5	10
142.70000000000437	14
142.90000000000146	13
143.3000000000029	49
143.3000000000029	38
143.40000000000146	3
143.5	7
143.60000000000582	32
143.60000000000582	29
143.70000000000437	46
143.70000000000437	28
143.70000000000437	30
144.5	4
143.90000000000146	17
144.0	24
144.20000000000437	11
144.20000000000437	12
144.20000000000437	25
144.20000000000437	18
144.3000000000029	2
144.3000000000029	8
144.40000000000146	45
144.60000000000582	13
144.90000000000146	14
145.20000000000437	38
145.3000000000029	46
145.60000000000582	3
145.60000000000582	7
145.60000000000582	29
145.70000000000437	32
145.70000000000437	4
146.5	24
145.90000000000146	28
145.90000000000146	11
145.90000000000146	30
146.0	17
146.10000000000582	2
146.20000000000437	25
146.3000000000029	12
146.40000000000146	8
146.70000000000437	45
147.10000000000582	38
147.20000000000437	14
147.20000000000437	46
147.5	29
147.60000000000582	24
147.60000000000582	4
147.60000000000582	7
147.70000000000437	11
147.70000000000437	3
148.40000000000146	32
147.90000000000146	25
148.0	2
148.10000000000582	28
148.20000000000437	30
148.20000000000437	17
148.5	12
148.60000000000582	8
149.0	38
149.0	45
149.3000000000029	46
149.40000000000146	24
149.5	29
149.5	14
149.60000000000582	11
149.70000000000437	7
150.60000000000582	25
149.90000000000146	32
149.90000000000146	3
149.90000000000146	2
150.0	28
150.3000000000029	30
150.3000000000029	17
150.60000000000582	12
150.60000000000582	8
150.90000000000146	38
151.10000000000582	24
151.20000000000437	46
151.20000000000437	45
151.20000000000437	11
151.5	29
151.60000000000582	25
151.70000000000437	7
151.70000000000437	14
152.40000000000146	32
152.0	28
152.10000000000582	3
152.60000000000582	17
152.60000000000582	30
152.70000000000437	8
152.90000000000146	12
153.10000000000582	38
152.90000000000146	24
153.0	11
153.10000000000582	46
154.10000000000582	45
154.20000000000437	25
154.5	32
153.90000000000146	7
153.90000000000146	29
154.0	14
154.20000000000437	28
154.60000000000582	3
154.70000000000437	30
154.70000000000437	17
154.70000000000437	38
154.70000000000437	8
154.70000000000437	24
154.90000000000146	11
154.90000000000146	46
155.0	12
155.20000000000437	29
155.40000000000146	25
155.60000000000582	32
155.90000000000146	7
156.0	45
156.20000000000437	28
156.20000000000437	14
156.40000000000146	3
156.5	11
156.60000000000582	24
156.60000000000582	38
156.70000000000437	8
156.70000000000437	17
157.60000000000582	30
157.60000000000582	46
157.10000000000582	12
157.10000000000582	29
157.20000000000437	25
157.60000000000582	32
158.5	7
158.3000000000029	28
158.3000000000029	11
158.3000000000029	24
158.5	38
158.5	14
158.60000000000582	3
158.70000000000437	46
158.90000000000146	17
159.0	30
159.10000000000582	29
159.10000000000582	25
159.20000000000437	12
159.70000000000437	32
159.90000000000146	7
160.10000000000582	11
160.10000000000582	24
160.3000000000029	28
160.40000000000146	38
160.60000000000582	46
161.0	3
160.90000000000146	14
161.0	25
161.10000000000582	17
161.20000000000437	30
161.40000000000146	12
161.60000000000582	32
161.90000000000146	7
162.0	24
162.3000000000029	38
162.40000000000146	28
162.5	46
163.5	25
163.0	14
163.10000000000582	3
163.20000000000437	17
163.40000000000146	30
163.5	12
163.60000000000582	32
163.70000000000437	24
163.90000000000146	7
164.10000000000582	38
164.5	46
164.5	28
164.70000000000437	25
165.20000000000437	3
165.3000000000029	14
165.3000000000029	17
165.5	24
165.60000000000582	30
165.70000000000437	12
166.10000000000582	32
166.40000000000146	46
166.40000000000146	7
166.40000000000146	38
166.60000000000582	25
166.60000000000582	28
167.3000000000029	24
167.3000000000029	3
168.3000000000029	38
168.3000000000029	32
168.3000000000029	14
168.3000000000029	7
168.40000000000146	12
168.40000000000146	46
168.40000000000146	30
168.40000000000146	25
168.60000000000582	28
169.10000000000582	24
169.5	3
170.60000000000582	32
169.90000000000146	14
169.90000000000146	30
170.0	12
170.10000000000582	7
170.10000000000582	46
170.3000000000029	25
170.70000000000437	28
170.90000000000146	24
171.60000000000582	3
172.60000000000582	32
171.90000000000146	7
172.0	46
172.10000000000582	12
172.10000000000582	30
172.10000000000582	14
172.10000000000582	25
172.70000000000437	24
173.70000000000437	28
173.90000000000146	32
174.10000000000582	7
174.10000000000582	3
174.10000000000582	46
174.3000000000029	12
174.3000000000029	30
174.40000000000146	14
174.40000000000146	24
176.60000000000582	46
175.90000000000146	32
176.0	3
176.0	7
176.20000000000437	24
176.40000000000146	12
176.5	30
176.70000000000437	14
177.70000000000437	46
178.3000000000029	32
178.0	24
178.10000000000582	3
178.20000000000437	7
178.60000000000582	12
179.0	30
178.90000000000146	14
179.5	46
180.3000000000029	32
180.5	24
180.70000000000437	3
180.70000000000437	12
180.70000000000437	7
181.70000000000437	30
181.70000000000437	46
181.70000000000437	14
182.0	32
183.40000000000146	7
183.5	3
182.90000000000146	12
183.10000000000582	30
183.3000000000029	46
183.5	14
183.70000000000437	32
184.10000000000582	7
184.70000000000437	3
185.20000000000437	30
185.3000000000029	46
185.70000000000437	32
186.20000000000437	7
186.90000000000146	3
187.10000000000582	46
187.40000000000146	30
187.5	32
188.40000000000146	7
189.0	46
189.0	3
189.5	32
189.60000000000582	30
190.5	7
190.90000000000146	46
191.20000000000437	3
191.5	32
191.70000000000437	30
192.5	7
193.10000000000582	46
193.40000000000146	3
193.5	32
193.90000000000146	30
194.60000000000582	7
194.70000000000437	46
195.5	3
195.5	32
196.10000000000582	30
196.60000000000582	46
196.60000000000582	7
197.70000000000437	3
197.70000000000437	32
198.40000000000146	30
198.5	46
199.20000000000437	7
199.5	32
200.40000000000146	46
200.5	30
200.70000000000437	7
202.70000000000437	30
205.60000000000582	30
207.0	30
209.20000000000437	30
211.40000000000146	30
213.60000000000582	30
215.70000000000437	30
217.90000000000146	30
220.10000000000582	30
