0.0	71
0.0	71
3.0	91
3.0	91
3.3000000000029104	59
3.3000000000029104	59
3.3000000000029104	18
3.3000000000029104	18
8.099999999991269	71
8.099999999991269	91
8.39999999999418	18
8.39999999999418	59
10.80000000000291	61
10.80000000000291	61
11.0	1
11.0	1
13.30000000000291	71
13.80000000000291	91
13.39999999999418	57
13.39999999999418	57
13.39999999999418	85
13.5	85
13.5	59
13.599999999991269	18
13.80000000000291	2
13.80000000000291	2
14.39999999999418	94
14.80000000000291	94
16.09999999999127	1
17.5	14
17.5	14
17.69999999999709	40
17.69999999999709	40
17.69999999999709	83
17.69999999999709	83
18.30000000000291	71
18.89999999999418	85
18.89999999999418	97
18.89999999999418	97
18.89999999999418	59
19.0	57
19.0	18
19.0	91
19.0	64
19.0	64
19.09999999999127	17
19.09999999999127	17
20.09999999999127	56
20.09999999999127	56
19.30000000000291	76
19.30000000000291	76
21.09999999999127	1
22.69999999999709	47
22.69999999999709	47
22.69999999999709	40
22.89999999999418	83
23.30000000000291	53
23.30000000000291	53
23.39999999999418	91
23.5	51
23.69999999999709	51
23.69999999999709	18
23.69999999999709	59
23.69999999999709	64
23.80000000000291	85
24.59999999999127	17
24.30000000000291	56
24.39999999999418	76
24.39999999999418	35
24.39999999999418	35
24.80000000000291	63
24.80000000000291	63
26.09999999999127	22
26.09999999999127	22
26.89999999999418	43
26.89999999999418	43
26.89999999999418	3
26.89999999999418	3
26.30000000000291	13
26.30000000000291	13
27.80000000000291	1
27.80000000000291	87
27.80000000000291	87
27.80000000000291	68
27.80000000000291	68
27.89999999999418	40
28.0	83
28.0	26
28.0	26
28.59999999999127	53
28.69999999999709	27
28.69999999999709	27
28.69999999999709	6
28.69999999999709	6
28.69999999999709	71
28.80000000000291	25
28.80000000000291	25
28.80000000000291	64
29.39999999999418	36
29.39999999999418	36
29.39999999999418	91
29.39999999999418	56
29.89999999999418	35
31.5	59
31.59999999999127	85
31.5	3
31.80000000000291	58
31.80000000000291	58
32.89999999999418	1
32.89999999999418	68
32.89999999999418	67
32.89999999999418	67
33.0	40
33.09999999999127	26
33.69999999999709	63
33.80000000000291	21
33.80000000000291	21
33.89999999999418	27
33.89999999999418	11
33.89999999999418	11
33.89999999999418	87
33.89999999999418	57
33.89999999999418	53
33.89999999999418	19
33.89999999999418	19
34.5	56
34.5	93
34.5	93
36.30000000000291	25
36.30000000000291	6
36.30000000000291	76
36.5	14
36.59999999999127	3
37.0	62
37.0	62
37.0	17
37.09999999999127	78
37.09999999999127	78
37.59999999999127	58
38.0	8
38.0	8
38.0	74
38.0	74
38.09999999999127	59
38.09999999999127	65
38.09999999999127	65
38.09999999999127	22
38.80000000000291	71
38.80000000000291	10
38.80000000000291	10
38.89999999999418	91
38.89999999999418	72
38.89999999999418	72
38.89999999999418	26
39.0	16
39.0	16
39.0	64
39.09999999999127	92
39.09999999999127	92
41.30000000000291	94
41.39999999999418	21
41.80000000000291	100
41.80000000000291	100
42.0	13
42.09999999999127	58
42.09999999999127	77
42.09999999999127	77
42.09999999999127	63
42.89999999999418	73
42.89999999999418	73
43.0	35
43.09999999999127	6
43.09999999999127	25
43.09999999999127	1
43.09999999999127	68
43.30000000000291	19
43.5	76
43.59999999999127	18
43.80000000000291	14
44.0	91
44.0	9
44.0	9
44.09999999999127	64
44.09999999999127	53
44.09999999999127	36
44.80000000000291	26
46.5	40
46.5	94
46.89999999999418	100
47.09999999999127	80
47.09999999999127	80
47.09999999999127	85
47.09999999999127	58
47.09999999999127	86
47.09999999999127	86
47.09999999999127	10
47.09999999999127	3
47.09999999999127	27
48.0	29
48.0	29
48.09999999999127	35
48.69999999999709	6
48.30000000000291	68
48.30000000000291	1
48.69999999999709	73
48.89999999999418	14
49.09999999999127	92
49.09999999999127	9
49.09999999999127	91
49.09999999999127	60
49.09999999999127	60
49.09999999999127	67
49.69999999999709	53
51.5	44
51.5	44
51.59999999999127	72
51.59999999999127	61
52.0	100
52.39999999999418	40
52.5	78
52.59999999999127	26
52.59999999999127	66
52.59999999999127	66
52.69999999999709	3
52.69999999999709	64
52.80000000000291	80
52.80000000000291	51
52.30000000000291	86
52.30000000000291	59
53.09999999999127	71
53.30000000000291	29
53.30000000000291	6
53.69999999999709	24
53.69999999999709	24
54.69999999999709	34
54.69999999999709	34
54.89999999999418	94
55.09999999999127	91
54.30000000000291	60
54.39999999999418	77
54.39999999999418	87
54.39999999999418	8
56.69999999999709	73
56.69999999999709	44
57.30000000000291	13
57.30000000000291	61
57.30000000000291	65
57.30000000000291	64
57.30000000000291	28
57.30000000000291	28
57.30000000000291	20
57.30000000000291	20
57.30000000000291	58
57.39999999999418	56
57.39999999999418	59
57.39999999999418	23
57.39999999999418	23
57.39999999999418	86
57.5	31
57.5	31
58.69999999999709	42
58.69999999999709	42
58.39999999999418	90
58.39999999999418	90
58.39999999999418	45
58.39999999999418	45
58.39999999999418	74
58.39999999999418	50
58.39999999999418	50
58.39999999999418	12
58.39999999999418	12
58.59999999999127	24
59.30000000000291	51
59.30000000000291	67
59.30000000000291	94
59.30000000000291	9
59.39999999999418	77
59.39999999999418	93
59.39999999999418	40
61.80000000000291	35
62.30000000000291	25
62.39999999999418	13
62.39999999999418	84
62.39999999999418	84
62.39999999999418	46
62.39999999999418	46
62.39999999999418	59
62.39999999999418	6
62.39999999999418	61
62.5	64
62.5	23
62.5	39
62.5	39
62.5	81
62.59999999999127	81
63.5	48
63.5	48
64.39999999999418	91
64.39999999999418	67
64.39999999999418	98
64.39999999999418	98
64.39999999999418	9
64.39999999999418	93
64.39999999999418	77
64.39999999999418	12
64.39999999999418	68
66.80000000000291	17
66.89999999999418	74
67.39999999999418	97
67.39999999999418	85
67.5	73
67.5	22
67.5	35
67.5	30
67.5	30
67.5	63
67.5	40
67.59999999999127	78
67.59999999999127	90
67.59999999999127	59
67.59999999999127	6
67.59999999999127	25
67.59999999999127	61
68.5	92
69.39999999999418	47
69.5	50
69.5	2
69.5	9
69.5	37
69.5	37
69.5	34
69.5	93
69.5	51
71.89999999999418	46
72.0	77
72.0	70
72.0	70
72.5	64
72.5	57
72.59999999999127	82
72.59999999999127	82
72.59999999999127	69
72.59999999999127	69
72.59999999999127	58
72.59999999999127	25
72.59999999999127	65
72.59999999999127	81
72.69999999999709	84
72.69999999999709	94
72.69999999999709	85
72.80000000000291	89
72.80000000000291	89
73.59999999999127	48
73.59999999999127	4
73.69999999999709	4
74.5	90
74.59999999999127	93
74.59999999999127	80
74.59999999999127	22
74.59999999999127	73
74.69999999999709	9
77.0	27
77.0	34
77.0	46
77.0	23
77.0	17
77.0	14
77.09999999999127	77
77.09999999999127	70
77.69999999999709	52
77.69999999999709	52
77.69999999999709	6
77.69999999999709	25
77.69999999999709	64
77.69999999999709	39
77.69999999999709	31
77.80000000000291	94
77.80000000000291	81
78.69999999999709	4
79.59999999999127	48
79.59999999999127	90
79.59999999999127	12
79.69999999999709	9
79.69999999999709	93
79.69999999999709	22
79.69999999999709	80
82.09999999999127	77
82.09999999999127	32
82.09999999999127	32
82.09999999999127	40
82.30000000000291	8
82.30000000000291	14
82.30000000000291	97
82.39999999999418	62
82.39999999999418	70
83.09999999999127	17
82.69999999999709	72
82.69999999999709	52
82.69999999999709	59
82.80000000000291	61
82.80000000000291	57
82.89999999999418	16
82.89999999999418	39
84.69999999999709	34
84.69999999999709	30
84.69999999999709	48
84.69999999999709	10
84.80000000000291	9
84.80000000000291	93
84.80000000000291	4
84.80000000000291	90
84.89999999999418	96
84.89999999999418	96
87.80000000000291	23
88.09999999999127	95
88.09999999999127	95
88.09999999999127	77
87.30000000000291	53
87.30000000000291	97
87.39999999999418	92
87.5	89
87.80000000000291	73
87.89999999999418	94
87.89999999999418	99
87.89999999999418	99
87.89999999999418	56
87.89999999999418	54
87.89999999999418	54
87.89999999999418	100
87.89999999999418	31
87.89999999999418	84
87.89999999999418	67
88.0	81
89.80000000000291	44
89.80000000000291	90
89.89999999999418	61
89.89999999999418	86
89.89999999999418	13
89.89999999999418	22
89.89999999999418	35
89.89999999999418	93
92.30000000000291	71
92.30000000000291	9
92.30000000000291	95
92.30000000000291	32
92.39999999999418	48
92.39999999999418	34
92.5	11
92.89999999999418	25
92.89999999999418	99
93.0	84
93.0	39
93.0	31
93.0	82
93.0	54
93.0	100
93.0	6
93.0	58
93.0	81
93.09999999999127	29
94.89999999999418	90
94.89999999999418	63
94.89999999999418	61
94.89999999999418	52
94.89999999999418	35
94.89999999999418	67
95.0	24
97.39999999999418	9
97.39999999999418	26
97.39999999999418	14
97.39999999999418	51
97.5	34
98.0	99
98.09999999999127	45
98.09999999999127	93
98.09999999999127	54
98.09999999999127	66
98.09999999999127	88
98.09999999999127	88
98.09999999999127	100
98.09999999999127	23
98.09999999999127	10
98.09999999999127	29
98.69999999999709	95
99.39999999999418	86
100.0	75
100.0	75
100.0	90
100.0	63
100.0	25
100.0	64
100.0	67
100.09999999999127	77
100.09999999999127	31
102.5	94
102.5	51
102.5	62
102.5	34
102.59999999999127	39
102.59999999999127	14
103.30000000000291	35
103.30000000000291	99
103.5	79
103.5	79
103.5	93
103.30000000000291	52
103.30000000000291	12
103.30000000000291	23
103.30000000000291	100
103.30000000000291	66
103.30000000000291	70
105.09999999999127	90
105.09999999999127	54
105.09999999999127	29
105.30000000000291	71
105.30000000000291	61
105.59999999999127	25
105.89999999999418	59
107.59999999999127	84
107.59999999999127	34
107.59999999999127	50
107.80000000000291	14
107.80000000000291	51
108.30000000000291	77
108.30000000000291	22
108.30000000000291	96
108.30000000000291	100
108.39999999999418	62
108.39999999999418	35
108.39999999999418	81
108.39999999999418	23
108.39999999999418	70
108.39999999999418	52
108.39999999999418	65
108.39999999999418	86
108.39999999999418	89
108.39999999999418	12
108.5	31
110.39999999999418	28
110.5	16
110.5	54
110.69999999999709	99
111.09999999999127	30
111.09999999999127	61
110.30000000000291	67
112.69999999999709	34
112.69999999999709	29
112.80000000000291	25
113.30000000000291	71
113.39999999999418	6
113.39999999999418	56
113.39999999999418	14
113.5	18
113.5	78
113.5	70
113.5	98
113.5	50
113.5	52
113.5	53
113.5	12
113.69999999999709	62
114.09999999999127	24
115.30000000000291	85
115.30000000000291	90
115.30000000000291	84
115.30000000000291	64
115.30000000000291	7
115.30000000000291	7
115.30000000000291	88
115.30000000000291	54
115.30000000000291	44
115.30000000000291	66
115.30000000000291	93
115.30000000000291	61
115.5	30
117.80000000000291	27
117.80000000000291	51
117.89999999999418	36
117.89999999999418	25
117.89999999999418	2
118.5	60
118.5	21
118.5	49
118.5	49
118.5	9
118.59999999999127	48
118.59999999999127	23
118.59999999999127	13
118.69999999999709	68
118.69999999999709	56
118.69999999999709	32
118.69999999999709	62
120.30000000000291	99
120.39999999999418	90
120.39999999999418	64
120.39999999999418	83
120.39999999999418	88
120.39999999999418	44
120.39999999999418	84
120.39999999999418	20
120.5	61
122.89999999999418	51
122.89999999999418	92
122.89999999999418	18
122.89999999999418	36
123.59999999999127	14
123.59999999999127	71
123.59999999999127	7
123.69999999999709	55
123.69999999999709	55
123.69999999999709	31
123.69999999999709	75
123.69999999999709	32
123.69999999999709	2
123.80000000000291	50
123.80000000000291	13
123.80000000000291	89
125.5	90
125.5	22
125.5	84
125.5	53
125.5	66
125.59999999999127	79
125.59999999999127	1
125.59999999999127	61
128.0	86
128.0	33
128.0	33
128.0	87
128.0	23
128.0	10
128.0	80
128.0	72
128.59999999999127	60
130.09999999999127	17
129.3000000000029	35
129.3000000000029	13
129.3000000000029	29
129.3000000000029	21
129.3000000000029	50
129.3000000000029	100
129.3000000000029	75
130.5	64
130.5	22
130.5	90
130.59999999999127	42
130.59999999999127	1
130.59999999999127	84
130.59999999999127	63
133.0	40
133.09999999999127	68
133.09999999999127	27
133.09999999999127	97
133.09999999999127	66
133.09999999999127	23
133.09999999999127	5
133.09999999999127	5
133.6999999999971	36
133.6999999999971	80
133.89999999999418	71
133.6999999999971	41
133.6999999999971	41
133.6999999999971	14
133.8000000000029	51
133.8000000000029	52
133.8000000000029	60
134.0	35
135.59999999999127	81
135.59999999999127	2
135.59999999999127	28
135.6999999999971	96
135.6999999999971	1
135.6999999999971	94
135.6999999999971	90
138.09999999999127	83
138.09999999999127	50
138.39999999999418	45
138.3000000000029	65
138.3000000000029	25
138.3000000000029	23
138.39999999999418	86
138.39999999999418	77
138.39999999999418	21
138.59999999999127	38
138.59999999999127	38
139.0	37
138.8000000000029	18
138.8000000000029	71
138.8000000000029	88
138.89999999999418	11
138.89999999999418	16
138.89999999999418	60
139.0	17
140.6999999999971	61
140.6999999999971	66
140.6999999999971	54
140.6999999999971	1
140.8000000000029	69
140.8000000000029	85
140.8000000000029	94
140.8000000000029	63
140.8000000000029	22
140.89999999999418	96
143.89999999999418	68
144.09999999999127	65
143.3000000000029	23
143.3000000000029	35
143.3000000000029	79
143.3000000000029	36
143.3000000000029	32
143.3000000000029	41
143.3000000000029	76
143.3000000000029	59
143.3000000000029	89
143.89999999999418	51
143.89999999999418	26
144.6999999999971	9
144.6999999999971	71
145.8000000000029	61
145.8000000000029	1
145.8000000000029	54
145.8000000000029	55
145.8000000000029	63
145.89999999999418	47
145.89999999999418	14
145.89999999999418	34
145.89999999999418	90
145.89999999999418	38
148.3000000000029	12
148.3000000000029	23
148.3000000000029	56
148.3000000000029	86
148.39999999999418	46
148.39999999999418	96
148.39999999999418	16
148.39999999999418	65
148.39999999999418	80
148.39999999999418	99
148.39999999999418	88
148.39999999999418	77
148.39999999999418	21
148.39999999999418	76
148.5	22
149.09999999999127	71
150.89999999999418	93
150.89999999999418	63
151.0	36
151.0	59
151.0	14
151.0	34
153.39999999999418	23
153.39999999999418	86
153.5	61
153.5	84
153.5	18
153.5	90
153.5	98
153.59999999999127	13
153.59999999999127	68
153.59999999999127	22
153.59999999999127	80
153.59999999999127	78
153.59999999999127	16
153.59999999999127	50
153.59999999999127	52
153.59999999999127	56
153.59999999999127	43
153.59999999999127	76
153.59999999999127	45
153.59999999999127	77
153.59999999999127	96
153.59999999999127	89
153.59999999999127	33
153.59999999999127	15
153.59999999999127	46
153.59999999999127	15
156.09999999999127	42
156.09999999999127	34
158.5	70
158.5	27
158.5	40
158.5	67
158.59999999999127	54
158.59999999999127	30
158.59999999999127	91
158.59999999999127	75
158.59999999999127	18
158.59999999999127	79
158.59999999999127	17
158.59999999999127	81
158.59999999999127	61
158.59999999999127	11
158.59999999999127	78
158.6999999999971	52
158.6999999999971	41
158.6999999999971	13
158.6999999999971	58
158.89999999999418	15
158.89999999999418	37
158.89999999999418	73
158.89999999999418	24
159.0	44
159.0	33
159.09999999999127	46
163.59999999999127	5
163.59999999999127	60
163.59999999999127	76
163.59999999999127	84
163.6999999999971	61
163.8000000000029	67
163.8000000000029	18
163.8000000000029	63
163.8000000000029	40
163.8000000000029	35
163.8000000000029	16
163.8000000000029	82
163.8000000000029	36
163.8000000000029	57
163.8000000000029	14
163.89999999999418	65
163.89999999999418	71
163.89999999999418	88
163.89999999999418	27
164.09999999999127	24
164.09999999999127	44
164.09999999999127	96
164.09999999999127	46
164.09999999999127	62
164.09999999999127	37
168.6999999999971	87
168.6999999999971	22
168.6999999999971	99
168.8000000000029	61
168.8000000000029	86
168.8000000000029	47
168.8000000000029	30
168.89999999999418	12
168.89999999999418	85
168.89999999999418	11
168.89999999999418	1
168.89999999999418	67
168.89999999999418	68
168.89999999999418	45
168.89999999999418	27
168.89999999999418	23
168.89999999999418	88
168.89999999999418	90
168.89999999999418	42
168.89999999999418	75
168.89999999999418	91
168.89999999999418	25
168.89999999999418	71
168.89999999999418	9
168.89999999999418	54
168.89999999999418	16
168.89999999999418	58
168.89999999999418	65
168.89999999999418	18
168.89999999999418	100
169.0	53
169.0	32
169.3000000000029	44
173.8000000000029	84
173.8000000000029	87
174.39999999999418	22
174.39999999999418	90
174.39999999999418	12
174.39999999999418	32
174.39999999999418	95
174.39999999999418	86
174.39999999999418	99
174.39999999999418	11
174.39999999999418	67
174.39999999999418	65
174.39999999999418	88
174.39999999999418	97
174.5	35
174.5	56
174.5	26
174.5	83
174.5	63
174.5	30
174.5	61
174.5	44
174.5	33
174.5	96
174.5	72
174.5	62
174.5	68
174.5	69
174.5	46
174.5	36
174.5	70
174.59999999999127	78
179.09999999999127	92
179.09999999999127	47
179.09999999999127	40
179.09999999999127	71
179.09999999999127	61
179.09999999999127	91
179.09999999999127	27
179.09999999999127	5
179.09999999999127	55
179.09999999999127	34
179.09999999999127	93
179.09999999999127	54
179.09999999999127	86
179.09999999999127	18
179.09999999999127	12
179.09999999999127	14
179.09999999999127	65
179.09999999999127	79
179.09999999999127	52
179.09999999999127	23
179.5	90
179.89999999999418	43
179.5	73
179.5	62
179.5	15
179.5	46
184.09999999999127	30
184.09999999999127	8
184.09999999999127	84
184.3000000000029	71
184.39999999999418	63
184.39999999999418	61
184.39999999999418	13
184.5	81
184.59999999999127	34
184.59999999999127	54
184.59999999999127	66
184.59999999999127	55
184.3000000000029	98
184.3000000000029	41
184.3000000000029	43
184.3000000000029	35
184.3000000000029	2
184.3000000000029	79
184.3000000000029	14
184.3000000000029	91
184.3000000000029	12
184.3000000000029	82
184.39999999999418	52
184.5	62
184.5	46
184.5	73
184.5	44
184.59999999999127	33
189.5	67
190.39999999999418	75
190.39999999999418	70
190.5	26
190.5	83
190.5	79
190.5	36
190.5	13
190.5	11
190.5	7
190.5	91
190.5	61
190.5	82
190.5	63
190.5	99
190.59999999999127	72
190.59999999999127	46
190.59999999999127	41
190.59999999999127	62
190.59999999999127	16
190.59999999999127	55
190.59999999999127	90
190.59999999999127	42
190.59999999999127	81
190.6999999999971	5
190.89999999999418	56
191.0	71
194.39999999999418	81
194.39999999999418	86
194.39999999999418	78
194.39999999999418	8
194.39999999999418	77
194.39999999999418	61
194.39999999999418	63
194.39999999999418	71
194.39999999999418	64
194.39999999999418	12
194.39999999999418	55
194.39999999999418	79
194.39999999999418	36
194.39999999999418	53
194.39999999999418	42
194.39999999999418	11
194.39999999999418	44
194.39999999999418	25
194.59999999999127	50
194.59999999999127	100
194.59999999999127	23
194.59999999999127	5
194.59999999999127	83
194.59999999999127	29
194.59999999999127	82
194.59999999999127	62
194.59999999999127	15
194.6999999999971	90
199.5	8
199.5	71
199.5	61
199.5	13
199.59999999999127	66
199.59999999999127	79
199.59999999999127	11
199.59999999999127	1
199.59999999999127	25
199.59999999999127	41
199.59999999999127	83
199.59999999999127	22
199.59999999999127	51
199.59999999999127	50
199.59999999999127	75
199.59999999999127	86
199.59999999999127	68
199.59999999999127	36
199.59999999999127	82
199.6999999999971	90
199.6999999999971	12
199.6999999999971	5
199.6999999999971	100
199.6999999999971	10
199.6999999999971	72
199.6999999999971	44
199.6999999999971	96
199.6999999999971	33
204.5	63
204.5	61
204.59999999999127	23
204.59999999999127	86
204.59999999999127	54
204.59999999999127	75
204.59999999999127	79
204.59999999999127	42
204.59999999999127	65
204.59999999999127	52
204.59999999999127	10
204.59999999999127	14
204.6999999999971	98
204.6999999999971	81
204.6999999999971	1
204.6999999999971	100
204.6999999999971	51
204.6999999999971	83
204.6999999999971	66
204.6999999999971	53
204.6999999999971	77
204.6999999999971	8
204.6999999999971	3
204.8000000000029	5
204.89999999999418	15
209.5	59
209.59999999999127	61
209.59999999999127	21
209.6999999999971	86
209.6999999999971	79
209.6999999999971	88
209.8000000000029	83
209.8000000000029	85
209.8000000000029	93
209.8000000000029	95
209.8000000000029	78
209.8000000000029	1
209.8000000000029	67
209.8000000000029	11
209.8000000000029	52
209.8000000000029	63
209.8000000000029	29
209.8000000000029	51
209.8000000000029	58
209.8000000000029	37
209.8000000000029	44
209.8000000000029	96
209.8000000000029	64
209.89999999999418	90
214.6999999999971	61
214.6999999999971	14
214.6999999999971	40
214.8000000000029	71
214.8000000000029	41
214.8000000000029	98
214.8000000000029	8
214.8000000000029	53
214.8000000000029	79
214.89999999999418	10
214.89999999999418	95
214.89999999999418	86
214.89999999999418	39
214.89999999999418	30
214.89999999999418	66
214.89999999999418	22
214.89999999999418	51
215.0	37
215.0	44
215.0	83
215.0	35
215.0	70
215.0	81
215.0	90
219.6999999999971	84
219.8000000000029	71
219.89999999999418	25
220.39999999999418	64
220.39999999999418	52
220.39999999999418	14
220.39999999999418	88
220.39999999999418	5
220.39999999999418	36
220.39999999999418	8
220.39999999999418	65
220.39999999999418	66
220.39999999999418	98
220.39999999999418	39
220.39999999999418	12
220.39999999999418	95
220.39999999999418	79
220.39999999999418	42
220.39999999999418	61
220.39999999999418	40
220.39999999999418	1
220.39999999999418	85
221.09999999999127	56
221.09999999999127	70
221.09999999999127	86
221.09999999999127	41
221.09999999999127	20
221.3000000000029	44
224.89999999999418	6
225.3000000000029	43
225.3000000000029	90
225.3000000000029	46
225.3000000000029	44
225.3000000000029	67
225.3000000000029	30
225.3000000000029	95
225.3000000000029	3
225.3000000000029	2
225.3000000000029	54
225.3000000000029	85
225.3000000000029	75
225.3000000000029	83
225.3000000000029	58
225.3000000000029	40
225.3000000000029	60
225.3000000000029	12
225.3000000000029	27
225.3000000000029	25
225.39999999999418	51
225.39999999999418	61
225.39999999999418	22
225.39999999999418	8
225.5	59
230.0	1
230.09999999999127	36
230.09999999999127	8
230.09999999999127	98
230.09999999999127	66
230.09999999999127	55
230.09999999999127	5
230.09999999999127	25
230.09999999999127	13
230.09999999999127	22
230.09999999999127	28
230.09999999999127	86
230.89999999999418	90
230.6999999999971	79
230.8000000000029	40
230.39999999999418	64
230.39999999999418	61
230.8000000000029	51
230.8000000000029	56
230.89999999999418	58
231.09999999999127	44
231.09999999999127	46
230.3000000000029	85
230.39999999999418	59
230.39999999999418	27
235.0	29
235.59999999999127	17
235.3000000000029	36
235.39999999999418	7
235.59999999999127	41
235.6999999999971	22
235.89999999999418	82
236.0	10
236.0	38
236.0	9
236.0	66
236.0	86
235.3000000000029	79
235.3000000000029	47
235.3000000000029	40
235.3000000000029	74
235.3000000000029	61
235.3000000000029	2
235.3000000000029	64
235.3000000000029	94
235.3000000000029	51
235.3000000000029	75
235.3000000000029	95
235.3000000000029	25
235.3000000000029	91
235.3000000000029	92
235.3000000000029	1
235.3000000000029	59
235.39999999999418	15
235.5	44
240.09999999999127	84
240.3000000000029	51
240.3000000000029	8
240.3000000000029	99
240.3000000000029	49
240.3000000000029	10
240.3000000000029	95
240.3000000000029	88
240.3000000000029	90
240.3000000000029	42
240.3000000000029	13
240.3000000000029	69
240.3000000000029	86
240.3000000000029	26
240.39999999999418	30
240.39999999999418	27
240.39999999999418	11
240.39999999999418	59
240.39999999999418	12
240.39999999999418	46
240.39999999999418	82
240.39999999999418	23
240.5	2
240.5	78
240.5	40
240.5	25
245.8000000000029	61
245.8000000000029	94
245.39999999999418	47
245.39999999999418	11
245.39999999999418	51
245.5	45
245.5	25
245.5	60
245.5	70
245.5	27
245.5	74
245.5	53
245.5	28
245.5	13
245.5	40
245.5	23
245.5	9
245.5	100
245.5	81
245.5	35
245.5	78
245.5	88
245.5	86
245.5	64
245.5	42
245.59999999999127	66
245.59999999999127	44
245.59999999999127	46
245.59999999999127	14
245.59999999999127	59
250.3000000000029	61
250.5	58
250.59999999999127	98
250.59999999999127	66
250.59999999999127	82
250.59999999999127	31
250.59999999999127	88
250.59999999999127	8
250.59999999999127	21
250.59999999999127	30
250.59999999999127	59
250.59999999999127	11
250.59999999999127	25
250.59999999999127	51
250.59999999999127	64
250.59999999999127	86
250.59999999999127	94
250.59999999999127	13
250.59999999999127	45
250.59999999999127	20
250.6999999999971	40
250.6999999999971	57
250.6999999999971	23
250.6999999999971	35
250.6999999999971	53
250.8000000000029	37
255.39999999999418	90
255.59999999999127	38
255.59999999999127	36
255.59999999999127	98
255.59999999999127	28
255.59999999999127	99
255.6999999999971	25
255.6999999999971	94
255.6999999999971	54
255.6999999999971	61
255.6999999999971	74
255.6999999999971	2
255.6999999999971	26
255.6999999999971	88
255.6999999999971	79
255.6999999999971	100
255.6999999999971	81
255.6999999999971	15
255.6999999999971	46
255.6999999999971	22
255.6999999999971	47
255.8000000000029	86
255.8000000000029	23
255.8000000000029	60
255.8000000000029	35
255.8000000000029	29
255.8000000000029	21
255.8000000000029	40
260.6999999999971	52
260.6999999999971	59
260.6999999999971	25
260.8000000000029	28
260.8000000000029	4
260.8000000000029	48
260.8000000000029	10
260.8000000000029	49
260.8000000000029	12
260.8000000000029	53
260.8000000000029	45
260.8000000000029	30
260.8000000000029	90
260.8999999999942	29
260.8999999999942	82
260.8999999999942	78
260.8999999999942	8
260.8999999999942	79
260.8999999999942	40
260.8999999999942	60
260.8999999999942	7
260.8999999999942	3
260.8999999999942	89
261.0	15
261.09999999999127	83
265.8000000000029	61
265.8000000000029	25
265.8000000000029	2
265.8999999999942	36
265.8999999999942	19
265.8999999999942	57
265.8999999999942	59
265.8999999999942	38
265.8999999999942	88
265.8999999999942	81
265.8999999999942	80
265.8999999999942	21
265.8999999999942	13
265.8999999999942	49
265.8999999999942	3
265.8999999999942	4
265.8999999999942	16
265.8999999999942	5
266.0	34
266.0	18
266.0	47
266.0	29
266.0	97
266.09999999999127	46
266.09999999999127	83
266.09999999999127	37
270.8000000000029	6
270.8999999999942	71
270.8999999999942	52
270.8999999999942	59
271.0	78
271.0	58
271.0	60
271.0	40
271.09999999999127	82
271.09999999999127	61
271.09999999999127	23
271.09999999999127	62
271.09999999999127	29
271.09999999999127	43
271.09999999999127	73
271.09999999999127	45
271.09999999999127	87
271.09999999999127	13
271.09999999999127	47
271.09999999999127	50
271.09999999999127	7
271.09999999999127	2
271.09999999999127	97
271.09999999999127	38
271.09999999999127	37
271.59999999999127	25
276.0	80
276.0	21
276.0	3
276.09999999999127	64
276.09999999999127	19
276.09999999999127	22
276.09999999999127	36
276.09999999999127	52
276.09999999999127	53
276.09999999999127	27
276.09999999999127	4
276.3000000000029	91
276.3000000000029	6
276.3999999999942	93
276.3999999999942	60
276.3999999999942	68
276.6999999999971	75
276.6999999999971	81
276.6999999999971	86
276.8000000000029	42
276.8000000000029	43
276.8000000000029	98
277.0	40
277.0	47
277.0	61
276.3000000000029	2
276.3999999999942	46
276.3999999999942	15
276.3999999999942	72
276.3999999999942	14
281.6999999999971	85
281.6999999999971	43
281.6999999999971	26
281.8000000000029	13
282.0	58
282.09999999999127	24
282.09999999999127	34
282.09999999999127	49
282.09999999999127	23
281.3000000000029	25
281.3000000000029	38
281.3000000000029	69
281.3000000000029	87
281.3000000000029	100
281.3000000000029	18
281.3000000000029	2
281.3000000000029	32
281.3000000000029	52
281.3000000000029	11
281.3000000000029	63
281.3000000000029	61
281.3999999999942	3
286.8999999999942	79
286.3000000000029	93
286.3000000000029	4
286.3000000000029	57
286.3999999999942	38
286.3999999999942	26
286.3999999999942	43
286.3999999999942	83
286.3999999999942	32
286.3999999999942	87
286.3999999999942	88
286.3999999999942	97
286.3999999999942	98
286.3999999999942	16
286.3999999999942	60
286.3999999999942	68
286.3999999999942	3
286.3999999999942	13
286.5	52
286.5	17
286.5	69
286.5	25
286.5	18
286.5	10
286.5	24
286.5	82
291.3999999999942	13
291.3999999999942	22
291.3999999999942	39
291.3999999999942	60
291.3999999999942	29
291.3999999999942	5
291.3999999999942	61
291.3999999999942	42
291.3999999999942	92
291.3999999999942	71
291.3999999999942	82
291.5	32
291.5	88
291.5	10
291.5	20
291.5	66
291.5	52
291.5	68
291.5	51
291.5	2
291.5	14
291.59999999999127	89
291.59999999999127	96
291.59999999999127	85
296.5	98
297.0	71
297.0	40
297.0	17
297.0	88
297.0	52
297.0	87
297.0	49
297.0	25
297.0	31
297.0	53
297.09999999999127	57
297.09999999999127	85
297.09999999999127	26
297.09999999999127	83
297.09999999999127	56
297.09999999999127	92
297.09999999999127	45
297.09999999999127	73
297.09999999999127	89
297.09999999999127	74
297.09999999999127	3
297.09999999999127	97
297.09999999999127	2
297.09999999999127	38
297.09999999999127	100
297.09999999999127	42
297.09999999999127	29
297.09999999999127	82
297.09999999999127	32
297.09999999999127	51
297.59999999999127	60
297.59999999999127	70
301.6999999999971	2
301.6999999999971	65
301.6999999999971	5
301.6999999999971	60
301.6999999999971	66
301.6999999999971	49
301.6999999999971	98
301.6999999999971	88
301.6999999999971	69
301.6999999999971	20
301.6999999999971	79
301.6999999999971	47
301.6999999999971	71
301.6999999999971	61
301.6999999999971	17
301.6999999999971	67
301.6999999999971	58
301.6999999999971	8
301.6999999999971	28
301.6999999999971	45
301.6999999999971	53
301.6999999999971	25
301.8000000000029	81
301.8000000000029	42
301.8000000000029	86
301.8000000000029	29
301.8000000000029	63
301.8999999999942	83
301.8999999999942	35
301.8999999999942	43
301.8999999999942	56
301.8999999999942	26
301.8999999999942	59
301.8999999999942	22
301.8999999999942	44
302.0	24
302.0	51
306.6999999999971	3
306.8000000000029	68
306.8000000000029	6
306.8000000000029	71
306.8000000000029	4
306.8999999999942	25
306.8999999999942	53
306.8999999999942	98
306.8999999999942	17
306.8999999999942	38
306.8999999999942	70
306.8999999999942	78
306.8999999999942	88
306.8999999999942	23
306.8999999999942	5
306.8999999999942	29
306.8999999999942	32
307.0	89
307.0	1
307.0	66
307.0	11
307.0	42
307.0	92
307.0	81
307.0	82
307.0	35
307.09999999999127	43
311.8000000000029	79
311.8999999999942	18
311.8999999999942	25
311.8999999999942	51
311.8999999999942	7
312.0	28
312.0	19
312.0	2
312.0	43
312.0	89
312.0	40
312.0	44
312.0	37
312.0	6
312.0	99
312.0	53
312.09999999999127	30
312.09999999999127	17
312.09999999999127	5
312.09999999999127	82
312.09999999999127	100
312.09999999999127	42
312.09999999999127	21
312.09999999999127	31
312.3000000000029	34
317.0	98
317.0	69
317.0	29
317.0	59
317.0	10
317.09999999999127	85
317.09999999999127	61
317.09999999999127	38
317.09999999999127	31
317.09999999999127	4
317.5	71
317.59999999999127	30
317.8000000000029	6
317.8000000000029	84
318.0	13
318.0	42
318.0	88
318.0	87
318.09999999999127	77
318.09999999999127	52
317.3000000000029	18
317.3000000000029	93
317.3999999999942	15
317.3999999999942	24
322.09999999999127	29
322.09999999999127	97
322.09999999999127	78
322.09999999999127	48
322.09999999999127	31
322.09999999999127	38
322.09999999999127	26
323.0	57
322.5	3
322.5	45
322.5	8
322.5	79
322.5	20
322.6999999999971	82
322.3000000000029	67
322.3000000000029	10
322.3000000000029	92
322.3000000000029	18
322.3000000000029	2
322.3000000000029	42
322.3000000000029	47
322.3000000000029	43
322.3000000000029	63
322.3000000000029	88
322.3000000000029	36
327.3999999999942	97
327.59999999999127	49
327.8000000000029	65
327.8000000000029	52
327.8000000000029	1
328.0	60
328.09999999999127	31
327.3000000000029	29
327.3000000000029	25
327.3000000000029	85
327.3000000000029	93
327.3000000000029	87
327.3000000000029	3
327.3000000000029	75
327.3000000000029	42
327.3000000000029	78
327.3000000000029	43
327.3000000000029	40
327.3999999999942	63
327.3999999999942	35
327.3999999999942	24
327.3999999999942	79
327.3999999999942	4
327.3999999999942	96
327.3999999999942	64
327.5	8
327.5	2
333.09999999999127	10
333.09999999999127	29
332.3000000000029	61
332.3000000000029	52
332.3000000000029	6
332.3000000000029	59
332.3999999999942	50
332.3999999999942	57
332.3999999999942	40
332.3999999999942	20
332.3999999999942	87
332.3999999999942	31
332.3999999999942	60
332.5	65
332.5	75
332.5	82
332.5	84
332.5	99
332.5	92
332.5	3
332.5	98
332.5	79
332.5	18
332.5	2
332.5	93
332.5	53
332.5	76
332.59999999999127	73
337.3000000000029	97
337.3999999999942	29
337.3999999999942	25
337.5	40
337.5	20
337.5	61
337.5	78
337.5	75
337.5	57
337.5	42
337.5	79
337.5	59
337.5	1
337.5	52
337.5	63
337.5	31
337.5	92
337.5	99
337.5	93
337.59999999999127	100
337.59999999999127	87
337.59999999999127	24
337.59999999999127	2
337.59999999999127	18
337.6999999999971	43
337.6999999999971	26
342.3999999999942	29
342.3999999999942	6
342.5	97
342.5	91
342.5	60
342.5	10
342.59999999999127	5
342.59999999999127	84
342.59999999999127	66
342.59999999999127	20
342.59999999999127	47
342.59999999999127	75
342.59999999999127	57
342.59999999999127	30
342.59999999999127	80
342.59999999999127	31
342.59999999999127	42
342.59999999999127	65
342.6999999999971	92
342.6999999999971	1
342.6999999999971	87
342.6999999999971	77
342.6999999999971	18
342.8000000000029	26
342.8000000000029	24
342.8000000000029	33
347.3999999999942	28
347.3999999999942	79
347.5	29
347.59999999999127	34
347.59999999999127	97
347.59999999999127	100
347.59999999999127	25
347.6999999999971	3
347.6999999999971	84
347.6999999999971	57
347.6999999999971	91
347.6999999999971	40
347.6999999999971	47
347.6999999999971	36
347.8000000000029	1
347.8000000000029	31
347.8000000000029	62
347.8000000000029	30
347.8000000000029	77
347.8000000000029	98
347.8000000000029	35
347.8000000000029	93
347.8000000000029	39
347.8000000000029	42
347.8999999999942	44
352.5	4
352.5	56
352.59999999999127	5
352.59999999999127	65
352.6999999999971	43
352.6999999999971	94
352.6999999999971	26
352.6999999999971	92
352.6999999999971	78
352.6999999999971	22
352.6999999999971	57
352.6999999999971	25
352.6999999999971	40
352.6999999999971	49
352.8000000000029	6
352.8000000000029	3
352.8000000000029	1
352.8000000000029	27
352.8000000000029	59
352.8000000000029	98
352.8000000000029	8
352.8000000000029	81
352.8000000000029	63
352.8000000000029	42
352.8999999999942	66
352.8999999999942	53
353.0	37
357.59999999999127	35
357.6999999999971	43
357.8000000000029	84
357.8000000000029	44
357.8000000000029	30
357.8000000000029	25
357.8000000000029	68
357.8000000000029	22
357.8000000000029	57
357.8000000000029	9
357.8999999999942	74
357.8999999999942	88
357.8999999999942	49
357.8999999999942	97
357.8999999999942	5
357.8999999999942	78
357.8999999999942	48
357.8999999999942	77
357.8999999999942	85
357.8999999999942	42
357.8999999999942	47
357.8999999999942	1
357.8999999999942	27
358.0	92
358.0	32
358.0	100
358.0	96
362.6999999999971	31
362.8999999999942	8
362.8999999999942	40
362.8999999999942	79
362.8999999999942	71
362.8999999999942	43
363.0	25
363.0	87
363.0	67
363.0	1
363.0	77
363.0	57
363.0	68
363.0	45
363.0	5
363.0	75
363.0	88
363.0	90
363.0	32
363.0	85
363.0	99
363.0	92
363.09999999999127	49
363.09999999999127	44
367.8000000000029	31
367.8000000000029	55
367.8999999999942	84
368.0	38
368.0	48
368.0	75
368.0	32
368.0	10
368.0	95
368.0	88
368.0	68
368.0	45
368.0	93
368.0	57
368.0	41
368.0	98
368.0	83
368.0	56
368.09999999999127	77
368.09999999999127	36
368.09999999999127	67
368.09999999999127	87
368.09999999999127	22
368.09999999999127	8
368.09999999999127	85
368.09999999999127	3
368.09999999999127	78
368.3000000000029	44
372.8999999999942	31
373.0	96
373.09999999999127	91
373.09999999999127	94
373.09999999999127	43
373.09999999999127	40
373.09999999999127	29
373.3000000000029	63
373.59999999999127	25
373.6999999999971	83
373.8000000000029	95
373.8000000000029	88
373.8000000000029	20
373.8999999999942	19
373.8999999999942	26
374.0	2
374.09999999999127	10
374.09999999999127	32
374.09999999999127	66
374.09999999999127	85
374.09999999999127	57
374.09999999999127	36
374.09999999999127	45
373.3000000000029	17
373.3000000000029	16
373.3000000000029	98
373.3999999999942	44
373.5	75
378.0	31
378.0	35
378.09999999999127	52
378.3000000000029	67
378.5	96
378.3000000000029	77
378.3000000000029	68
378.3000000000029	57
378.3000000000029	38
378.3000000000029	16
378.3000000000029	65
378.3000000000029	10
378.3000000000029	29
378.3000000000029	43
378.3000000000029	76
378.3000000000029	45
378.3000000000029	6
378.3000000000029	84
378.3999999999942	3
378.3999999999942	75
378.3999999999942	98
378.3999999999942	85
378.3999999999942	25
378.3999999999942	11
378.3999999999942	47
378.3999999999942	32
378.5	17
378.5	62
378.6999999999971	44
378.6999999999971	33
383.09999999999127	31
383.09999999999127	100
383.09999999999127	35
383.3000000000029	80
383.3000000000029	57
383.3000000000029	18
383.3999999999942	5
383.3999999999942	16
383.3999999999942	38
383.3999999999942	2
383.3999999999942	27
383.3999999999942	45
383.3999999999942	67
383.3999999999942	95
383.3999999999942	88
383.3999999999942	48
383.3999999999942	82
383.3999999999942	47
383.3999999999942	20
383.3999999999942	1
383.3999999999942	17
383.3999999999942	79
383.5	84
383.5	10
383.5	33
383.5	6
383.5	83
383.5	25
383.5	96
388.8999999999942	41
388.3999999999942	35
388.5	31
388.59999999999127	52
388.3000000000029	57
388.3999999999942	94
388.3999999999942	85
388.5	65
388.5	23
388.5	88
388.5	42
388.5	38
388.5	45
388.59999999999127	20
388.59999999999127	10
388.59999999999127	17
388.59999999999127	27
388.59999999999127	67
388.59999999999127	82
388.59999999999127	6
388.59999999999127	71
388.59999999999127	25
388.59999999999127	91
388.6999999999971	84
388.8000000000029	24
393.8999999999942	11
394.0	41
393.3000000000029	31
393.3000000000029	75
393.3999999999942	79
393.5	94
393.5	33
393.5	99
393.5	29
393.5	60
393.59999999999127	52
393.59999999999127	59
393.59999999999127	3
393.59999999999127	16
393.59999999999127	32
393.59999999999127	65
393.59999999999127	80
393.59999999999127	35
393.59999999999127	27
393.59999999999127	67
393.6999999999971	91
393.6999999999971	47
393.6999999999971	63
393.6999999999971	25
393.6999999999971	45
393.6999999999971	84
393.6999999999971	57
393.6999999999971	53
393.8000000000029	21
393.8000000000029	58
393.8999999999942	96
393.8999999999942	73
398.3000000000029	11
398.3999999999942	31
398.3999999999942	38
398.5	30
398.5	79
398.59999999999127	8
398.6999999999971	16
398.6999999999971	86
398.6999999999971	41
398.8000000000029	45
398.8000000000029	9
398.8000000000029	81
398.8000000000029	36
398.8000000000029	53
398.8000000000029	32
398.8000000000029	75
398.8000000000029	74
398.8000000000029	47
398.8000000000029	63
398.8000000000029	40
398.8000000000029	49
398.8000000000029	64
398.8999999999942	25
398.8999999999942	34
398.8999999999942	3
398.8999999999942	5
398.8999999999942	80
398.8999999999942	71
398.8999999999942	84
399.0	52
399.09999999999127	27
399.09999999999127	67
399.09999999999127	59
399.09999999999127	96
399.09999999999127	73
403.5	22
403.59999999999127	11
403.59999999999127	79
403.6999999999971	69
403.6999999999971	30
403.8000000000029	16
403.8000000000029	97
403.8999999999942	75
403.8999999999942	53
403.8999999999942	99
403.8999999999942	87
403.8999999999942	8
403.8999999999942	36
403.8999999999942	45
403.8999999999942	3
403.8999999999942	65
404.0	7
404.0	84
404.0	41
404.0	39
404.0	34
404.09999999999127	5
404.09999999999127	1
404.09999999999127	27
404.09999999999127	63
404.09999999999127	40
404.09999999999127	96
404.09999999999127	37
404.09999999999127	67
404.09999999999127	25
408.59999999999127	58
408.59999999999127	85
408.6999999999971	79
408.6999999999971	51
408.8000000000029	52
408.8000000000029	77
408.8000000000029	43
408.8000000000029	22
408.8999999999942	30
409.0	98
409.0	23
409.0	66
409.0	35
409.09999999999127	55
409.09999999999127	99
409.09999999999127	53
409.09999999999127	57
409.09999999999127	41
409.09999999999127	34
409.09999999999127	32
409.09999999999127	25
409.09999999999127	21
409.09999999999127	37
409.09999999999127	33
409.09999999999127	47
410.0	67
410.0	1
409.3000000000029	45
413.6999999999971	69
413.6999999999971	22
413.6999999999971	38
413.6999999999971	20
413.8000000000029	27
413.8000000000029	31
413.8000000000029	7
413.8999999999942	59
414.0	51
414.09999999999127	18
414.09999999999127	26
414.09999999999127	87
414.09999999999127	41
414.09999999999127	53
414.3000000000029	71
414.5	47
414.5	57
414.59999999999127	98
414.59999999999127	16
414.59999999999127	12
414.6999999999971	3
414.3000000000029	75
414.3000000000029	17
414.3000000000029	32
414.3000000000029	44
418.8000000000029	52
418.8000000000029	69
418.8000000000029	4
418.8000000000029	80
418.8000000000029	84
418.8999999999942	22
418.8999999999942	45
418.8999999999942	38
418.8999999999942	1
419.0	29
420.09999999999127	62
420.09999999999127	53
420.09999999999127	41
419.3000000000029	99
419.3000000000029	88
419.3000000000029	16
419.3000000000029	31
419.3000000000029	98
419.3000000000029	18
419.3000000000029	47
419.3000000000029	20
419.3000000000029	61
419.3000000000029	32
419.3000000000029	96
419.3000000000029	3
419.3999999999942	67
419.3999999999942	51
423.8000000000029	52
423.8999999999942	35
423.8999999999942	43
423.8999999999942	39
423.8999999999942	82
424.0	21
424.0	49
424.09999999999127	69
424.09999999999127	1
424.09999999999127	38
424.3000000000029	25
424.3000000000029	20
424.3000000000029	63
424.3999999999942	41
424.3999999999942	27
424.3999999999942	67
424.3999999999942	68
424.5	31
424.5	98
424.5	48
424.5	92
424.5	83
424.5	3
424.5	96
424.5	15
424.59999999999127	44
428.8999999999942	40
428.8999999999942	32
429.0	39
429.0	21
429.0	53
429.0	69
429.09999999999127	49
429.09999999999127	30
429.09999999999127	73
429.3999999999942	38
429.6999999999971	58
429.6999999999971	56
429.6999999999971	85
429.6999999999971	29
429.6999999999971	98
429.6999999999971	81
429.6999999999971	55
429.6999999999971	3
429.6999999999971	25
429.6999999999971	63
429.6999999999971	61
429.6999999999971	48
429.6999999999971	87
429.6999999999971	8
429.8000000000029	79
430.0	96
434.0	77
434.0	12
434.09999999999127	32
434.09999999999127	39
434.09999999999127	21
434.09999999999127	66
434.09999999999127	53
434.09999999999127	52
434.09999999999127	69
434.8000000000029	73
434.3999999999942	27
434.5	11
434.5	45
434.59999999999127	61
434.59999999999127	63
434.59999999999127	87
434.59999999999127	29
434.59999999999127	22
434.59999999999127	55
434.6999999999971	56
434.6999999999971	51
434.6999999999971	58
434.8000000000029	72
434.8000000000029	96
434.8000000000029	85
439.09999999999127	30
439.09999999999127	8
439.3000000000029	39
439.3000000000029	32
439.3000000000029	84
439.3999999999942	18
439.3999999999942	53
439.3999999999942	21
439.3999999999942	43
439.59999999999127	31
439.59999999999127	98
439.59999999999127	49
439.6999999999971	3
439.8000000000029	35
439.8000000000029	83
439.8000000000029	79
439.8000000000029	99
439.8000000000029	22
439.8000000000029	94
439.8000000000029	89
439.8000000000029	37
439.8000000000029	40
439.8000000000029	1
439.8000000000029	17
439.8000000000029	52
439.8000000000029	61
439.8000000000029	15
439.8999999999942	20
439.8999999999942	44
444.8999999999942	81
445.0	39
445.09999999999127	57
444.3000000000029	82
444.3000000000029	69
444.3000000000029	100
444.3000000000029	87
444.3000000000029	30
444.3000000000029	21
444.6999999999971	25
444.8000000000029	47
444.8000000000029	20
444.8000000000029	66
444.8000000000029	52
444.8000000000029	92
444.8000000000029	1
444.8000000000029	41
444.8000000000029	77
444.8000000000029	63
444.8000000000029	9
444.8999999999942	3
444.8999999999942	23
444.8999999999942	29
444.8999999999942	53
445.09999999999127	44
449.3000000000029	32
449.3000000000029	96
449.3000000000029	39
449.3000000000029	30
449.3000000000029	57
449.3999999999942	49
449.3999999999942	56
449.3999999999942	35
449.3999999999942	55
449.3999999999942	74
449.5	83
449.8000000000029	43
449.8000000000029	79
449.8000000000029	61
449.8000000000029	58
449.8000000000029	84
449.8999999999942	8
449.8999999999942	18
449.8999999999942	1
449.8999999999942	67
449.8999999999942	17
449.8999999999942	3
450.0	98
450.0	100
450.0	69
450.09999999999127	88
454.3999999999942	77
454.3999999999942	75
454.3999999999942	37
454.5	20
454.5	50
454.5	21
454.5	57
454.59999999999127	56
454.6999999999971	51
454.8000000000029	95
454.8999999999942	43
454.8999999999942	7
454.8999999999942	58
454.8999999999942	65
454.8999999999942	41
455.0	67
455.0	47
455.0	92
455.0	63
455.0	85
455.09999999999127	99
455.09999999999127	86
455.09999999999127	9
455.09999999999127	12
455.09999999999127	3
455.09999999999127	30
459.5	75
459.5	55
459.59999999999127	100
459.59999999999127	79
459.59999999999127	84
459.59999999999127	74
459.59999999999127	2
459.59999999999127	91
459.59999999999127	14
459.6999999999971	97
459.6999999999971	35
460.0	61
460.0	5
460.0	29
460.0	49
460.09999999999127	17
460.09999999999127	58
460.09999999999127	1
460.09999999999127	85
460.3000000000029	21
460.5	8
464.59999999999127	32
464.8000000000029	16
464.8000000000029	75
464.8000000000029	86
464.8000000000029	57
464.8000000000029	77
464.8000000000029	22
464.8000000000029	53
464.8000000000029	36
464.8000000000029	79
464.8000000000029	92
464.8000000000029	81
464.8000000000029	72
464.8000000000029	48
464.8000000000029	66
464.8999999999942	97
464.8999999999942	100
464.8999999999942	35
465.09999999999127	44
465.09999999999127	45
465.09999999999127	73
465.09999999999127	43
465.3999999999942	9
465.3999999999942	29
465.3999999999942	46
465.3999999999942	61
465.3000000000029	74
469.6999999999971	39
469.6999999999971	57
469.6999999999971	63
469.6999999999971	21
469.6999999999971	92
469.8000000000029	100
469.8000000000029	77
469.8000000000029	85
469.8000000000029	91
469.8000000000029	69
469.8000000000029	36
469.8000000000029	35
469.8000000000029	32
469.8000000000029	4
469.8000000000029	67
469.8000000000029	30
469.8000000000029	79
469.8000000000029	16
470.09999999999127	72
470.5	83
470.8999999999942	68
471.0	56
470.3000000000029	9
470.3000000000029	49
470.3000000000029	65
474.8000000000029	86
474.8000000000029	63
474.8000000000029	88
474.8000000000029	84
474.8000000000029	71
474.8000000000029	57
474.8000000000029	75
474.8999999999942	39
474.8999999999942	3
474.8999999999942	93
474.8999999999942	92
474.8999999999942	67
474.8999999999942	77
474.8999999999942	23
474.8999999999942	44
474.8999999999942	36
475.0	91
475.0	35
476.0	45
475.3000000000029	46
475.3000000000029	8
475.3000000000029	43
475.3000000000029	29
479.8999999999942	30
479.8999999999942	88
479.8999999999942	12
479.8999999999942	63
480.0	34
480.0	42
480.0	3
480.0	22
480.0	93
480.0	41
480.0	4
480.0	84
480.0	36
480.0	1
480.09999999999127	92
480.09999999999127	59
480.09999999999127	51
480.09999999999127	62
480.09999999999127	15
480.3000000000029	35
480.3000000000029	46
480.3999999999942	2
480.3999999999942	29
485.0	60
485.0	100
485.0	75
485.0	86
485.0	39
485.0	70
485.09999999999127	92
485.09999999999127	67
485.09999999999127	1
485.09999999999127	42
485.09999999999127	11
485.09999999999127	30
485.09999999999127	37
485.09999999999127	24
485.09999999999127	23
485.09999999999127	74
485.09999999999127	69
485.09999999999127	55
485.09999999999127	12
485.09999999999127	18
485.09999999999127	3
485.09999999999127	21
485.09999999999127	54
485.09999999999127	65
485.09999999999127	45
485.09999999999127	93
485.09999999999127	77
485.09999999999127	8
485.09999999999127	57
485.09999999999127	41
485.8999999999942	43
485.8999999999942	83
485.3000000000029	72
490.09999999999127	63
490.59999999999127	29
491.09999999999127	30
490.3000000000029	3
490.5	21
490.59999999999127	16
490.6999999999971	82
490.8000000000029	12
490.8999999999942	77
491.0	78
491.0	41
491.0	100
490.3000000000029	92
490.3000000000029	67
490.3000000000029	1
490.3000000000029	75
490.3000000000029	56
490.3000000000029	83
490.3000000000029	43
490.3000000000029	51
490.3000000000029	45
490.3000000000029	27
490.3000000000029	76
490.3999999999942	35
490.5	46
490.5	15
496.0	98
496.09999999999127	23
496.09999999999127	47
496.09999999999127	29
495.3000000000029	30
495.3000000000029	3
495.3000000000029	49
495.3000000000029	42
495.3000000000029	67
495.3000000000029	60
495.3000000000029	92
495.3000000000029	21
495.3000000000029	38
495.3000000000029	69
495.3000000000029	8
495.3999999999942	31
495.3999999999942	45
495.3999999999942	63
495.3999999999942	77
495.3999999999942	22
495.3999999999942	27
495.3999999999942	93
495.3999999999942	18
495.3999999999942	5
495.3999999999942	51
495.5	37
495.5	15
500.3999999999942	35
500.3999999999942	43
500.3999999999942	83
500.3999999999942	98
500.3999999999942	39
500.3999999999942	42
500.3999999999942	6
500.3999999999942	70
500.5	45
500.5	20
500.5	12
500.5	5
500.5	41
500.5	22
500.5	67
500.5	38
500.5	54
500.5	3
500.5	21
500.5	97
500.59999999999127	72
505.3999999999942	2
505.8000000000029	31
505.8000000000029	30
505.8000000000029	20
505.8000000000029	63
505.8000000000029	73
505.8000000000029	21
505.8000000000029	57
505.8000000000029	13
505.8000000000029	45
505.8000000000029	32
505.8000000000029	64
505.8000000000029	42
505.8999999999942	23
505.8999999999942	93
505.8999999999942	11
505.8999999999942	67
505.8999999999942	91
505.8999999999942	5
505.8999999999942	83
505.8999999999942	86
505.8999999999942	29
505.8999999999942	98
505.8999999999942	50
505.8999999999942	34
505.8999999999942	33
505.8999999999942	15
505.8999999999942	9
505.8999999999942	69
505.8999999999942	92
506.0	3
510.5	84
510.5	3
510.59999999999127	83
510.59999999999127	28
510.59999999999127	63
510.59999999999127	61
510.59999999999127	74
510.59999999999127	64
510.59999999999127	11
510.59999999999127	67
510.59999999999127	18
510.59999999999127	20
510.59999999999127	43
510.59999999999127	13
510.6999999999971	86
510.6999999999971	69
510.6999999999971	98
510.6999999999971	16
510.6999999999971	23
510.6999999999971	42
510.6999999999971	5
510.6999999999971	95
510.6999999999971	39
510.8000000000029	10
510.8000000000029	37
510.8000000000029	73
510.8000000000029	91
510.8000000000029	70
510.8000000000029	31
515.6999999999971	3
515.6999999999971	57
515.6999999999971	45
515.6999999999971	19
515.6999999999971	20
515.8000000000029	66
515.8000000000029	21
515.8000000000029	39
515.8000000000029	63
515.8000000000029	71
515.8000000000029	10
515.8000000000029	11
515.8000000000029	67
515.8000000000029	64
515.8000000000029	23
515.8000000000029	13
515.8000000000029	84
515.8000000000029	60
515.8000000000029	34
515.8000000000029	98
515.8000000000029	32
515.8000000000029	12
515.8000000000029	30
515.8000000000029	69
515.8999999999942	31
516.0	15
516.0	73
516.0	24
520.8000000000029	67
520.8000000000029	11
520.8000000000029	87
520.8000000000029	27
520.8000000000029	63
520.8000000000029	47
520.8000000000029	45
520.8000000000029	84
520.8000000000029	34
520.8000000000029	86
520.8000000000029	31
520.8999999999942	66
520.8999999999942	39
520.8999999999942	10
520.8999999999942	48
520.8999999999942	12
520.8999999999942	79
520.8999999999942	98
520.8999999999942	6
520.8999999999942	21
520.8999999999942	69
521.0999999999913	24
521.0999999999913	37
521.0999999999913	15
521.0999999999913	46
525.8999999999942	18
525.8999999999942	47
525.8999999999942	63
525.8999999999942	60
525.8999999999942	12
525.8999999999942	57
525.8999999999942	84
525.8999999999942	5
525.8999999999942	26
525.8999999999942	83
526.0	66
526.0	23
526.0	8
526.0	93
526.0	42
526.0	27
526.0	1
526.0	67
526.0	11
526.0	81
526.0	3
526.0	53
526.0	29
526.3999999999942	15
526.3999999999942	73
526.3999999999942	37
526.3999999999942	24
531.0	86
531.0	16
531.0	2
531.0	11
531.0	67
531.0	92
531.0	34
531.0	36
531.0	39
531.0	70
531.0	98
531.0999999999913	21
531.0999999999913	9
531.0999999999913	12
531.0999999999913	93
531.0999999999913	68
531.0999999999913	41
531.0999999999913	30
531.3999999999942	63
531.8000000000029	71
532.0	88
531.3999999999942	53
531.3999999999942	69
531.5	99
532.0999999999913	37
532.0999999999913	73
532.0999999999913	62
531.3000000000029	46
536.0	84
536.0999999999913	31
536.0999999999913	32
536.0999999999913	59
536.0999999999913	92
536.0999999999913	67
536.0999999999913	98
536.0999999999913	49
536.0999999999913	21
536.5	35
536.5999999999913	19
536.5999999999913	90
536.6999999999971	63
536.6999999999971	30
536.6999999999971	64
536.6999999999971	93
536.8000000000029	5
536.8999999999942	12
536.8999999999942	11
536.8999999999942	83
536.8999999999942	94
537.0	45
537.0	53
537.0	86
537.0999999999913	48
536.3000000000029	33
536.3000000000029	24
536.3000000000029	73
541.0999999999913	91
541.0999999999913	46
541.3000000000029	42
541.3000000000029	50
541.6999999999971	98
541.3000000000029	10
541.3000000000029	39
541.3000000000029	56
541.3000000000029	82
541.3000000000029	12
541.3000000000029	69
541.3000000000029	43
541.3999999999942	7
541.3999999999942	70
541.3999999999942	86
541.3999999999942	93
541.3999999999942	77
541.3999999999942	36
541.3999999999942	19
541.3999999999942	71
541.3999999999942	35
541.3999999999942	52
541.5999999999913	11
541.5999999999913	59
541.5999999999913	67
541.5999999999913	30
541.5999999999913	24
541.5999999999913	15
541.5999999999913	73
541.6999999999971	13
541.6999999999971	72
546.3000000000029	42
546.3000000000029	29
546.3000000000029	21
546.3999999999942	16
546.3999999999942	48
546.5	47
546.5	71
546.5	20
546.5	30
546.5	61
546.5	5
546.5	64
546.5	36
546.5	77
546.5	93
546.5	69
546.5	63
546.5	13
546.5	70
546.5999999999913	67
546.5999999999913	11
546.5999999999913	17
546.5999999999913	92
546.5999999999913	52
546.5999999999913	86
546.5999999999913	46
546.5999999999913	72
546.5999999999913	56
546.5999999999913	43
546.5999999999913	35
546.5999999999913	59
546.5999999999913	37
551.5	4
551.5999999999913	3
551.5999999999913	32
551.5999999999913	50
551.5999999999913	29
551.5999999999913	42
551.5999999999913	49
551.5999999999913	69
551.5999999999913	55
551.5999999999913	12
551.5999999999913	60
551.5999999999913	40
551.5999999999913	79
551.5999999999913	61
551.5999999999913	82
551.5999999999913	30
551.5999999999913	45
551.5999999999913	64
551.5999999999913	77
551.5999999999913	93
551.5999999999913	70
551.5999999999913	94
551.6999999999971	83
551.6999999999971	35
551.6999999999971	56
551.6999999999971	17
551.6999999999971	11
551.6999999999971	59
551.8000000000029	24
551.8000000000029	46
551.8000000000029	15
551.8000000000029	96
551.8000000000029	73
556.5999999999913	7
556.6999999999971	67
556.6999999999971	92
556.6999999999971	84
556.6999999999971	71
556.6999999999971	38
556.6999999999971	34
556.6999999999971	42
556.6999999999971	12
556.6999999999971	9
556.6999999999971	32
556.6999999999971	60
556.6999999999971	90
556.8000000000029	59
556.8000000000029	2
556.8000000000029	11
556.8000000000029	52
556.8000000000029	54
556.8000000000029	58
556.8000000000029	22
556.8000000000029	69
556.8999999999942	5
556.8999999999942	77
556.8999999999942	68
556.8999999999942	35
556.8999999999942	51
556.8999999999942	94
556.8999999999942	21
557.0	44
557.0999999999913	96
557.0999999999913	24
557.0999999999913	72
561.6999999999971	64
561.8000000000029	34
561.8000000000029	98
561.8000000000029	86
561.8000000000029	3
561.8000000000029	67
561.8999999999942	41
561.8999999999942	22
561.8999999999942	70
561.8999999999942	36
561.8999999999942	92
561.8999999999942	77
561.8999999999942	52
562.0	42
562.0	93
562.0	32
562.0	30
562.0	14
563.0	35
563.0	56
563.0999999999913	46
562.3000000000029	15
562.3000000000029	24
562.3000000000029	96
562.3000000000029	33
562.6999999999971	72
566.8999999999942	71
566.8999999999942	34
566.8999999999942	9
566.8999999999942	86
566.8999999999942	41
567.0	69
567.0	21
567.0	12
567.0	36
567.0	77
567.0	94
567.0	42
567.0	29
567.0	10
567.0	32
567.0	26
567.0	54
567.0	84
567.0999999999913	93
567.0999999999913	43
567.0999999999913	17
567.0999999999913	67
567.0999999999913	11
567.0999999999913	63
567.5	24
567.5	62
572.0	90
572.0	75
572.0	18
572.0	30
572.0	6
572.0999999999913	48
572.0999999999913	3
572.0999999999913	21
572.0999999999913	20
572.0999999999913	98
572.0999999999913	88
572.0999999999913	11
572.0999999999913	59
572.0999999999913	67
572.0999999999913	34
572.0999999999913	100
572.3999999999942	57
572.3000000000029	41
572.3000000000029	61
572.3000000000029	77
572.3999999999942	84
572.5	94
572.6999999999971	7
572.3000000000029	68
572.3000000000029	72
572.3000000000029	70
572.3999999999942	44
577.0999999999913	8
577.0999999999913	71
577.5	17
577.3000000000029	13
577.3000000000029	77
577.3000000000029	22
577.3000000000029	87
577.5	38
577.5	82
577.5	16
577.5	32
577.5	90
577.5999999999913	35
577.6999999999971	33
577.6999999999971	50
577.6999999999971	96
577.6999999999971	10
577.6999999999971	60
577.8999999999942	52
577.8999999999942	36
578.0	11
578.0	67
578.0999999999913	54
577.3000000000029	69
577.3000000000029	97
577.3000000000029	34
577.3000000000029	62
577.3999999999942	84
577.3999999999942	21
582.8999999999942	45
583.0999999999913	30
583.0999999999913	71
582.3000000000029	36
582.3000000000029	77
582.3000000000029	64
582.3000000000029	19
582.3000000000029	99
582.3000000000029	13
582.3000000000029	63
582.3000000000029	41
582.3000000000029	8
582.3000000000029	22
582.3999999999942	40
582.3999999999942	10
582.3999999999942	90
582.3999999999942	50
582.3999999999942	54
582.3999999999942	70
582.3999999999942	4
582.3999999999942	11
582.5	67
582.5	12
582.5	82
582.5	84
582.5	24
582.5	96
582.5	89
582.5	21
582.5	31
582.5999999999913	26
587.3000000000029	18
587.3999999999942	60
587.3999999999942	82
587.5	36
587.5	17
587.5	66
587.5	86
587.5	70
587.5	84
587.5	93
587.5	38
587.5	98
587.5	31
587.5	73
587.5	96
587.5	39
587.5	34
587.5	100
587.5	11
587.5	67
587.5	42
587.5	6
587.5	47
587.5	54
587.5	77
587.5	10
587.5	35
587.5	41
587.5999999999913	7
587.5999999999913	78
592.5	91
592.5	64
592.5	53
592.5999999999913	13
592.5999999999913	43
592.5999999999913	11
592.5999999999913	40
592.5999999999913	8
592.5999999999913	90
592.5999999999913	71
592.5999999999913	42
592.5999999999913	16
592.5999999999913	82
592.5999999999913	70
592.5999999999913	17
592.6999999999971	2
592.6999999999971	50
592.6999999999971	36
592.6999999999971	67
592.6999999999971	25
592.6999999999971	63
592.6999999999971	10
592.6999999999971	84
592.6999999999971	54
592.6999999999971	37
592.6999999999971	44
592.6999999999971	96
597.5999999999913	18
597.5999999999913	94
597.5999999999913	95
597.5999999999913	100
597.5999999999913	39
597.6999999999971	51
597.6999999999971	56
597.6999999999971	20
597.6999999999971	82
597.6999999999971	22
597.6999999999971	4
597.6999999999971	36
597.6999999999971	93
597.6999999999971	17
597.6999999999971	11
597.6999999999971	67
597.6999999999971	59
597.6999999999971	26
597.6999999999971	70
597.6999999999971	6
597.8000000000029	35
597.8000000000029	52
597.8000000000029	86
597.8000000000029	77
597.8000000000029	76
597.8000000000029	7
597.8000000000029	84
598.0	96
598.0	24
602.6999999999971	3
602.6999999999971	90
602.6999999999971	95
602.8000000000029	61
602.8000000000029	88
602.8000000000029	82
602.8000000000029	30
602.8000000000029	16
602.8000000000029	100
602.8999999999942	85
602.8999999999942	83
602.8999999999942	56
602.8999999999942	86
602.8999999999942	84
602.8999999999942	64
602.8999999999942	36
602.8999999999942	70
602.8999999999942	51
603.0	97
603.0	67
603.0	17
603.0	52
607.8000000000029	96
607.8000000000029	4
607.8999999999942	77
607.8999999999942	22
607.8999999999942	62
607.8999999999942	37
607.8999999999942	36
607.8999999999942	24
607.8999999999942	72
607.8999999999942	64
607.8999999999942	57
608.0	46
608.0	73
608.0	21
608.0	52
608.0	92
608.0	11
608.0	98
608.0	100
608.0	88
608.0	42
608.0	95
608.0	39
608.0	68
608.0	54
608.0	97
608.0	7
608.0999999999913	87
608.0999999999913	82
608.0999999999913	63
608.0999999999913	58
608.0999999999913	76
608.0999999999913	48
608.5	44
609.0999999999913	90
608.3000000000029	34
613.0	81
613.0999999999913	93
613.0999999999913	45
613.0999999999913	68
613.0999999999913	70
613.0999999999913	98
613.0999999999913	16
613.0999999999913	39
613.0999999999913	77
613.0999999999913	13
613.0999999999913	34
613.0999999999913	99
614.0999999999913	88
613.3000000000029	82
613.3000000000029	52
613.3000000000029	92
613.3000000000029	17
613.3000000000029	84
613.3999999999942	86
613.3999999999942	42
613.3999999999942	53
613.3999999999942	90
613.3999999999942	36
613.5	12
614.0999999999913	64
613.3000000000029	3
613.3999999999942	97
613.5	35
613.5	67
613.5999999999913	72
614.5	96
614.5	33
614.5	73
615.0999999999913	37
618.0	20
618.0999999999913	4
618.0999999999913	77
618.0999999999913	22
618.0999999999913	63
618.0999999999913	41
618.0999999999913	9
618.0999999999913	54
618.0999999999913	98
618.0999999999913	50
618.0999999999913	86
618.0999999999913	78
618.0999999999913	70
618.0999999999913	16
618.0999999999913	39
618.0999999999913	88
619.0	93
619.0999999999913	52
619.0999999999913	8
618.3000000000029	95
618.3000000000029	36
618.3000000000029	34
618.3000000000029	100
618.3000000000029	12
618.3000000000029	35
618.3000000000029	43
618.3000000000029	90
618.3000000000029	82
618.3999999999942	96
618.5	73
618.5	44
618.5	37
618.5	24
618.5	62
618.5	72
618.5	46
618.5	89
618.6999999999971	15
624.0	32
624.0	65
624.0	86
624.0	78
624.0	70
624.0	50
624.0	98
624.0	16
624.0	88
624.0	49
624.0	54
624.0	5
624.0999999999913	39
624.0999999999913	31
624.0999999999913	66
623.3000000000029	60
623.3000000000029	93
623.3000000000029	77
623.3000000000029	41
623.3000000000029	28
623.3000000000029	100
623.3000000000029	55
623.3000000000029	34
623.3000000000029	38
623.3000000000029	12
623.3000000000029	80
623.3999999999942	74
623.3999999999942	82
623.3999999999942	95
623.8000000000029	15
623.8000000000029	46
623.8000000000029	72
623.8000000000029	96
623.8000000000029	24
623.8000000000029	37
623.8000000000029	73
628.3000000000029	41
628.3000000000029	93
628.3999999999942	100
628.3999999999942	82
628.3999999999942	55
628.3999999999942	31
628.3999999999942	10
628.3999999999942	29
628.3999999999942	86
628.3999999999942	54
628.3999999999942	39
628.3999999999942	65
628.3999999999942	12
628.3999999999942	60
628.3999999999942	49
628.3999999999942	90
628.3999999999942	34
628.3999999999942	42
628.3999999999942	50
628.3999999999942	98
628.3999999999942	16
628.3999999999942	38
628.5	69
628.5	75
628.5	95
628.5999999999913	48
628.6999999999971	96
628.6999999999971	33
628.6999999999971	24
628.6999999999971	72
628.6999999999971	89
628.6999999999971	62
628.8000000000029	46
628.8000000000029	73
628.8000000000029	15
628.8999999999942	37
628.8999999999942	44
633.5	90
633.5	75
633.5	23
633.5	38
633.5	55
633.5	86
633.5	50
633.5	100
633.5	88
633.5	98
633.5	34
633.5999999999913	54
633.6999999999971	42
633.6999999999971	66
633.6999999999971	31
633.6999999999971	49
633.6999999999971	69
633.8000000000029	12
633.8999999999942	48
634.0	89
634.0	44
634.0	24
634.0	33
634.0	73
634.0	96
634.0999999999913	37
638.5999999999913	82
638.5999999999913	42
638.5999999999913	12
638.5999999999913	98
638.5999999999913	49
638.5999999999913	38
638.5999999999913	66
638.5999999999913	23
638.5999999999913	90
638.5999999999913	69
638.5999999999913	55
638.5999999999913	54
638.5999999999913	86
638.6999999999971	48
638.8000000000029	34
639.0	33
639.0	44
639.0999999999913	24
639.0999999999913	37
643.5999999999913	54
643.5999999999913	49
643.5999999999913	42
643.5999999999913	48
643.5999999999913	82
643.5999999999913	66
643.5999999999913	69
643.5999999999913	38
643.5999999999913	34
643.6999999999971	12
644.0	33
644.0	24
648.6999999999971	48
648.8000000000029	82
