0.0	14
3.099999999998545	13
4.899999999994179	13
4.899999999994179	13
8.599999999998545	13
10.299999999995634	13
14.099999999998545	13
15.599999999998545	12
15.799999999995634	12
15.799999999995634	13
19.5	13
20.299999999995634	12
20.599999999998545	11
20.89999999999418	12
21.19999999999709	18
21.19999999999709	13
23.0	30
25.0	13
25.099999999998545	15
25.39999999999418	12
25.599999999998545	11
25.89999999999418	12
26.0	14
26.299999999995634	18
27.19999999999709	13
27.599999999998545	30
30.39999999999418	13
30.5	20
30.5	15
30.599999999998545	12
31.39999999999418	14
31.0	12
31.299999999995634	18
31.299999999995634	27
32.19999999999709	13
33.0	30
35.19999999999709	19
35.39999999999418	20
35.599999999998545	14
36.299999999995634	17
36.5	13
35.799999999995634	15
35.89999999999418	22
36.19999999999709	27
36.19999999999709	18
37.19999999999709	30
37.599999999998545	13
39.099999999998545	21
40.099999999998545	18
40.39999999999418	22
40.39999999999418	22
40.599999999998545	14
41.299999999995634	11
40.799999999995634	16
40.799999999995634	22
40.89999999999418	13
41.0	17
41.0	27
41.19999999999709	15
41.19999999999709	18
41.89999999999418	30
44.299999999995634	21
45.099999999998545	22
45.299999999995634	14
45.39999999999418	16
45.39999999999418	12
45.5	17
45.599999999998545	12
46.19999999999709	14
46.19999999999709	16
46.19999999999709	15
46.19999999999709	11
46.19999999999709	11
46.19999999999709	17
46.19999999999709	18
46.19999999999709	26
46.19999999999709	13
46.19999999999709	24
46.89999999999418	30
47.0	19
47.0	27
47.0	22
50.39999999999418	21
50.0	22
50.099999999998545	34
50.099999999998545	34
50.39999999999418	16
50.5	12
50.5	20
50.599999999998545	12
50.599999999998545	17
51.19999999999709	27
51.39999999999418	24
51.5	14
50.799999999995634	11
50.799999999995634	22
50.799999999995634	12
50.89999999999418	11
50.89999999999418	14
50.89999999999418	26
51.0	27
51.0	13
51.0	23
51.0	25
51.0	17
51.099999999998545	18
51.099999999998545	30
51.19999999999709	16
51.19999999999709	15
55.099999999998545	22
55.19999999999709	21
55.5	17
55.599999999998545	34
55.599999999998545	11
55.799999999995634	16
56.0	20
55.799999999995634	25
55.799999999995634	27
55.799999999995634	24
55.799999999995634	30
55.89999999999418	17
55.89999999999418	20
55.89999999999418	23
55.89999999999418	26
55.89999999999418	11
55.89999999999418	14
56.0	13
56.0	18
56.099999999998545	15
56.099999999998545	16
56.099999999998545	14
56.099999999998545	25
56.299999999995634	27
57.599999999998545	30
57.599999999998545	30
59.799999999995634	15
60.19999999999709	15
60.299999999995634	22
60.5	17
61.19999999999709	16
61.19999999999709	21
61.19999999999709	18
61.19999999999709	13
61.19999999999709	20
61.19999999999709	20
61.19999999999709	23
61.19999999999709	15
61.299999999995634	11
61.299999999995634	25
61.299999999995634	25
61.299999999995634	34
62.0	17
62.0	27
62.0	27
62.0	14
62.0	14
62.0	26
62.19999999999709	24
63.5	21
64.79999999999563	15
64.79999999999563	14
65.19999999999709	33
65.19999999999709	33
65.39999999999418	20
65.5	17
65.5	20
65.59999999999854	23
65.79999999999563	19
66.5	36
66.5	36
65.79999999999563	25
65.79999999999563	18
65.79999999999563	16
65.79999999999563	24
65.89999999999418	22
65.89999999999418	15
65.89999999999418	17
66.0	20
66.0	11
66.0	26
66.09999999999854	24
66.09999999999854	32
66.09999999999854	13
66.09999999999854	27
66.09999999999854	14
66.09999999999854	25
66.19999999999709	34
66.29999999999563	21
66.39999999999418	27
69.39999999999418	21
69.59999999999854	15
69.79999999999563	32
69.79999999999563	32
70.29999999999563	24
70.29999999999563	24
70.59999999999854	23
70.59999999999854	17
70.59999999999854	19
70.59999999999854	20
71.59999999999854	33
70.79999999999563	11
70.79999999999563	20
70.79999999999563	18
70.79999999999563	25
70.79999999999563	22
70.89999999999418	16
70.89999999999418	32
71.0	25
71.0	15
71.0	14
71.0	36
71.0	11
71.09999999999854	24
71.09999999999854	26
71.19999999999709	34
71.29999999999563	21
71.29999999999563	13
73.89999999999418	21
74.29999999999563	15
74.89999999999418	32
75.09999999999854	27
75.09999999999854	27
76.0	16
76.0	32
76.0	28
76.0	14
76.0	12
76.0	12
76.0	20
76.0	20
76.0	11
76.0	11
76.0	23
76.0	18
76.0	26
76.09999999999854	19
76.09999999999854	28
76.79999999999563	34
76.79999999999563	33
76.79999999999563	13
76.79999999999563	25
76.79999999999563	25
76.79999999999563	25
76.79999999999563	25
76.79999999999563	15
76.79999999999563	21
76.79999999999563	21
76.89999999999418	24
77.0	36
80.09999999999854	32
80.39999999999418	27
80.5	20
80.5	26
80.5	20
80.59999999999854	23
81.0	19
81.09999999999854	32
81.29999999999563	12
81.59999999999854	24
80.89999999999418	20
80.89999999999418	25
80.89999999999418	25
80.89999999999418	19
80.89999999999418	22
80.89999999999418	14
80.89999999999418	16
81.0	34
81.0	25
81.0	12
81.0	17
81.0	21
81.0	26
81.0	15
81.09999999999854	11
81.09999999999854	11
81.09999999999854	28
81.29999999999563	36
81.29999999999563	33
81.39999999999418	13
81.5	23
81.5	15
81.59999999999854	15
82.0	21
85.29999999999563	31
85.29999999999563	31
85.29999999999563	18
85.39999999999418	20
85.5	32
85.79999999999563	14
85.79999999999563	12
85.89999999999418	27
85.89999999999418	23
85.89999999999418	21
86.0	15
86.0	24
86.0	38
86.0	38
86.0	34
86.0	19
86.0	28
86.0	28
86.0	26
86.0	32
86.09999999999854	17
86.09999999999854	16
86.09999999999854	25
86.09999999999854	25
86.09999999999854	25
86.09999999999854	15
86.09999999999854	20
86.09999999999854	22
86.09999999999854	33
86.29999999999563	29
86.29999999999563	11
86.29999999999563	23
86.29999999999563	36
86.5	13
87.39999999999418	21
90.5	31
91.29999999999563	18
91.19999999999709	25
90.79999999999563	15
90.79999999999563	14
90.79999999999563	28
90.89999999999418	21
90.89999999999418	20
90.89999999999418	15
90.89999999999418	26
90.89999999999418	28
91.0	33
91.0	23
91.0	22
91.0	24
91.0	16
91.0	17
91.0	29
91.0	25
91.19999999999709	19
91.19999999999709	32
91.19999999999709	38
91.19999999999709	36
91.29999999999563	13
91.59999999999854	29
91.59999999999854	29
92.79999999999563	21
94.89999999999418	11
94.89999999999418	42
94.89999999999418	42
95.39999999999418	15
96.09999999999854	28
96.59999999999854	14
95.79999999999563	15
95.79999999999563	31
95.89999999999418	22
95.89999999999418	16
95.89999999999418	29
95.89999999999418	18
95.89999999999418	33
95.89999999999418	20
96.0	23
96.0	24
96.0	26
96.0	22
96.0	17
96.0	21
96.09999999999854	25
96.09999999999854	19
96.19999999999709	36
96.19999999999709	13
96.59999999999854	38
97.0	12
97.0	29
98.19999999999709	21
99.29999999999563	18
99.39999999999418	11
100.09999999999854	42
100.29999999999563	17
100.89999999999418	16
101.5	29
100.79999999999563	30
100.89999999999418	12
100.89999999999418	22
100.89999999999418	23
101.0	22
101.0	19
101.0	14
101.0	26
101.09999999999854	24
101.09999999999854	36
101.09999999999854	25
101.09999999999854	13
101.09999999999854	19
101.09999999999854	17
101.09999999999854	21
101.19999999999709	32
101.19999999999709	20
101.19999999999709	16
101.29999999999563	12
102.29999999999563	38
102.19999999999709	29
104.29999999999563	19
104.39999999999418	18
104.89999999999418	11
105.29999999999563	17
105.59999999999854	42
105.79999999999563	30
105.89999999999418	22
105.89999999999418	22
105.89999999999418	25
105.89999999999418	12
105.89999999999418	16
105.89999999999418	23
105.89999999999418	13
105.89999999999418	16
105.89999999999418	34
106.0	29
106.0	19
106.09999999999854	21
106.09999999999854	17
106.09999999999854	36
106.09999999999854	26
106.09999999999854	20
106.19999999999709	12
106.79999999999563	38
107.09999999999854	29
109.29999999999563	40
109.79999999999563	14
110.19999999999709	18
110.29999999999563	19
110.39999999999418	11
110.39999999999418	17
110.59999999999854	13
111.5	12
111.19999999999709	24
111.19999999999709	16
110.79999999999563	17
110.89999999999418	29
110.89999999999418	19
110.89999999999418	30
110.89999999999418	21
110.89999999999418	23
110.89999999999418	16
110.89999999999418	25
110.89999999999418	22
110.89999999999418	22
111.0	27
111.0	12
111.0	28
111.0	21
111.0	17
111.09999999999854	36
111.09999999999854	42
111.09999999999854	34
111.29999999999563	26
111.29999999999563	20
111.79999999999563	38
112.0	29
114.79999999999563	14
114.79999999999563	40
114.79999999999563	18
115.19999999999709	12
115.29999999999563	17
115.29999999999563	11
115.5	13
115.59999999999854	24
116.0	12
116.09999999999854	24
116.59999999999854	22
115.79999999999563	19
115.79999999999563	17
115.89999999999418	29
115.89999999999418	22
115.89999999999418	23
116.0	21
116.0	16
116.0	16
116.09999999999854	30
116.09999999999854	26
116.19999999999709	17
116.19999999999709	20
116.19999999999709	36
116.19999999999709	34
116.29999999999563	42
116.59999999999854	38
117.5	29
119.19999999999709	15
119.29999999999563	43
119.39999999999418	43
120.29999999999563	13
120.29999999999563	40
120.29999999999563	12
120.5	17
120.59999999999854	24
120.79999999999563	12
120.79999999999563	28
120.79999999999563	23
120.89999999999418	29
120.89999999999418	18
121.0	27
121.0	19
121.0	24
121.0	18
121.0	22
121.09999999999854	21
121.09999999999854	32
121.09999999999854	36
121.09999999999854	26
121.19999999999709	15
121.19999999999709	30
121.19999999999709	34
121.19999999999709	28
121.19999999999709	42
121.19999999999709	19
121.29999999999563	31
121.39999999999418	38
121.59999999999854	29
124.09999999999854	15
124.19999999999709	43
125.19999999999709	13
125.79999999999563	20
125.79999999999563	24
125.79999999999563	29
125.79999999999563	23
125.89999999999418	40
126.39999999999418	38
126.39999999999418	36
126.39999999999418	26
126.39999999999418	12
126.39999999999418	21
126.5	15
126.5	28
126.5	28
126.5	28
126.5	20
126.5	42
126.5	18
126.5	18
126.5	30
126.59999999999854	27
126.59999999999854	22
126.59999999999854	19
126.59999999999854	19
126.59999999999854	32
129.39999999999418	40
129.39999999999418	40
129.1999999999971	43
129.29999999999563	15
129.79999999999563	14
129.79999999999563	14
130.09999999999854	13
131.5	20
130.79999999999563	34
130.79999999999563	11
130.89999999999418	23
130.89999999999418	19
130.89999999999418	28
130.89999999999418	32
131.0	18
131.0	42
131.0	38
131.09999999999854	27
131.09999999999854	19
131.09999999999854	30
131.09999999999854	24
131.09999999999854	36
131.09999999999854	28
131.09999999999854	11
131.1999999999971	19
131.1999999999971	26
131.1999999999971	23
131.1999999999971	15
131.1999999999971	21
131.1999999999971	30
131.29999999999563	18
131.29999999999563	12
131.29999999999563	22
131.39999999999418	40
133.59999999999854	40
134.29999999999563	43
134.39999999999418	15
135.1999999999971	14
135.09999999999854	13
136.29999999999563	12
135.79999999999563	34
135.79999999999563	28
135.89999999999418	30
135.89999999999418	11
136.0	38
136.0	19
136.0	27
136.09999999999854	36
136.09999999999854	19
136.09999999999854	42
136.09999999999854	18
136.09999999999854	23
136.09999999999854	23
136.09999999999854	28
136.09999999999854	24
136.09999999999854	32
136.1999999999971	19
136.1999999999971	22
136.1999999999971	18
136.1999999999971	37
136.1999999999971	32
136.29999999999563	30
136.29999999999563	15
136.29999999999563	11
136.59999999999854	40
138.79999999999563	40
139.5	43
139.59999999999854	14
140.59999999999854	21
140.59999999999854	21
140.1999999999971	13
140.29999999999563	20
140.59999999999854	30
140.59999999999854	31
140.89999999999418	28
141.5	28
140.79999999999563	34
140.79999999999563	28
140.79999999999563	15
140.89999999999418	18
140.89999999999418	23
141.0	38
141.0	33
141.0	22
141.0	19
141.0	33
141.09999999999854	27
141.09999999999854	19
141.09999999999854	36
141.29999999999563	42
141.29999999999563	30
141.39999999999418	32
141.39999999999418	15
141.39999999999418	11
142.39999999999418	40
141.79999999999563	37
143.89999999999418	40
144.89999999999418	43
145.1999999999971	26
145.1999999999971	13
145.29999999999563	21
145.59999999999854	30
146.1999999999971	28
145.79999999999563	23
145.79999999999563	31
145.89999999999418	16
145.89999999999418	18
145.89999999999418	28
145.89999999999418	28
145.89999999999418	22
146.0	21
146.0	33
146.0	14
146.0	34
146.09999999999854	36
146.09999999999854	38
146.09999999999854	27
146.09999999999854	15
146.09999999999854	15
146.1999999999971	23
146.1999999999971	23
146.1999999999971	19
146.1999999999971	19
146.1999999999971	33
146.1999999999971	30
146.29999999999563	11
146.29999999999563	24
146.29999999999563	42
146.29999999999563	29
150.1999999999971	26
150.39999999999418	43
150.5	13
150.59999999999854	16
150.59999999999854	28
150.79999999999563	30
150.89999999999418	18
150.89999999999418	21
151.0	37
151.0	44
151.0	33
151.09999999999854	28
151.09999999999854	22
151.09999999999854	32
151.09999999999854	34
151.09999999999854	31
151.1999999999971	27
151.1999999999971	36
151.1999999999971	38
151.1999999999971	19
151.1999999999971	19
151.1999999999971	29
151.1999999999971	30
151.1999999999971	23
151.39999999999418	11
151.39999999999418	11
151.39999999999418	42
151.39999999999418	15
151.39999999999418	15
151.5	33
155.89999999999418	18
155.89999999999418	35
155.89999999999418	11
155.89999999999418	26
155.89999999999418	44
155.89999999999418	16
155.89999999999418	43
155.89999999999418	11
155.89999999999418	13
156.0	27
156.0	30
156.0	30
156.0	27
156.0	22
156.0	33
156.09999999999854	25
156.09999999999854	32
156.09999999999854	15
156.09999999999854	15
156.09999999999854	12
156.09999999999854	19
156.1999999999971	28
156.1999999999971	37
156.1999999999971	42
156.1999999999971	19
156.1999999999971	36
156.1999999999971	33
156.1999999999971	38
156.1999999999971	29
156.29999999999563	31
157.0	47
157.0	47
160.39999999999418	16
160.59999999999854	44
160.79999999999563	11
160.89999999999418	13
160.89999999999418	30
161.0	14
161.0	11
161.0	35
161.09999999999854	27
161.09999999999854	20
161.09999999999854	16
161.09999999999854	37
161.09999999999854	37
161.09999999999854	12
161.09999999999854	17
161.09999999999854	25
161.09999999999854	19
161.09999999999854	17
161.1999999999971	29
161.1999999999971	42
161.1999999999971	38
161.1999999999971	36
161.1999999999971	37
161.1999999999971	26
161.1999999999971	33
161.29999999999563	30
161.29999999999563	22
161.39999999999418	33
161.5	23
161.5	43
162.0	47
163.29999999999563	44
163.29999999999563	44
163.89999999999418	18
163.89999999999418	18
165.59999999999854	17
165.59999999999854	17
165.79999999999563	26
165.79999999999563	26
165.79999999999563	44
165.89999999999418	11
165.89999999999418	11
166.09999999999854	30
166.09999999999854	14
166.09999999999854	17
166.09999999999854	36
166.09999999999854	16
166.09999999999854	34
166.09999999999854	13
166.1999999999971	38
166.1999999999971	12
166.1999999999971	29
166.1999999999971	25
166.1999999999971	19
166.1999999999971	30
166.1999999999971	33
166.1999999999971	17
166.29999999999563	18
166.29999999999563	29
166.29999999999563	26
166.29999999999563	42
166.29999999999563	23
166.29999999999563	37
166.29999999999563	37
166.29999999999563	22
166.39999999999418	24
166.5	35
166.79999999999563	43
166.79999999999563	33
166.79999999999563	47
167.89999999999418	44
169.0	18
170.39999999999418	17
170.79999999999563	26
171.1999999999971	32
171.1999999999971	25
171.1999999999971	17
171.1999999999971	17
171.1999999999971	11
171.1999999999971	20
171.1999999999971	36
171.1999999999971	12
171.1999999999971	16
171.1999999999971	16
171.1999999999971	29
171.1999999999971	29
171.1999999999971	33
171.1999999999971	34
171.1999999999971	38
171.29999999999563	14
171.29999999999563	19
171.29999999999563	18
171.29999999999563	30
171.29999999999563	27
171.29999999999563	26
171.29999999999563	22
171.39999999999418	27
171.39999999999418	20
171.39999999999418	42
171.39999999999418	13
171.5	44
171.5	24
171.59999999999854	47
171.59999999999854	37
171.59999999999854	37
171.59999999999854	43
171.89999999999418	35
172.09999999999854	33
172.59999999999854	44
174.09999999999854	18
175.09999999999854	20
175.09999999999854	20
175.29999999999563	17
175.5	26
175.79999999999563	12
175.89999999999418	28
175.89999999999418	16
176.0	26
176.09999999999854	33
176.09999999999854	32
176.1999999999971	38
176.1999999999971	34
176.1999999999971	27
176.1999999999971	37
176.1999999999971	11
176.1999999999971	20
176.1999999999971	21
176.29999999999563	17
176.29999999999563	36
176.29999999999563	17
176.29999999999563	25
176.29999999999563	25
176.39999999999418	29
176.39999999999418	47
176.39999999999418	26
176.39999999999418	19
176.5	18
176.5	43
176.5	44
176.5	20
176.5	22
176.5	30
176.59999999999854	24
176.59999999999854	42
177.39999999999418	13
176.79999999999563	35
177.09999999999854	44
178.89999999999418	19
179.0	35
179.0	35
179.89999999999418	12
179.89999999999418	12
180.29999999999563	26
180.79999999999563	12
180.89999999999418	16
180.89999999999418	16
180.89999999999418	16
181.0	31
181.09999999999854	26
181.09999999999854	17
181.09999999999854	37
181.09999999999854	18
181.09999999999854	47
181.09999999999854	21
181.09999999999854	29
181.09999999999854	29
181.1999999999971	27
181.1999999999971	34
181.1999999999971	28
181.1999999999971	24
181.1999999999971	25
181.1999999999971	43
181.29999999999563	32
181.29999999999563	11
181.29999999999563	38
181.39999999999418	21
181.39999999999418	23
181.39999999999418	11
181.5	30
181.5	17
181.5	36
181.5	22
181.5	19
181.5	20
181.5	20
181.5	31
181.59999999999854	35
181.59999999999854	44
181.59999999999854	34
182.09999999999854	27
182.59999999999854	44
181.79999999999563	13
181.79999999999563	42
181.79999999999563	53
181.79999999999563	33
181.89999999999418	49
184.29999999999563	35
185.0	12
185.79999999999563	47
185.79999999999563	12
186.5	20
186.5	44
186.5	20
186.5	24
186.5	37
186.5	37
186.5	26
186.5	35
186.5	14
186.5	43
186.5	27
186.5	18
186.5	29
186.5	11
186.5	11
186.5	32
186.79999999999563	13
186.79999999999563	36
186.79999999999563	34
186.79999999999563	16
186.79999999999563	28
186.79999999999563	23
186.79999999999563	23
186.79999999999563	25
186.79999999999563	21
186.79999999999563	19
186.79999999999563	31
186.79999999999563	31
186.79999999999563	31
186.79999999999563	17
186.89999999999418	42
186.89999999999418	49
186.89999999999418	44
186.89999999999418	38
186.89999999999418	30
186.89999999999418	27
186.89999999999418	40
186.89999999999418	40
187.39999999999418	48
187.5	53
187.59999999999854	33
189.79999999999563	35
190.09999999999854	12
191.0	47
190.89999999999418	18
191.0	23
191.0	12
191.0	27
191.0	24
191.09999999999854	14
191.09999999999854	37
191.09999999999854	31
191.09999999999854	26
191.09999999999854	28
191.29999999999563	35
191.29999999999563	25
191.29999999999563	29
191.29999999999563	33
191.29999999999563	21
191.39999999999418	43
191.39999999999418	16
191.39999999999418	20
191.39999999999418	24
191.39999999999418	30
191.39999999999418	23
191.39999999999418	23
191.39999999999418	14
191.5	17
191.5	40
191.5	19
191.5	53
191.5	34
191.59999999999854	48
191.59999999999854	13
191.59999999999854	44
192.0	22
191.89999999999418	40
191.79999999999563	42
191.79999999999563	38
192.09999999999854	31
192.09999999999854	31
194.79999999999563	49
195.89999999999418	21
195.89999999999418	34
195.89999999999418	47
195.89999999999418	23
196.0	14
196.09999999999854	40
196.09999999999854	18
196.1999999999971	35
196.1999999999971	25
196.1999999999971	26
196.1999999999971	33
196.29999999999563	16
196.29999999999563	21
196.39999999999418	13
196.39999999999418	30
196.5	34
196.5	31
196.5	17
196.5	23
196.5	23
196.59999999999854	44
196.59999999999854	48
196.59999999999854	42
196.79999999999563	38
197.0	41
197.0	39
197.09999999999854	39
200.29999999999563	49
200.79999999999563	40
200.89999999999418	21
200.89999999999418	34
201.29999999999563	35
201.29999999999563	21
201.29999999999563	20
201.29999999999563	16
201.29999999999563	33
201.39999999999418	23
201.39999999999418	30
201.39999999999418	15
201.39999999999418	42
201.39999999999418	34
201.5	19
201.5	13
201.5	23
201.59999999999854	48
202.1999999999971	38
201.79999999999563	37
201.79999999999563	41
202.0	39
203.29999999999563	19
203.29999999999563	19
205.79999999999563	40
206.1999999999971	21
206.1999999999971	21
206.1999999999971	31
206.1999999999971	16
206.1999999999971	15
206.29999999999563	13
206.29999999999563	27
206.39999999999418	42
206.39999999999418	39
206.59999999999854	37
206.59999999999854	14
207.29999999999563	48
207.29999999999563	48
208.5	19
211.0	40
211.0	13
211.09999999999854	31
211.29999999999563	15
211.29999999999563	21
211.39999999999418	49
211.59999999999854	48
212.29999999999563	37
215.89999999999418	13
216.09999999999854	14
216.1999999999971	15
216.29999999999563	40
216.39999999999418	48
216.5	27
216.59999999999854	33
220.79999999999563	13
221.1999999999971	14
221.29999999999563	48
221.29999999999563	36
221.29999999999563	30
221.39999999999418	26
221.59999999999854	40
221.79999999999563	23
225.79999999999563	13
226.39999999999418	26
226.39999999999418	36
226.39999999999418	14
226.39999999999418	30
229.39999999999418	49
229.39999999999418	49
230.89999999999418	13
231.1999999999971	14
231.1999999999971	36
231.1999999999971	30
231.29999999999563	20
231.29999999999563	26
231.5	27
231.59999999999854	36
232.0	41
235.59999999999854	13
235.89999999999418	27
236.0	14
236.09999999999854	12
236.09999999999854	43
236.1999999999971	36
236.29999999999563	26
236.29999999999563	30
236.39999999999418	21
236.5	36
238.79999999999563	55
238.79999999999563	55
240.59999999999854	13
240.89999999999418	26
240.89999999999418	27
241.0	14
241.0	31
241.0	28
241.09999999999854	43
241.39999999999418	17
241.39999999999418	26
241.39999999999418	21
241.39999999999418	47
241.39999999999418	36
241.39999999999418	36
241.5	28
241.5	12
241.5	31
241.59999999999854	44
243.39999999999418	55
245.59999999999854	13
246.59999999999854	26
245.89999999999418	31
246.09999999999854	28
246.09999999999854	31
246.09999999999854	34
246.1999999999971	21
246.1999999999971	43
246.1999999999971	44
246.1999999999971	23
246.1999999999971	35
246.5	47
246.5	34
246.5	17
246.5	20
246.5	30
246.5	38
246.5	23
246.5	36
246.5	36
246.5	12
246.89999999999418	28
246.89999999999418	44
247.0	45
247.0	33
250.79999999999563	13
250.79999999999563	31
250.79999999999563	26
251.0	21
251.09999999999854	39
251.09999999999854	31
251.1999999999971	48
251.29999999999563	34
251.29999999999563	38
251.39999999999418	42
251.39999999999418	35
251.39999999999418	28
251.39999999999418	23
251.39999999999418	28
251.39999999999418	36
251.39999999999418	48
251.39999999999418	17
251.39999999999418	36
251.5	30
251.5	44
251.89999999999418	33
255.5	31
255.89999999999418	26
256.29999999999563	31
256.29999999999563	36
256.29999999999563	21
256.29999999999563	30
256.29999999999563	38
256.3999999999942	48
256.3999999999942	48
256.5	34
256.5	17
256.5	40
256.5	28
256.59999999999854	33
256.59999999999854	33
256.8999999999942	44
261.09999999999854	38
261.09999999999854	26
261.09999999999854	48
261.3999999999942	48
261.3999999999942	23
261.3999999999942	16
261.5	36
261.5	38
261.79999999999563	39
266.0	45
266.09999999999854	34
266.29999999999563	48
266.29999999999563	14
266.29999999999563	38
266.29999999999563	34
266.29999999999563	58
266.29999999999563	38
266.29999999999563	49
266.5	48
266.5	49
266.5	16
266.79999999999563	39
266.79999999999563	54
267.0	45
271.1999999999971	14
271.1999999999971	34
271.1999999999971	34
271.29999999999563	38
271.5	20
271.59999999999854	48
272.3999999999942	54
272.09999999999854	45
276.29999999999563	34
276.29999999999563	20
276.29999999999563	14
277.0	27
277.0	20
277.0	14
277.0	55
277.0	38
277.0	48
281.1999999999971	18
281.1999999999971	20
281.29999999999563	34
281.3999999999942	33
281.3999999999942	14
281.3999999999942	55
281.3999999999942	49
281.3999999999942	30
281.3999999999942	27
281.5	20
285.8999999999942	49
286.09999999999854	14
286.1999999999971	27
286.1999999999971	49
286.29999999999563	54
286.29999999999563	33
286.29999999999563	27
286.3999999999942	55
286.3999999999942	48
286.3999999999942	49
286.3999999999942	30
286.5	20
286.59999999999854	58
290.3999999999942	45
290.3999999999942	45
291.29999999999563	41
291.29999999999563	45
291.29999999999563	12
291.29999999999563	30
291.29999999999563	43
291.3999999999942	54
291.59999999999854	55
291.59999999999854	49
291.59999999999854	58
291.59999999999854	34
292.29999999999563	33
296.0	45
296.09999999999854	41
296.09999999999854	45
296.29999999999563	35
296.3999999999942	42
296.3999999999942	35
296.3999999999942	36
296.5	34
296.79999999999563	54
299.8999999999942	58
299.8999999999942	58
300.8999999999942	41
301.0	45
301.29999999999563	35
301.29999999999563	27
301.5	35
301.79999999999563	14
302.3999999999942	43
301.79999999999563	33
301.79999999999563	45
301.79999999999563	54
302.0	38
303.09999999999854	56
303.09999999999854	56
305.1999999999971	58
305.79999999999563	41
306.1999999999971	42
306.3999999999942	36
306.5	35
306.5	49
306.5	35
307.29999999999563	33
307.29999999999563	54
307.29999999999563	54
307.5	38
306.8999999999942	14
310.59999999999854	58
311.09999999999854	42
311.09999999999854	47
311.1999999999971	48
311.3999999999942	49
311.3999999999942	33
311.3999999999942	38
311.3999999999942	36
311.59999999999854	35
311.59999999999854	38
312.09999999999854	14
312.29999999999563	27
314.1999999999971	41
314.1999999999971	41
316.09999999999854	42
316.29999999999563	48
316.29999999999563	49
316.29999999999563	36
316.3999999999942	33
316.5	18
316.5	38
316.59999999999854	58
317.3999999999942	14
319.3999999999942	41
321.0	39
321.0	42
321.1999999999971	48
321.29999999999563	18
321.3999999999942	38
321.3999999999942	38
321.59999999999854	14
322.1999999999971	26
322.1999999999971	56
325.29999999999563	41
325.79999999999563	55
326.0	39
326.09999999999854	42
326.09999999999854	20
326.29999999999563	34
326.29999999999563	18
326.29999999999563	54
326.3999999999942	18
326.3999999999942	42
326.3999999999942	38
326.5	34
326.59999999999854	41
326.59999999999854	38
326.59999999999854	14
326.59999999999854	14
327.59999999999854	45
327.59999999999854	45
326.79999999999563	21
326.8999999999942	48
327.09999999999854	56
327.1999999999971	26
330.09999999999854	41
330.8999999999942	55
331.0	39
331.1999999999971	27
331.1999999999971	49
331.29999999999563	34
331.29999999999563	14
331.29999999999563	38
331.29999999999563	42
331.3999999999942	18
331.59999999999854	62
331.59999999999854	49
331.79999999999563	49
331.79999999999563	38
331.79999999999563	14
331.79999999999563	14
332.1999999999971	55
332.3999999999942	21
331.79999999999563	54
331.79999999999563	45
331.79999999999563	45
331.79999999999563	48
331.79999999999563	56
331.8999999999942	20
332.09999999999854	26
334.1999999999971	62
334.1999999999971	62
334.8999999999942	39
335.59999999999854	41
336.29999999999563	27
336.29999999999563	27
336.29999999999563	58
336.29999999999563	20
336.29999999999563	38
336.29999999999563	49
336.29999999999563	39
336.29999999999563	55
336.3999999999942	14
336.3999999999942	49
336.3999999999942	12
336.3999999999942	18
336.3999999999942	54
336.3999999999942	30
336.5	43
336.5	45
336.5	34
336.5	21
336.5	39
336.5	35
336.5	49
336.5	47
336.59999999999854	55
336.59999999999854	38
337.5	21
336.79999999999563	43
336.79999999999563	49
336.79999999999563	48
336.79999999999563	43
336.79999999999563	56
336.79999999999563	45
337.3999999999942	38
338.0	20
338.0	14
338.0	14
338.09999999999854	62
339.8999999999942	39
340.8999999999942	39
341.09999999999854	58
341.09999999999854	41
341.1999999999971	34
341.1999999999971	12
341.1999999999971	20
341.29999999999563	14
341.29999999999563	45
341.29999999999563	21
341.29999999999563	55
341.29999999999563	49
341.29999999999563	33
341.3999999999942	49
341.3999999999942	30
341.3999999999942	42
341.3999999999942	47
341.3999999999942	49
341.3999999999942	18
341.5	27
341.5	26
341.5	48
341.5	36
341.59999999999854	21
341.59999999999854	12
341.59999999999854	12
341.59999999999854	55
341.59999999999854	47
341.8999999999942	14
342.0	35
342.1999999999971	43
342.1999999999971	38
342.29999999999563	48
342.3999999999942	54
341.79999999999563	20
341.79999999999563	62
341.79999999999563	45
341.79999999999563	14
341.79999999999563	40
342.0	20
344.79999999999563	39
344.8999999999942	43
344.8999999999942	12
344.8999999999942	14
345.0	20
346.0	58
346.09999999999854	39
346.09999999999854	45
346.09999999999854	21
346.1999999999971	12
346.1999999999971	40
346.29999999999563	47
346.29999999999563	33
346.3999999999942	12
346.3999999999942	26
346.3999999999942	55
346.5	35
346.5	36
346.5	55
346.59999999999854	20
346.59999999999854	48
346.59999999999854	21
346.59999999999854	49
346.59999999999854	12
346.59999999999854	26
346.59999999999854	18
347.09999999999854	43
347.1999999999971	20
347.29999999999563	43
347.29999999999563	35
347.3999999999942	62
347.59999999999854	41
347.59999999999854	27
347.59999999999854	38
346.79999999999563	47
346.79999999999563	14
346.79999999999563	14
346.79999999999563	48
346.8999999999942	40
346.8999999999942	40
346.8999999999942	54
346.8999999999942	54
346.8999999999942	54
346.8999999999942	45
346.8999999999942	20
347.0	18
348.0	56
350.5	41
350.59999999999854	58
349.79999999999563	12
349.79999999999563	12
349.8999999999942	54
350.0	49
350.09999999999854	26
350.1999999999971	20
350.3999999999942	62
351.0	45
351.0	40
351.09999999999854	58
351.8999999999942	54
351.8999999999942	54
351.8999999999942	54
351.8999999999942	58
351.8999999999942	27
351.8999999999942	55
351.8999999999942	55
351.8999999999942	62
351.8999999999942	47
351.8999999999942	40
351.8999999999942	40
351.8999999999942	14
351.8999999999942	14
351.8999999999942	38
351.8999999999942	41
351.8999999999942	41
351.8999999999942	41
351.8999999999942	43
351.8999999999942	43
351.8999999999942	35
351.8999999999942	35
351.8999999999942	45
351.8999999999942	45
351.8999999999942	21
351.8999999999942	21
351.8999999999942	39
351.8999999999942	39
351.8999999999942	26
351.8999999999942	26
351.8999999999942	48
351.8999999999942	48
351.8999999999942	18
351.8999999999942	18
351.8999999999942	36
351.8999999999942	49
351.8999999999942	49
351.8999999999942	49
352.0	42
352.0	20
352.0	20
352.09999999999854	12
352.09999999999854	12
352.09999999999854	12
353.59999999999854	56
354.8999999999942	54
355.5	18
355.8999999999942	20
356.0	40
356.0	62
356.09999999999854	58
356.09999999999854	39
356.1999999999971	54
356.1999999999971	45
356.1999999999971	14
356.1999999999971	20
356.29999999999563	58
356.29999999999563	45
356.29999999999563	54
356.29999999999563	38
356.3999999999942	21
356.5	41
356.5	41
356.5	55
356.5	43
356.5	36
356.59999999999854	20
356.59999999999854	35
356.59999999999854	12
356.59999999999854	12
356.59999999999854	49
356.59999999999854	49
356.59999999999854	42
356.59999999999854	48
356.59999999999854	12
356.59999999999854	21
357.59999999999854	48
356.79999999999563	27
356.79999999999563	58
356.79999999999563	14
356.79999999999563	38
356.79999999999563	18
356.79999999999563	27
356.79999999999563	43
356.79999999999563	43
356.79999999999563	49
356.79999999999563	47
356.79999999999563	26
356.79999999999563	40
356.79999999999563	40
356.79999999999563	40
356.79999999999563	39
356.79999999999563	45
356.79999999999563	45
356.79999999999563	54
356.79999999999563	54
356.79999999999563	39
356.79999999999563	39
356.8999999999942	62
356.8999999999942	45
357.0	41
357.09999999999854	26
357.3999999999942	56
358.1999999999971	12
361.0	40
361.0	41
361.1999999999971	54
361.1999999999971	62
361.29999999999563	36
361.29999999999563	14
361.29999999999563	20
361.29999999999563	18
361.3999999999942	54
361.3999999999942	42
361.3999999999942	18
361.3999999999942	41
361.5	45
361.5	45
361.5	58
361.5	12
361.59999999999854	34
361.59999999999854	35
361.59999999999854	55
361.59999999999854	12
361.59999999999854	43
361.59999999999854	43
361.59999999999854	62
361.59999999999854	40
361.59999999999854	41
361.59999999999854	49
361.59999999999854	42
361.59999999999854	26
361.59999999999854	43
362.5	49
362.29999999999563	21
362.5	27
362.5	49
361.79999999999563	47
361.79999999999563	14
361.79999999999563	58
362.29999999999563	38
362.5	58
362.5	48
362.5	48
362.5	12
362.59999999999854	21
362.59999999999854	58
361.79999999999563	47
361.79999999999563	54
361.79999999999563	54
361.79999999999563	45
361.79999999999563	45
361.79999999999563	39
361.79999999999563	39
361.79999999999563	26
361.79999999999563	36
361.8999999999942	56
361.8999999999942	33
361.8999999999942	40
361.8999999999942	40
362.0	62
365.79999999999563	47
366.09999999999854	41
366.79999999999563	41
366.79999999999563	41
366.79999999999563	48
366.79999999999563	36
366.79999999999563	35
366.79999999999563	35
366.79999999999563	26
366.79999999999563	26
366.79999999999563	26
366.79999999999563	62
366.79999999999563	62
366.79999999999563	61
366.79999999999563	27
366.79999999999563	21
366.79999999999563	12
366.79999999999563	12
366.79999999999563	12
366.79999999999563	55
366.79999999999563	55
366.79999999999563	36
366.79999999999563	61
366.79999999999563	58
366.79999999999563	58
366.79999999999563	40
366.79999999999563	40
366.79999999999563	40
366.79999999999563	40
366.79999999999563	38
366.79999999999563	43
366.79999999999563	49
366.79999999999563	49
366.79999999999563	49
366.79999999999563	47
366.79999999999563	47
366.79999999999563	30
366.79999999999563	42
366.79999999999563	42
366.79999999999563	43
366.79999999999563	43
366.79999999999563	34
366.79999999999563	34
366.79999999999563	61
366.79999999999563	45
366.8999999999942	45
366.8999999999942	33
366.8999999999942	56
366.8999999999942	39
366.8999999999942	39
366.8999999999942	54
366.8999999999942	54
366.8999999999942	54
366.8999999999942	14
366.8999999999942	14
366.8999999999942	20
366.8999999999942	20
366.8999999999942	58
366.8999999999942	18
366.8999999999942	62
370.8999999999942	20
371.09999999999854	21
371.09999999999854	42
371.29999999999563	36
371.29999999999563	40
371.3999999999942	27
371.3999999999942	42
371.3999999999942	35
371.3999999999942	18
371.5	34
371.5	20
371.5	26
371.5	14
371.5	58
371.5	30
371.59999999999854	27
371.59999999999854	41
371.59999999999854	47
371.59999999999854	61
371.59999999999854	40
371.59999999999854	40
371.59999999999854	34
371.59999999999854	26
371.59999999999854	26
371.79999999999563	61
371.79999999999563	58
372.3999999999942	20
372.3999999999942	36
372.59999999999854	62
371.79999999999563	49
371.79999999999563	41
371.79999999999563	61
371.79999999999563	40
371.79999999999563	47
371.79999999999563	38
371.79999999999563	14
371.79999999999563	55
371.79999999999563	48
371.79999999999563	43
371.79999999999563	43
371.79999999999563	42
371.79999999999563	21
371.79999999999563	54
371.79999999999563	45
371.79999999999563	54
371.79999999999563	54
371.79999999999563	56
371.79999999999563	33
371.79999999999563	39
371.79999999999563	39
371.8999999999942	35
371.8999999999942	58
371.8999999999942	45
371.8999999999942	12
372.0	41
372.1999999999971	18
376.0	39
376.09999999999854	21
376.09999999999854	21
376.1999999999971	12
376.3999999999942	14
376.3999999999942	27
376.3999999999942	42
376.3999999999942	12
376.3999999999942	18
376.3999999999942	26
376.3999999999942	36
376.3999999999942	40
376.5	30
376.5	39
376.5	26
376.5	55
376.5	42
376.59999999999854	54
376.59999999999854	61
376.59999999999854	20
376.59999999999854	47
376.59999999999854	34
376.59999999999854	48
377.29999999999563	36
377.5	27
377.5	58
377.5	58
377.59999999999854	35
376.79999999999563	26
376.79999999999563	40
376.79999999999563	40
376.79999999999563	20
376.79999999999563	55
376.79999999999563	34
376.79999999999563	21
376.79999999999563	41
376.79999999999563	14
376.79999999999563	41
376.79999999999563	38
376.8999999999942	47
376.8999999999942	42
376.8999999999942	12
376.8999999999942	49
376.8999999999942	33
376.8999999999942	45
376.8999999999942	54
376.8999999999942	39
376.8999999999942	56
376.8999999999942	43
377.09999999999854	45
377.09999999999854	62
377.09999999999854	61
377.09999999999854	61
377.1999999999971	18
379.5	62
382.0	36
382.0	49
382.0	49
382.0	41
382.0	41
382.0	41
382.0	41
382.0	47
382.0	47
382.0	27
382.0	55
382.0	55
382.0	62
382.0	58
382.0	58
382.0	38
382.0	20
382.0	20
382.0	43
382.0	43
382.0	35
382.0	18
382.09999999999854	33
382.09999999999854	33
382.09999999999854	12
382.09999999999854	12
382.09999999999854	12
382.09999999999854	14
382.09999999999854	56
382.09999999999854	56
382.09999999999854	56
382.09999999999854	45
382.09999999999854	45
382.09999999999854	21
382.09999999999854	21
382.09999999999854	21
382.09999999999854	34
382.09999999999854	34
382.09999999999854	34
382.09999999999854	26
382.09999999999854	26
382.09999999999854	26
382.09999999999854	42
382.09999999999854	42
382.09999999999854	39
382.09999999999854	39
382.09999999999854	39
382.09999999999854	30
382.09999999999854	54
382.09999999999854	54
382.09999999999854	48
382.1999999999971	61
382.1999999999971	61
382.1999999999971	61
382.1999999999971	40
382.1999999999971	40
384.8999999999942	62
386.1999999999971	41
386.29999999999563	26
386.29999999999563	26
386.3999999999942	12
386.3999999999942	12
386.3999999999942	47
386.3999999999942	56
386.3999999999942	18
386.5	58
386.59999999999854	56
386.59999999999854	27
386.59999999999854	20
386.59999999999854	30
386.59999999999854	39
386.59999999999854	43
386.59999999999854	21
387.29999999999563	34
387.3999999999942	55
387.5	42
387.5	12
387.59999999999854	40
386.79999999999563	41
386.79999999999563	41
386.79999999999563	41
386.79999999999563	21
386.79999999999563	49
386.79999999999563	43
386.8999999999942	42
386.8999999999942	33
386.8999999999942	14
386.8999999999942	34
386.8999999999942	56
386.8999999999942	39
386.8999999999942	39
386.8999999999942	47
386.8999999999942	36
386.8999999999942	20
386.8999999999942	38
386.8999999999942	54
386.8999999999942	33
386.8999999999942	48
387.0	27
387.0	62
387.09999999999854	61
387.09999999999854	61
387.09999999999854	55
387.09999999999854	35
387.09999999999854	58
387.09999999999854	26
387.09999999999854	45
387.09999999999854	45
390.09999999999854	14
390.79999999999563	41
391.1999999999971	54
391.3999999999942	27
391.3999999999942	26
391.3999999999942	18
391.3999999999942	12
391.5	43
391.5	33
391.5	33
391.5	62
391.5	55
391.5	30
391.5	27
391.59999999999854	56
391.59999999999854	43
391.59999999999854	33
391.59999999999854	12
391.59999999999854	58
391.59999999999854	12
391.59999999999854	42
391.59999999999854	42
391.79999999999563	49
391.8999999999942	47
392.09999999999854	18
392.1999999999971	35
392.3999999999942	20
392.1999999999971	34
392.29999999999563	41
391.79999999999563	49
391.79999999999563	42
391.79999999999563	26
391.79999999999563	21
391.8999999999942	40
391.8999999999942	62
391.8999999999942	34
391.8999999999942	47
391.8999999999942	21
391.8999999999942	45
391.8999999999942	39
391.8999999999942	39
391.8999999999942	43
392.0	56
392.0	27
392.0	54
392.0	35
392.0	36
392.0	61
392.0	61
392.09999999999854	33
392.1999999999971	20
392.1999999999971	45
392.1999999999971	58
392.1999999999971	38
392.1999999999971	55
392.1999999999971	48
392.1999999999971	39
392.3999999999942	14
395.8999999999942	41
396.0	26
396.09999999999854	47
396.1999999999971	27
396.1999999999971	39
396.1999999999971	34
396.29999999999563	62
396.29999999999563	61
397.1999999999971	54
397.1999999999971	40
397.1999999999971	43
397.1999999999971	43
397.1999999999971	26
397.1999999999971	26
397.1999999999971	48
397.1999999999971	27
397.1999999999971	27
397.1999999999971	38
397.1999999999971	39
397.1999999999971	14
397.1999999999971	61
397.1999999999971	61
397.1999999999971	55
397.1999999999971	55
397.1999999999971	41
397.1999999999971	58
397.1999999999971	35
397.1999999999971	35
397.1999999999971	33
397.1999999999971	33
397.1999999999971	33
397.1999999999971	33
397.1999999999971	62
397.1999999999971	34
397.1999999999971	34
397.1999999999971	34
397.1999999999971	36
397.1999999999971	36
397.1999999999971	49
397.1999999999971	49
397.1999999999971	18
397.1999999999971	18
397.1999999999971	45
397.29999999999563	56
397.29999999999563	56
397.29999999999563	47
397.29999999999563	47
397.29999999999563	47
397.29999999999563	12
397.29999999999563	12
397.29999999999563	12
397.29999999999563	42
397.29999999999563	42
397.29999999999563	42
397.29999999999563	30
397.29999999999563	30
397.29999999999563	30
397.29999999999563	30
397.29999999999563	21
397.29999999999563	20
397.29999999999563	20
401.0	27
401.29999999999563	27
401.29999999999563	47
401.29999999999563	39
401.29999999999563	49
401.3999999999942	34
401.3999999999942	45
401.3999999999942	34
401.3999999999942	30
401.3999999999942	61
401.5	42
401.5	43
401.5	38
401.59999999999854	33
401.59999999999854	36
401.59999999999854	55
401.59999999999854	30
401.59999999999854	35
402.5	18
402.59999999999854	20
402.59999999999854	21
402.59999999999854	30
402.59999999999854	47
401.79999999999563	55
401.79999999999563	12
401.79999999999563	12
401.79999999999563	14
401.79999999999563	12
401.8999999999942	18
401.8999999999942	48
401.8999999999942	30
401.8999999999942	38
401.8999999999942	58
401.8999999999942	14
401.8999999999942	48
401.8999999999942	49
401.8999999999942	27
401.8999999999942	42
401.8999999999942	20
401.8999999999942	20
401.8999999999942	40
401.8999999999942	35
401.8999999999942	41
401.8999999999942	41
402.0	36
402.0	61
402.0	61
402.0	62
402.0	47
402.0	26
402.0	54
402.0	33
402.0	34
402.0	39
402.0	56
402.0	45
402.0	43
402.29999999999563	18
406.0	27
406.1999999999971	27
406.29999999999563	39
406.29999999999563	43
406.3999999999942	30
406.5	47
406.5	47
406.5	36
406.59999999999854	38
406.59999999999854	12
406.59999999999854	18
407.0	12
406.79999999999563	18
406.79999999999563	41
406.79999999999563	30
406.79999999999563	21
406.79999999999563	20
406.79999999999563	48
406.79999999999563	55
406.79999999999563	34
406.8999999999942	27
406.8999999999942	49
406.8999999999942	20
406.8999999999942	35
406.8999999999942	12
406.8999999999942	61
406.8999999999942	47
406.8999999999942	62
406.8999999999942	36
406.8999999999942	26
406.8999999999942	38
406.8999999999942	14
406.8999999999942	58
406.8999999999942	30
407.0	48
407.0	42
407.0	43
407.0	41
407.0	40
407.09999999999854	33
407.09999999999854	33
407.09999999999854	45
407.09999999999854	54
407.09999999999854	39
407.1999999999971	18
410.79999999999563	47
411.0	27
411.59999999999854	43
411.59999999999854	34
412.3999999999942	30
412.5	30
412.0	36
411.79999999999563	47
411.8999999999942	47
412.59999999999854	21
412.59999999999854	12
412.59999999999854	12
412.59999999999854	12
412.59999999999854	47
412.59999999999854	47
412.59999999999854	18
412.59999999999854	18
412.59999999999854	39
412.59999999999854	43
412.59999999999854	30
412.59999999999854	48
412.59999999999854	48
412.59999999999854	27
412.59999999999854	35
412.59999999999854	34
412.59999999999854	38
412.59999999999854	38
412.59999999999854	41
412.59999999999854	62
412.59999999999854	62
412.59999999999854	20
412.59999999999854	55
412.59999999999854	26
412.59999999999854	49
412.59999999999854	40
412.59999999999854	58
412.79999999999563	42
413.09999999999854	54
412.79999999999563	61
412.79999999999563	45
412.8999999999942	33
412.8999999999942	33
415.79999999999563	47
416.09999999999854	43
416.1999999999971	47
416.29999999999563	30
416.29999999999563	39
416.3999999999942	42
416.59999999999854	36
416.59999999999854	56
417.09999999999854	47
417.1999999999971	33
416.79999999999563	34
416.79999999999563	30
416.79999999999563	48
416.79999999999563	55
416.8999999999942	18
416.8999999999942	26
416.8999999999942	47
416.8999999999942	43
416.8999999999942	18
416.8999999999942	27
416.8999999999942	35
416.8999999999942	49
417.0	48
417.09999999999854	58
417.09999999999854	12
417.09999999999854	38
417.09999999999854	34
417.09999999999854	42
417.09999999999854	40
417.09999999999854	41
417.1999999999971	30
417.29999999999563	33
417.29999999999563	39
417.29999999999563	54
417.29999999999563	45
417.29999999999563	62
417.3999999999942	61
420.79999999999563	47
421.09999999999854	43
421.1999999999971	39
421.29999999999563	58
421.3999999999942	40
421.3999999999942	42
421.3999999999942	30
421.3999999999942	27
421.3999999999942	18
421.5	55
421.59999999999854	42
421.59999999999854	36
421.59999999999854	56
421.8999999999942	34
421.79999999999563	43
421.79999999999563	30
421.79999999999563	47
421.79999999999563	35
421.8999999999942	26
421.8999999999942	12
421.8999999999942	55
421.8999999999942	42
421.8999999999942	47
421.8999999999942	27
422.0	34
422.0	58
422.0	61
422.0	38
422.0	49
422.0	30
422.0	62
422.0	18
422.0	18
422.0	54
422.09999999999854	33
422.09999999999854	39
422.09999999999854	56
422.09999999999854	45
422.09999999999854	40
422.1999999999971	41
424.3999999999942	35
424.3999999999942	35
424.8999999999942	40
425.79999999999563	47
426.09999999999854	39
426.09999999999854	55
426.1999999999971	43
426.29999999999563	21
426.3999999999942	40
426.3999999999942	33
426.3999999999942	30
426.5	27
426.5	56
426.5	42
426.5	18
426.59999999999854	61
426.59999999999854	36
426.59999999999854	27
426.59999999999854	30
426.59999999999854	42
427.09999999999854	62
426.79999999999563	43
426.79999999999563	35
426.8999999999942	41
426.8999999999942	47
426.8999999999942	12
426.8999999999942	42
427.0	47
427.0	18
427.0	49
427.0	30
427.0	30
427.0	55
427.0	26
427.0	34
427.0	18
427.0	40
427.09999999999854	61
427.09999999999854	33
427.09999999999854	56
427.09999999999854	54
427.09999999999854	38
427.09999999999854	58
427.1999999999971	45
429.59999999999854	35
429.8999999999942	33
430.8999999999942	47
431.09999999999854	39
431.1999999999971	26
431.29999999999563	56
431.29999999999563	21
431.3999999999942	40
431.5	56
431.5	30
431.59999999999854	61
431.59999999999854	36
431.79999999999563	30
431.79999999999563	43
431.8999999999942	41
431.8999999999942	30
431.8999999999942	47
431.8999999999942	47
432.0	12
432.0	35
432.0	49
432.0	34
432.0	55
432.0	30
432.0	42
432.0	33
432.0	40
432.0	18
432.0	18
432.0	26
432.0	61
432.09999999999854	54
432.09999999999854	14
432.09999999999854	58
432.09999999999854	38
434.79999999999563	33
435.0	35
436.0	55
436.0	47
436.1999999999971	56
436.3999999999942	40
436.5	56
436.59999999999854	61
436.8999999999942	35
436.79999999999563	35
436.79999999999563	35
436.8999999999942	55
436.8999999999942	41
436.8999999999942	18
436.8999999999942	18
437.0	12
437.0	34
437.0	47
437.0	49
437.0	45
437.0	33
437.09999999999854	61
437.09999999999854	30
437.09999999999854	58
437.09999999999854	54
437.09999999999854	38
437.09999999999854	26
437.09999999999854	35
437.1999999999971	40
437.1999999999971	43
437.1999999999971	14
437.1999999999971	42
437.29999999999563	21
440.29999999999563	35
441.09999999999854	55
440.8999999999942	47
441.1999999999971	56
441.29999999999563	35
441.29999999999563	35
442.09999999999854	48
442.09999999999854	43
442.09999999999854	56
442.09999999999854	38
442.1999999999971	34
442.1999999999971	35
442.1999999999971	18
442.1999999999971	47
442.1999999999971	33
442.8999999999942	33
442.8999999999942	49
442.8999999999942	40
442.8999999999942	40
442.8999999999942	54
442.8999999999942	55
442.8999999999942	27
442.8999999999942	41
442.8999999999942	12
442.8999999999942	30
442.8999999999942	35
442.8999999999942	35
442.8999999999942	21
442.8999999999942	26
443.0	58
443.0	14
443.09999999999854	61
443.09999999999854	61
445.79999999999563	35
446.09999999999854	48
446.3999999999942	56
446.3999999999942	40
446.3999999999942	35
446.5	56
446.8999999999942	58
446.8999999999942	55
446.8999999999942	49
446.8999999999942	35
446.8999999999942	27
446.8999999999942	61
446.8999999999942	33
446.8999999999942	56
446.8999999999942	40
446.8999999999942	41
446.8999999999942	27
446.8999999999942	35
446.8999999999942	34
447.0	12
447.0	48
447.0	21
447.0	33
447.0	54
447.0	18
447.09999999999854	43
447.09999999999854	26
447.09999999999854	38
447.09999999999854	47
447.09999999999854	30
447.09999999999854	14
447.29999999999563	35
451.29999999999563	41
451.3999999999942	39
451.3999999999942	18
451.3999999999942	35
451.5	56
451.5	35
451.59999999999854	56
452.09999999999854	21
452.3999999999942	35
452.3999999999942	58
452.5	33
451.79999999999563	18
451.79999999999563	14
451.79999999999563	55
451.79999999999563	61
451.79999999999563	56
451.8999999999942	40
451.8999999999942	27
451.8999999999942	48
452.0	49
452.0	12
452.0	41
452.0	26
452.0	34
452.0	27
452.0	38
452.0	14
452.0	30
452.0	54
452.0	33
452.0	45
452.09999999999854	43
452.09999999999854	62
452.29999999999563	35
456.3999999999942	18
456.5	56
456.59999999999854	35
456.59999999999854	41
457.59999999999854	35
456.8999999999942	40
457.1999999999971	54
457.5	58
456.79999999999563	36
456.8999999999942	27
456.8999999999942	43
456.8999999999942	55
456.8999999999942	26
456.8999999999942	49
456.8999999999942	18
456.8999999999942	41
456.8999999999942	48
457.0	61
457.0	38
457.0	27
457.0	34
457.0	56
457.0	45
457.0	30
457.09999999999854	40
457.09999999999854	14
457.09999999999854	62
457.09999999999854	62
457.09999999999854	35
457.1999999999971	35
457.3999999999942	55
461.1999999999971	14
461.3999999999942	35
461.59999999999854	18
461.79999999999563	40
461.79999999999563	54
461.79999999999563	48
461.79999999999563	27
461.8999999999942	43
461.8999999999942	36
461.8999999999942	48
461.8999999999942	26
461.8999999999942	35
461.8999999999942	30
462.0	49
462.0	55
462.0	41
462.0	27
462.0	35
462.09999999999854	55
462.1999999999971	34
462.1999999999971	38
462.1999999999971	58
462.1999999999971	62
462.1999999999971	62
462.1999999999971	18
462.1999999999971	61
462.1999999999971	40
462.29999999999563	56
462.3999999999942	45
462.5	35
467.0	55
467.3999999999942	18
467.59999999999854	48
466.8999999999942	35
466.8999999999942	62
467.0	30
467.0	26
467.0	27
467.0	27
467.0	49
467.0	48
467.09999999999854	36
467.09999999999854	41
467.1999999999971	55
467.1999999999971	61
467.1999999999971	35
467.1999999999971	38
467.1999999999971	40
467.1999999999971	58
467.1999999999971	45
467.1999999999971	34
467.29999999999563	62
467.29999999999563	18
467.29999999999563	43
467.29999999999563	54
467.3999999999942	39
467.3999999999942	56
467.5	35
467.8999999999942	35
471.29999999999563	55
471.29999999999563	61
471.29999999999563	61
471.79999999999563	48
471.8999999999942	45
471.8999999999942	39
472.0	35
472.0	27
472.09999999999854	49
472.09999999999854	48
472.09999999999854	30
472.1999999999971	62
472.1999999999971	27
472.1999999999971	36
472.1999999999971	55
472.29999999999563	40
472.29999999999563	43
472.29999999999563	34
472.29999999999563	58
472.3999999999942	35
472.3999999999942	35
472.3999999999942	56
472.3999999999942	56
472.3999999999942	18
472.3999999999942	45
472.5	41
472.5	35
472.5	54
472.5	61
476.3999999999942	35
476.5	54
476.8999999999942	39
477.5	40
477.5	41
477.5	18
477.5	49
477.5	42
477.5	36
477.5	55
477.5	58
477.5	26
477.5	35
477.5	43
477.5	12
477.59999999999854	56
477.59999999999854	56
477.59999999999854	54
477.59999999999854	45
477.59999999999854	35
477.59999999999854	27
477.59999999999854	27
477.59999999999854	34
477.59999999999854	35
477.59999999999854	30
477.79999999999563	62
477.79999999999563	61
478.29999999999563	48
478.29999999999563	48
481.29999999999563	35
481.5	54
481.8999999999942	27
481.8999999999942	56
481.8999999999942	39
481.8999999999942	35
482.0	36
482.1999999999971	18
482.29999999999563	61
482.29999999999563	45
482.29999999999563	35
482.29999999999563	30
482.29999999999563	40
482.3999999999942	42
482.3999999999942	56
482.3999999999942	41
482.3999999999942	55
482.5	62
482.5	26
482.5	12
482.5	58
482.5	35
482.5	43
482.59999999999854	36
482.59999999999854	27
482.59999999999854	54
482.59999999999854	49
482.59999999999854	34
482.59999999999854	45
486.1999999999971	35
486.79999999999563	36
486.8999999999942	39
486.8999999999942	56
486.8999999999942	35
487.0	45
487.1999999999971	61
487.3999999999942	35
487.3999999999942	41
487.3999999999942	45
487.3999999999942	27
487.3999999999942	40
487.3999999999942	18
487.3999999999942	30
487.5	58
487.5	42
487.5	43
487.5	55
487.5	56
487.5	62
487.5	26
487.59999999999854	34
487.79999999999563	49
487.79999999999563	54
487.8999999999942	12
487.8999999999942	35
488.0	36
489.0	35
489.09999999999854	35
489.09999999999854	35
491.09999999999854	35
492.59999999999854	36
491.79999999999563	35
493.0	54
493.0	49
493.0	30
493.0	35
493.0	12
493.0	41
493.0	62
493.0	56
493.0	56
493.0	40
493.0	35
493.0	43
493.0	61
493.0	47
493.0	45
493.0	42
493.0	42
493.0	36
493.0	55
493.0	58
493.0	39
493.09999999999854	39
493.09999999999854	35
493.1999999999971	26
493.29999999999563	35
493.79999999999563	35
494.1999999999971	35
496.79999999999563	35
496.8999999999942	12
496.8999999999942	36
496.8999999999942	39
497.0	56
497.0	42
497.0	33
497.29999999999563	61
497.3999999999942	35
497.5	55
497.5	35
497.5	42
497.5	58
497.59999999999854	35
497.59999999999854	45
497.59999999999854	47
497.8999999999942	62
498.29999999999563	12
498.3999999999942	35
498.5	40
498.59999999999854	54
497.79999999999563	30
497.79999999999563	56
497.79999999999563	39
497.79999999999563	35
497.8999999999942	41
497.8999999999942	43
497.8999999999942	38
497.8999999999942	26
497.8999999999942	49
498.59999999999854	35
498.79999999999563	35
501.8999999999942	12
501.8999999999942	36
502.0	35
502.0	39
502.0	33
502.5	55
502.59999999999854	56
502.59999999999854	48
502.59999999999854	36
503.29999999999563	35
502.79999999999563	39
502.79999999999563	47
502.79999999999563	61
502.8999999999942	35
502.8999999999942	35
503.09999999999854	45
503.1999999999971	12
503.29999999999563	54
503.29999999999563	43
503.29999999999563	33
503.29999999999563	35
503.3999999999942	62
503.5	30
503.5	41
502.79999999999563	35
502.79999999999563	58
502.79999999999563	40
502.8999999999942	35
502.8999999999942	49
503.09999999999854	26
503.1999999999971	35
503.29999999999563	35
506.8999999999942	36
506.8999999999942	12
507.0	33
507.09999999999854	39
507.09999999999854	35
507.5	55
507.59999999999854	36
507.59999999999854	35
507.59999999999854	56
507.59999999999854	39
507.59999999999854	48
507.8999999999942	35
508.0	12
508.29999999999563	35
508.3999999999942	35
508.3999999999942	30
508.5	62
508.59999999999854	41
507.79999999999563	54
507.79999999999563	61
507.79999999999563	43
507.79999999999563	40
507.79999999999563	33
507.79999999999563	35
507.79999999999563	47
508.59999999999854	45
508.59999999999854	35
508.59999999999854	35
508.59999999999854	58
508.59999999999854	35
508.59999999999854	49
508.59999999999854	26
511.8999999999942	62
512.0	36
512.0999999999985	12
512.1999999999971	26
512.2999999999956	35
512.2999999999956	47
512.2999999999956	39
512.5999999999985	55
512.5999999999985	36
512.5999999999985	30
512.8999999999942	35
512.7999999999956	35
512.7999999999956	43
512.7999999999956	35
512.7999999999956	35
512.7999999999956	39
512.7999999999956	12
512.7999999999956	40
512.8999999999942	35
512.8999999999942	33
512.8999999999942	45
512.8999999999942	54
512.8999999999942	41
512.8999999999942	58
512.8999999999942	56
512.8999999999942	62
513.0	35
513.0	61
513.0	35
513.0	48
513.0	47
513.0	26
513.0999999999985	35
513.7999999999956	35
514.1999999999971	35
515.3999999999942	35
515.3999999999942	35
516.7999999999956	62
517.0999999999985	36
517.2999999999956	35
517.2999999999956	47
517.2999999999956	39
517.3999999999942	35
517.5	35
517.7999999999956	30
517.8999999999942	55
518.1999999999971	36
518.3999999999942	40
518.5	35
517.7999999999956	12
517.7999999999956	35
517.7999999999956	35
517.8999999999942	35
517.8999999999942	26
517.8999999999942	43
517.8999999999942	33
517.8999999999942	45
517.8999999999942	56
517.8999999999942	54
517.8999999999942	35
517.8999999999942	58
517.8999999999942	62
517.8999999999942	47
517.8999999999942	48
517.8999999999942	35
517.8999999999942	39
517.8999999999942	41
518.0	61
518.0	35
519.0	35
520.7999999999956	35
521.8999999999942	62
522.3999999999942	35
522.3999999999942	33
522.3999999999942	48
522.3999999999942	47
522.5	35
522.5	35
522.5	39
523.5	35
523.3999999999942	58
522.7999999999956	62
522.7999999999956	35
522.8999999999942	36
522.8999999999942	48
522.8999999999942	12
522.8999999999942	41
522.8999999999942	55
522.8999999999942	35
522.8999999999942	47
522.8999999999942	35
522.8999999999942	43
522.8999999999942	35
522.8999999999942	40
522.8999999999942	35
523.0	35
523.0999999999985	54
523.0999999999985	33
523.0999999999985	45
523.0999999999985	61
523.1999999999971	56
523.1999999999971	39
524.0	35
526.2999999999956	35
527.0	62
527.3999999999942	33
527.5	35
527.5	39
527.5999999999985	35
527.5999999999985	47
527.5999999999985	48
528.3999999999942	41
528.5999999999985	35
527.7999999999956	35
527.7999999999956	61
527.7999999999956	35
527.7999999999956	58
527.7999999999956	35
527.7999999999956	48
527.7999999999956	47
527.8999999999942	36
527.8999999999942	40
527.8999999999942	55
527.8999999999942	12
527.8999999999942	35
527.8999999999942	33
527.8999999999942	56
527.8999999999942	45
527.8999999999942	54
527.8999999999942	35
528.0	62
528.0	43
528.0	35
528.0	35
531.7999999999956	35
532.3999999999942	35
532.5	47
532.5	33
532.5999999999985	36
533.3999999999942	41
533.3999999999942	61
533.5	35
532.7999999999956	35
532.7999999999956	55
532.7999999999956	48
532.7999999999956	48
532.7999999999956	35
532.8999999999942	43
532.8999999999942	12
532.8999999999942	35
532.8999999999942	35
532.8999999999942	36
532.8999999999942	35
532.8999999999942	40
532.8999999999942	35
532.8999999999942	58
533.0	35
533.0	62
533.0999999999985	56
533.0999999999985	45
533.0999999999985	54
537.3999999999942	35
537.5	35
537.5999999999985	36
538.0999999999985	48
538.0999999999985	48
538.0999999999985	35
538.0999999999985	41
538.0999999999985	35
538.0999999999985	45
538.0999999999985	54
538.0999999999985	56
538.0999999999985	35
538.0999999999985	43
538.1999999999971	35
538.1999999999971	36
538.1999999999971	35
539.5	35
539.5	55
539.5	40
539.5	58
539.5	35
539.5999999999985	62
539.5999999999985	12
539.5999999999985	61
542.5999999999985	35
542.8999999999942	61
542.8999999999942	36
542.8999999999942	40
542.8999999999942	43
543.0	35
543.0999999999985	35
543.0999999999985	41
543.0999999999985	58
548.0	58
548.0	40
548.0	35
548.0999999999985	41
553.2999999999956	35
553.2999999999956	41
553.3999999999942	58
558.1999999999971	35
