0.0	28
2.5	28
4.099999999998545	28
6.099999999998545	28
8.19999999999709	28
10.19999999999709	12
10.299999999995634	28
12.400000000001455	28
14.5	28
22.69999999999709	22
37.69999999999709	21
39.900000000001455	27
42.69999999999709	27
44.900000000001455	27
47.099999999998545	27
49.299999999995634	27
51.19999999999709	31
52.400000000001455	27
52.0	12
53.5	27
55.69999999999709	27
57.19999999999709	28
58.0	27
58.799999999995634	23
60.099999999998545	27
61.299999999995634	33
62.0	23
62.400000000001455	27
62.900000000001455	26
63.900000000001455	23
65.40000000000146	27
66.19999999999709	23
66.69999999999709	27
68.40000000000146	23
68.79999999999563	27
69.19999999999709	25
70.69999999999709	23
70.69999999999709	27
71.19999999999709	42
72.90000000000146	23
72.90000000000146	27
73.69999999999709	42
74.90000000000146	27
76.09999999999854	42
78.29999999999563	42
78.29999999999563	18
79.79999999999563	21
80.29999999999563	42
80.90000000000146	18
82.5	42
83.29999999999563	18
83.5	30
83.69999999999709	34
84.90000000000146	42
85.09999999999854	18
87.19999999999709	42
87.19999999999709	18
88.90000000000146	32
89.40000000000146	18
89.40000000000146	42
92.0	18
92.19999999999709	42
93.09999999999854	31
94.09999999999854	42
94.09999999999854	18
94.19999999999709	39
95.90000000000146	18
96.09999999999854	13
96.09999999999854	39
96.09999999999854	42
98.09999999999854	18
98.19999999999709	39
98.29999999999563	42
100.19999999999709	13
100.29999999999563	39
100.40000000000146	18
101.79999999999563	13
102.29999999999563	33
102.40000000000146	18
102.40000000000146	39
102.5	42
102.90000000000146	46
104.0	13
105.0	42
104.69999999999709	39
104.69999999999709	18
104.79999999999563	46
104.90000000000146	22
106.0	26
106.19999999999709	13
107.19999999999709	42
107.19999999999709	18
107.19999999999709	39
107.29999999999563	46
107.5	26
108.29999999999563	22
108.69999999999709	13
108.69999999999709	42
108.79999999999563	39
108.90000000000146	18
110.0	46
110.0	26
110.69999999999709	13
110.69999999999709	22
110.79999999999563	39
110.79999999999563	42
111.09999999999854	18
111.5	26
112.0	46
112.69999999999709	22
112.69999999999709	13
112.90000000000146	39
113.09999999999854	18
113.5	26
113.79999999999563	46
114.69999999999709	22
114.79999999999563	13
115.19999999999709	23
115.19999999999709	39
117.0	13
117.09999999999854	27
117.09999999999854	22
117.19999999999709	39
117.29999999999563	18
118.0	26
117.90000000000146	46
119.0	22
119.19999999999709	13
119.40000000000146	39
119.40000000000146	18
119.69999999999709	26
121.5	21
121.5	22
121.5	13
121.5	39
122.29999999999563	18
122.29999999999563	35
122.40000000000146	26
122.69999999999709	15
123.40000000000146	22
123.79999999999563	26
124.29999999999563	13
124.29999999999563	35
124.29999999999563	21
124.29999999999563	18
124.29999999999563	39
124.29999999999563	36
125.29999999999563	36
125.40000000000146	44
125.5	30
125.79999999999563	22
125.69999999999709	34
125.69999999999709	35
125.79999999999563	26
125.90000000000146	21
125.90000000000146	18
126.0	13
127.29999999999563	36
127.69999999999709	26
127.79999999999563	39
127.90000000000146	22
127.90000000000146	21
127.90000000000146	13
128.0	18
129.0	43
129.29999999999563	47
129.40000000000146	36
129.79999999999563	35
129.79999999999563	39
129.90000000000146	26
130.0	22
130.0	13
130.0	21
130.09999999999854	18
130.09999999999854	43
130.09999999999854	32
131.29999999999563	47
131.29999999999563	49
131.79999999999563	39
131.90000000000146	26
132.0	35
132.09999999999854	13
132.09999999999854	21
132.1999999999971	22
132.1999999999971	43
132.1999999999971	18
133.40000000000146	47
133.40000000000146	49
133.5	36
133.79999999999563	19
134.0	39
134.0	26
134.1999999999971	35
134.1999999999971	18
134.1999999999971	22
135.40000000000146	49
135.5	36
135.5	47
135.6999999999971	31
135.90000000000146	11
136.6999999999971	22
136.6999999999971	26
136.6999999999971	35
136.6999999999971	43
136.6999999999971	19
136.79999999999563	37
136.79999999999563	18
136.79999999999563	13
137.09999999999854	11
137.5	36
137.5	14
138.5	49
138.0	47
138.79999999999563	26
138.79999999999563	28
138.79999999999563	22
138.79999999999563	37
138.79999999999563	35
138.79999999999563	13
138.79999999999563	43
138.79999999999563	19
138.79999999999563	18
139.29999999999563	11
139.40000000000146	14
139.5	36
139.79999999999563	49
139.79999999999563	50
139.90000000000146	41
140.0	47
140.09999999999854	13
140.1999999999971	37
140.40000000000146	18
140.40000000000146	43
140.5	35
141.40000000000146	11
141.5	36
141.6999999999971	14
141.90000000000146	49
142.0	13
142.0	47
142.1999999999971	22
142.1999999999971	43
142.1999999999971	37
142.40000000000146	18
142.5	35
142.90000000000146	19
143.40000000000146	26
142.6999999999971	16
142.79999999999563	29
143.6999999999971	36
143.6999999999971	11
143.6999999999971	33
143.79999999999563	13
143.79999999999563	14
144.09999999999854	47
144.1999999999971	49
144.1999999999971	43
144.1999999999971	50
144.29999999999563	37
144.29999999999563	22
144.40000000000146	16
144.5	19
144.6999999999971	35
144.6999999999971	26
145.5	36
145.79999999999563	11
145.79999999999563	13
146.09999999999854	14
146.1999999999971	22
146.1999999999971	50
146.29999999999563	49
146.29999999999563	16
146.40000000000146	35
146.5	33
147.5	19
146.79999999999563	26
147.5	36
147.90000000000146	20
147.90000000000146	13
147.90000000000146	11
148.1999999999971	16
148.29999999999563	22
148.29999999999563	14
148.29999999999563	50
148.40000000000146	35
148.40000000000146	19
148.5	33
148.5	49
148.90000000000146	26
150.09999999999854	13
150.09999999999854	11
150.1999999999971	16
151.09999999999854	49
151.09999999999854	50
151.09999999999854	19
151.09999999999854	35
151.09999999999854	14
151.79999999999563	36
151.79999999999563	33
151.79999999999563	25
151.90000000000146	26
151.90000000000146	25
152.0	22
152.0	20
152.29999999999563	16
152.40000000000146	19
152.40000000000146	33
152.40000000000146	20
152.5	22
152.79999999999563	50
153.29999999999563	49
152.79999999999563	14
152.79999999999563	26
152.79999999999563	42
154.0	38
154.09999999999854	25
154.29999999999563	36
154.29999999999563	11
154.40000000000146	33
154.40000000000146	19
154.40000000000146	16
154.40000000000146	13
154.5	22
155.0	20
155.0	35
155.0	38
155.29999999999563	42
155.29999999999563	26
155.5	49
154.6999999999971	50
154.90000000000146	14
156.0	36
156.09999999999854	25
156.40000000000146	11
157.40000000000146	19
156.6999999999971	49
156.6999999999971	20
156.6999999999971	13
156.79999999999563	50
156.79999999999563	26
156.90000000000146	22
157.0	14
157.40000000000146	17
157.5	27
157.90000000000146	25
158.09999999999854	36
158.5	11
159.29999999999563	27
159.29999999999563	26
159.40000000000146	22
159.5	42
158.6999999999971	49
158.79999999999563	19
158.79999999999563	13
158.90000000000146	38
158.90000000000146	14
159.09999999999854	50
159.79999999999563	17
160.40000000000146	36
160.5	11
160.79999999999563	27
160.79999999999563	26
160.79999999999563	42
160.79999999999563	13
160.90000000000146	20
160.90000000000146	38
161.0	14
161.09999999999854	50
161.79999999999563	17
161.79999999999563	25
162.6999999999971	36
163.0	11
163.1999999999971	27
163.40000000000146	22
162.6999999999971	49
162.6999999999971	42
162.79999999999563	19
162.90000000000146	38
163.0	13
163.0	20
163.0	14
163.1999999999971	50
163.5	15
164.09999999999854	53
163.90000000000146	17
163.90000000000146	25
164.6999999999971	22
165.09999999999854	11
164.6999999999971	27
164.6999999999971	36
164.90000000000146	15
164.90000000000146	49
164.90000000000146	42
165.0	20
165.0	13
165.0	19
165.0	38
165.1999999999971	26
165.40000000000146	50
165.5	48
166.1999999999971	53
166.0	25
166.0	17
166.6999999999971	22
166.6999999999971	49
166.6999999999971	11
166.79999999999563	27
168.0	26
168.0	38
168.1999999999971	53
168.29999999999563	19
168.29999999999563	50
168.5	13
168.5	20
167.6999999999971	15
167.79999999999563	44
167.79999999999563	34
167.79999999999563	25
167.90000000000146	36
168.09999999999854	17
169.29999999999563	22
169.29999999999563	50
169.29999999999563	13
169.29999999999563	38
169.29999999999563	36
169.29999999999563	20
169.29999999999563	15
169.29999999999563	11
169.29999999999563	19
169.40000000000146	49
169.40000000000146	26
169.5	53
169.79999999999563	25
170.1999999999971	17
170.90000000000146	49
170.90000000000146	20
170.90000000000146	38
171.0	13
171.0	15
171.0	22
171.09999999999854	27
171.09999999999854	11
171.1999999999971	36
171.40000000000146	53
171.5	19
172.0	26
171.6999999999971	25
172.09999999999854	32
172.40000000000146	17
173.0	49
173.0	13
173.0	38
173.0	12
173.09999999999854	15
173.09999999999854	20
173.29999999999563	50
173.29999999999563	11
173.29999999999563	22
173.29999999999563	36
173.29999999999563	27
173.29999999999563	53
174.1999999999971	25
174.29999999999563	19
173.6999999999971	26
174.09999999999854	21
174.5	17
175.0	13
175.09999999999854	20
175.09999999999854	49
175.29999999999563	11
175.40000000000146	15
175.40000000000146	53
175.40000000000146	22
175.40000000000146	50
175.40000000000146	36
175.5	27
175.6999999999971	26
175.79999999999563	19
175.90000000000146	39
176.5	17
177.1999999999971	20
177.29999999999563	49
177.40000000000146	11
177.5	15
177.6999999999971	50
178.09999999999854	25
178.29999999999563	36
178.29999999999563	27
177.6999999999971	22
177.6999999999971	21
177.6999999999971	26
178.0	19
178.5	17
178.79999999999563	31
179.09999999999854	13
179.29999999999563	39
179.40000000000146	20
179.40000000000146	53
179.5	11
179.5	49
180.0	50
180.09999999999854	36
179.6999999999971	27
179.6999999999971	26
179.79999999999563	21
179.79999999999563	22
180.0	28
180.09999999999854	19
181.6999999999971	11
181.6999999999971	49
181.6999999999971	13
181.6999999999971	26
181.79999999999563	28
181.79999999999563	20
182.5	21
182.5	17
182.5	41
182.6999999999971	22
182.6999999999971	50
182.79999999999563	27
183.1999999999971	19
183.29999999999563	53
183.29999999999563	36
182.6999999999971	39
183.40000000000146	28
183.40000000000146	13
183.5	39
183.79999999999563	53
183.79999999999563	11
183.90000000000146	50
183.90000000000146	26
183.90000000000146	49
183.90000000000146	36
183.90000000000146	21
184.0	27
184.09999999999854	22
184.09999999999854	19
185.0	17
185.5	28
185.5	13
185.79999999999563	39
186.29999999999563	20
185.90000000000146	29
186.0	49
186.0	21
186.0	50
186.09999999999854	36
186.1999999999971	43
186.1999999999971	53
186.1999999999971	26
186.1999999999971	22
186.1999999999971	47
186.29999999999563	19
186.40000000000146	27
186.40000000000146	17
186.5	18
188.5	28
187.6999999999971	20
187.79999999999563	13
187.79999999999563	39
188.0	49
188.09999999999854	17
188.09999999999854	21
188.1999999999971	50
188.29999999999563	19
188.29999999999563	22
188.40000000000146	36
188.40000000000146	27
188.40000000000146	11
188.40000000000146	26
188.5	53
188.5	37
189.79999999999563	20
189.90000000000146	28
189.90000000000146	13
189.90000000000146	47
190.0	39
190.09999999999854	49
190.1999999999971	17
190.29999999999563	21
190.29999999999563	50
190.29999999999563	26
190.40000000000146	11
190.5	22
190.79999999999563	36
190.90000000000146	53
191.40000000000146	27
191.29999999999563	56
191.90000000000146	20
192.0	13
192.0	28
192.09999999999854	47
192.1999999999971	39
192.1999999999971	17
192.29999999999563	21
192.40000000000146	27
192.5	22
192.5	26
192.5	50
192.90000000000146	53
193.0	11
192.6999999999971	36
192.79999999999563	40
194.0	24
194.09999999999854	20
194.1999999999971	28
194.1999999999971	13
194.1999999999971	47
194.29999999999563	17
194.29999999999563	49
194.29999999999563	39
194.40000000000146	27
194.40000000000146	21
194.6999999999971	22
195.0	11
195.40000000000146	50
194.6999999999971	53
194.6999999999971	36
194.6999999999971	26
195.79999999999563	56
196.1999999999971	23
196.29999999999563	20
196.29999999999563	28
196.40000000000146	40
196.40000000000146	49
196.5	13
197.09999999999854	17
197.09999999999854	50
198.1999999999971	39
198.1999999999971	24
198.1999999999971	35
198.1999999999971	21
198.1999999999971	27
198.1999999999971	26
198.1999999999971	53
198.1999999999971	11
198.29999999999563	47
198.40000000000146	20
198.40000000000146	28
198.5	40
198.5	33
198.5	27
198.5	47
198.79999999999563	49
199.1999999999971	13
198.6999999999971	23
198.6999999999971	21
198.6999999999971	39
198.6999999999971	24
198.6999999999971	53
198.6999999999971	16
198.6999999999971	50
198.79999999999563	17
198.79999999999563	36
198.79999999999563	11
199.1999999999971	52
199.79999999999563	58
199.79999999999563	46
200.09999999999854	45
200.40000000000146	56
201.5	20
200.6999999999971	28
200.6999999999971	40
200.6999999999971	16
200.6999999999971	11
200.6999999999971	21
200.79999999999563	27
200.79999999999563	49
200.79999999999563	23
200.79999999999563	53
200.79999999999563	36
200.79999999999563	39
200.79999999999563	50
200.79999999999563	13
200.79999999999563	52
200.79999999999563	47
201.0	17
201.0	24
201.0	26
202.6999999999971	11
202.6999999999971	16
202.6999999999971	56
202.79999999999563	28
202.79999999999563	23
202.79999999999563	27
202.79999999999563	21
202.90000000000146	40
202.90000000000146	36
202.90000000000146	46
202.90000000000146	53
202.90000000000146	50
202.90000000000146	13
202.90000000000146	49
202.90000000000146	39
202.90000000000146	45
203.0	26
203.0	24
203.09999999999854	20
203.09999999999854	47
203.09999999999854	52
203.09999999999854	17
203.90000000000146	58
204.79999999999563	11
204.79999999999563	23
204.90000000000146	36
204.90000000000146	45
204.90000000000146	26
204.90000000000146	16
204.90000000000146	46
205.0	21
205.0	53
205.0	56
205.0	47
205.0	28
205.09999999999854	52
205.09999999999854	13
205.09999999999854	20
205.09999999999854	40
205.1999999999971	49
205.1999999999971	39
205.29999999999563	24
206.0	58
206.6999999999971	48
206.90000000000146	36
206.90000000000146	11
206.90000000000146	26
206.90000000000146	45
207.0	53
207.0	42
207.0	23
207.0	39
207.09999999999854	50
207.09999999999854	13
207.09999999999854	14
207.09999999999854	52
207.1999999999971	46
207.1999999999971	47
207.1999999999971	28
207.1999999999971	16
207.1999999999971	27
207.1999999999971	49
207.1999999999971	40
207.1999999999971	20
207.29999999999563	56
207.29999999999563	17
207.29999999999563	24
208.1999999999971	58
208.0	30
208.90000000000146	26
209.09999999999854	45
209.09999999999854	53
209.09999999999854	14
209.09999999999854	36
209.09999999999854	50
209.1999999999971	49
209.1999999999971	30
209.1999999999971	11
209.1999999999971	13
209.1999999999971	46
209.1999999999971	52
209.29999999999563	23
209.29999999999563	48
209.29999999999563	21
209.29999999999563	42
209.40000000000146	16
209.40000000000146	47
209.40000000000146	20
209.40000000000146	27
209.40000000000146	17
209.40000000000146	56
209.5	58
210.1999999999971	40
210.79999999999563	44
210.90000000000146	59
210.90000000000146	26
211.09999999999854	45
211.09999999999854	53
211.1999999999971	14
211.1999999999971	36
211.1999999999971	50
211.29999999999563	30
211.29999999999563	46
211.29999999999563	49
211.29999999999563	13
211.29999999999563	20
211.29999999999563	23
211.40000000000146	52
211.40000000000146	39
211.40000000000146	48
211.40000000000146	58
211.40000000000146	40
211.40000000000146	21
211.40000000000146	17
211.5	47
211.5	16
211.5	27
211.5	11
212.40000000000146	42
211.6999999999971	28
211.6999999999971	54
213.09999999999854	26
213.1999999999971	59
213.1999999999971	49
213.29999999999563	45
213.29999999999563	58
213.29999999999563	44
213.29999999999563	36
213.40000000000146	50
213.40000000000146	54
213.40000000000146	30
213.40000000000146	17
213.40000000000146	52
213.40000000000146	14
213.40000000000146	56
213.40000000000146	11
213.40000000000146	20
213.40000000000146	46
213.40000000000146	13
213.5	48
213.5	21
213.5	39
213.5	16
213.5	23
213.5	42
214.1999999999971	47
214.29999999999563	27
213.6999999999971	28
214.90000000000146	38
215.6999999999971	16
215.6999999999971	56
215.6999999999971	58
215.6999999999971	30
215.6999999999971	21
215.6999999999971	28
215.6999999999971	26
215.6999999999971	39
215.6999999999971	20
215.79999999999563	23
215.79999999999563	13
215.79999999999563	49
215.79999999999563	54
215.79999999999563	44
215.79999999999563	11
215.79999999999563	53
215.79999999999563	59
215.79999999999563	46
215.79999999999563	42
215.79999999999563	45
215.79999999999563	14
215.79999999999563	47
215.79999999999563	36
215.90000000000146	32
216.09999999999854	27
216.09999999999854	17
217.40000000000146	16
217.5	49
217.79999999999563	17
218.09999999999854	32
218.29999999999563	56
218.29999999999563	45
218.29999999999563	21
218.40000000000146	48
218.40000000000146	52
217.6999999999971	36
217.6999999999971	53
217.6999999999971	28
217.6999999999971	47
217.79999999999563	54
217.79999999999563	14
217.79999999999563	30
217.79999999999563	59
217.79999999999563	46
217.79999999999563	13
217.79999999999563	42
217.79999999999563	23
217.79999999999563	27
217.79999999999563	39
217.90000000000146	11
217.90000000000146	26
217.90000000000146	44
218.0	20
218.29999999999563	51
219.29999999999563	58
219.40000000000146	15
219.5	25
219.6999999999971	17
219.6999999999971	32
219.6999999999971	27
219.6999999999971	42
219.79999999999563	21
219.79999999999563	53
219.79999999999563	45
219.79999999999563	52
219.79999999999563	49
219.79999999999563	56
219.79999999999563	51
219.79999999999563	47
219.79999999999563	54
219.79999999999563	28
219.79999999999563	39
219.79999999999563	23
219.79999999999563	20
219.79999999999563	36
219.90000000000146	30
219.90000000000146	13
219.90000000000146	14
219.90000000000146	48
220.0	46
220.0	59
220.09999999999854	26
220.09999999999854	44
221.40000000000146	58
221.40000000000146	31
221.6999999999971	17
221.6999999999971	27
221.6999999999971	51
221.79999999999563	52
221.90000000000146	54
221.90000000000146	39
221.90000000000146	28
221.90000000000146	32
221.90000000000146	21
221.90000000000146	48
221.90000000000146	49
221.90000000000146	47
222.0	23
222.0	36
222.0	45
222.0	46
222.0	15
222.09999999999854	26
222.09999999999854	56
222.1999999999971	20
223.5	58
223.79999999999563	32
223.79999999999563	17
223.90000000000146	42
224.0	30
224.0	48
224.0	41
224.0	47
224.0	49
224.09999999999854	23
224.09999999999854	13
224.09999999999854	46
224.09999999999854	26
224.1999999999971	59
224.1999999999971	45
226.1999999999971	58
225.79999999999563	51
225.90000000000146	32
226.0	42
226.0	30
226.09999999999854	13
226.09999999999854	26
226.09999999999854	20
226.1999999999971	59
226.1999999999971	48
226.1999999999971	49
226.29999999999563	45
226.29999999999563	41
227.79999999999563	58
227.79999999999563	29
227.90000000000146	51
228.6999999999971	23
228.6999999999971	41
228.6999999999971	42
228.79999999999563	13
228.79999999999563	47
228.90000000000146	30
229.0	48
229.09999999999854	20
229.09999999999854	46
229.09999999999854	32
229.09999999999854	45
229.40000000000146	43
230.6999999999971	47
230.6999999999971	58
230.79999999999563	57
230.79999999999563	37
230.79999999999563	41
230.79999999999563	30
230.79999999999563	48
230.79999999999563	45
230.79999999999563	46
230.79999999999563	23
231.0	26
231.40000000000146	20
231.90000000000146	58
232.29999999999563	30
232.29999999999563	37
232.29999999999563	57
232.29999999999563	23
232.29999999999563	26
232.40000000000146	48
232.40000000000146	20
232.40000000000146	47
233.0	46
234.0	58
234.40000000000146	57
240.90000000000146	33
253.40000000000146	40
255.6999999999971	12
261.6999999999971	16
261.90000000000146	14
263.90000000000146	39
263.90000000000146	31
263.90000000000146	28
263.90000000000146	21
264.0	36
264.0	15
265.40000000000146	36
266.6999999999971	21
267.5	36
268.1999999999971	59
269.5	36
270.0	61
270.1999999999971	49
271.5	36
271.79999999999563	43
273.5	36
274.0	43
274.40000000000146	30
274.5	48
274.79999999999563	47
276.0	58
276.1999999999971	43
276.5	57
277.6999999999971	36
278.29999999999563	48
278.6999999999971	35
279.6999999999971	36
280.40000000000146	43
280.40000000000146	48
281.5	35
281.79999999999563	36
282.5	43
284.09999999999854	35
285.0	43
285.90000000000146	63
285.90000000000146	35
286.90000000000146	43
287.90000000000146	35
288.90000000000146	43
290.6999999999971	34
291.1999999999971	43
294.1999999999971	43
295.40000000000146	43
295.40000000000146	40
295.5	38
297.40000000000146	43
298.1999999999971	40
309.29999999999563	18
311.90000000000146	59
311.90000000000146	49
312.29999999999563	61
314.40000000000146	20
316.6999999999971	30
319.79999999999563	58
322.0	58
322.90000000000146	48
324.5	58
323.79999999999563	36
325.5	48
325.6999999999971	58
326.5	36
328.40000000000146	36
330.1999999999971	35
330.40000000000146	36
332.40000000000146	36
339.6999999999971	40
343.6999999999971	27
344.0	56
345.90000000000146	60
348.5	21
349.29999999999563	60
351.0	60
350.6999999999971	42
352.09999999999854	62
352.40000000000146	60
352.5	41
354.40000000000146	26
355.0	49
355.0	62
357.0	62
357.40000000000146	47
358.09999999999854	49
359.0	62
360.29999999999563	49
360.90000000000146	62
362.90000000000146	62
366.79999999999563	62
368.40000000000146	48
368.79999999999563	62
369.09999999999854	48
369.5	58
370.79999999999563	62
371.40000000000146	48
372.6999999999971	62
374.29999999999563	36
375.40000000000146	62
377.0	62
379.0	62
379.6999999999971	43
382.40000000000146	40
383.09999999999854	62
383.90000000000146	54
384.5	62
384.90000000000146	27
385.5	40
386.40000000000146	62
387.6999999999971	40
389.79999999999563	40
391.0	55
391.79999999999563	40
393.90000000000146	40
394.79999999999563	45
395.5	45
396.40000000000146	40
396.79999999999563	26
396.90000000000146	20
398.29999999999563	26
398.5	45
398.6999999999971	40
399.79999999999563	20
399.79999999999563	45
400.1999999999971	40
401.6999999999971	20
402.1999999999971	40
402.40000000000146	49
403.1999999999971	33
403.40000000000146	45
404.1999999999971	40
405.5	45
407.5	45
408.09999999999854	40
409.5	45
410.09999999999854	40
411.5	45
411.90000000000146	40
412.90000000000146	34
413.5	45
413.5	48
413.6999999999971	40
413.79999999999563	34
415.1999999999971	36
415.5	45
416.40000000000146	40
415.6999999999971	34
417.5	45
417.5	40
417.6999999999971	34
417.6999999999971	12
419.6999999999971	45
420.09999999999854	12
421.5	40
421.5	12
421.6999999999971	34
423.40000000000146	43
423.40000000000146	40
423.40000000000146	35
423.5	34
423.6999999999971	45
425.0	14
425.29999999999563	35
425.40000000000146	12
425.5	40
426.29999999999563	34
425.6999999999971	45
425.79999999999563	54
426.5	27
427.09999999999854	35
428.90000000000146	62
428.90000000000146	40
428.90000000000146	12
428.90000000000146	45
428.90000000000146	39
428.90000000000146	39
428.90000000000146	34
429.0	35
429.40000000000146	27
430.29999999999563	45
429.6999999999971	34
429.79999999999563	39
431.79999999999563	34
431.79999999999563	45
431.79999999999563	62
431.79999999999563	35
431.79999999999563	27
432.79999999999563	18
432.90000000000146	62
433.29999999999563	55
433.40000000000146	27
434.40000000000146	45
433.79999999999563	39
433.79999999999563	34
435.5	35
434.79999999999563	62
435.5	41
435.5	27
435.6999999999971	55
435.6999999999971	45
435.79999999999563	39
435.90000000000146	34
436.40000000000146	35
437.5	27
437.6999999999971	39
437.6999999999971	55
437.79999999999563	45
438.0	34
438.29999999999563	35
438.6999999999971	62
439.5	27
439.6999999999971	39
439.79999999999563	55
440.0	45
440.1999999999971	35
441.1999999999971	62
440.6999999999971	47
441.1999999999971	26
441.5	35
441.79999999999563	27
441.6999999999971	39
442.0	35
442.0	34
442.09999999999854	45
442.29999999999563	55
442.40000000000146	62
443.6999999999971	27
443.79999999999563	39
443.79999999999563	35
443.79999999999563	20
444.0	34
444.09999999999854	55
444.29999999999563	62
445.6999999999971	20
445.79999999999563	35
445.79999999999563	33
445.90000000000146	27
445.90000000000146	39
446.0	34
446.0	35
446.09999999999854	62
446.29999999999563	55
447.1999999999971	45
447.6999999999971	35
448.29999999999563	20
448.29999999999563	34
448.29999999999563	39
448.29999999999563	33
448.29999999999563	35
448.40000000000146	55
448.6999999999971	45
449.79999999999563	35
450.0	34
450.09999999999854	62
450.29999999999563	33
450.40000000000146	27
450.40000000000146	39
451.09999999999854	35
451.1999999999971	55
450.6999999999971	45
450.79999999999563	58
451.90000000000146	35
452.09999999999854	34
452.1999999999971	62
452.40000000000146	33
452.40000000000146	39
453.0	27
452.6999999999971	45
452.90000000000146	35
453.90000000000146	48
453.90000000000146	35
454.1999999999971	34
454.29999999999563	33
454.40000000000146	62
455.09999999999854	39
454.79999999999563	45
455.0	27
455.09999999999854	35
455.6999999999971	35
456.1999999999971	35
456.1999999999971	33
456.29999999999563	34
456.40000000000146	48
456.5	62
456.6999999999971	45
456.79999999999563	39
457.0	35
457.1999999999971	27
458.29999999999563	33
458.29999999999563	35
458.5	34
459.29999999999563	48
459.5	62
458.6999999999971	45
458.79999999999563	35
459.0	39
459.1999999999971	35
459.40000000000146	27
460.5	33
460.6999999999971	34
460.6999999999971	48
460.79999999999563	45
461.6999999999971	27
461.6999999999971	35
461.79999999999563	62
462.6999999999971	45
462.79999999999563	34
462.79999999999563	48
462.90000000000146	62
462.90000000000146	35
463.09999999999854	35
463.1999999999971	39
463.90000000000146	27
464.79999999999563	33
464.6999999999971	45
464.90000000000146	48
465.0	34
465.09999999999854	62
465.09999999999854	35
465.1999999999971	35
465.40000000000146	56
465.40000000000146	39
466.0	43
466.1999999999971	27
466.29999999999563	56
466.79999999999563	33
466.90000000000146	35
467.09999999999854	45
467.09999999999854	48
467.09999999999854	62
467.1999999999971	35
467.5	39
467.90000000000146	14
468.29999999999563	56
468.5	27
469.0	35
469.0	43
469.0	33
469.09999999999854	45
469.09999999999854	35
469.1999999999971	62
470.0	39
470.90000000000146	27
471.0	56
471.1999999999971	35
470.90000000000146	35
471.0	43
471.1999999999971	42
471.1999999999971	35
471.1999999999971	33
471.40000000000146	62
471.79999999999563	39
472.40000000000146	38
472.79999999999563	56
473.09999999999854	43
473.09999999999854	35
473.09999999999854	35
473.29999999999563	35
473.29999999999563	62
473.29999999999563	45
473.29999999999563	42
473.90000000000146	39
474.0	33
474.79999999999563	61
475.0	27
475.09999999999854	35
475.1999999999971	43
475.1999999999971	35
475.29999999999563	62
475.29999999999563	42
475.40000000000146	39
475.5	45
476.29999999999563	33
476.09999999999854	41
477.1999999999971	35
477.1999999999971	35
477.1999999999971	27
477.90000000000146	39
478.29999999999563	45
477.6999999999971	43
477.79999999999563	35
477.6999999999971	42
479.29999999999563	35
479.29999999999563	35
479.40000000000146	39
479.5	42
479.5	27
479.5	43
479.6999999999971	62
479.6999999999971	35
480.5	45
481.40000000000146	35
481.5	35
481.5	42
481.5	62
481.79999999999563	45
481.6999999999971	43
481.6999999999971	35
481.79999999999563	27
483.40000000000146	39
483.5	42
484.29999999999563	62
484.0	45
484.29999999999563	35
483.6999999999971	43
483.6999999999971	35
483.90000000000146	27
484.09999999999854	26
485.40000000000146	49
485.5	39
486.0	45
486.0	42
485.6999999999971	62
485.6999999999971	35
485.79999999999563	43
485.79999999999563	35
485.79999999999563	35
486.0	27
487.6999999999971	62
487.6999999999971	45
487.6999999999971	39
487.6999999999971	42
487.79999999999563	49
487.79999999999563	35
487.90000000000146	35
487.90000000000146	43
488.09999999999854	35
488.09999999999854	27
489.79999999999563	49
489.79999999999563	35
489.79999999999563	62
489.79999999999563	45
489.79999999999563	42
489.90000000000146	39
489.90000000000146	35
490.0	43
490.09999999999854	27
491.29999999999563	35
491.79999999999563	35
491.90000000000146	49
491.90000000000146	45
492.0	62
492.0	39
492.0	42
492.0	35
492.09999999999854	27
492.1999999999971	58
492.79999999999563	35
493.79999999999563	35
494.0	35
494.0	45
494.09999999999854	49
494.09999999999854	27
494.09999999999854	43
494.1999999999971	39
494.29999999999563	35
494.29999999999563	62
494.5	55
496.09999999999854	35
496.09999999999854	43
496.1999999999971	49
496.1999999999971	45
496.29999999999563	58
496.29999999999563	62
496.29999999999563	35
496.29999999999563	27
496.40000000000146	39
496.40000000000146	42
498.1999999999971	27
498.1999999999971	35
498.29999999999563	43
498.29999999999563	36
498.40000000000146	58
498.40000000000146	62
498.5	39
498.79999999999563	42
500.1999999999971	35
500.29999999999563	43
500.40000000000146	27
500.40000000000146	35
500.40000000000146	35
500.5	49
500.5	45
500.5	36
500.5	58
501.40000000000146	62
500.6999999999971	39
502.40000000000146	35
502.5	27
502.5	43
502.5	49
502.5	45
502.5	58
502.90000000000146	62
503.1999999999971	35
503.5	36
502.6999999999971	35
502.79999999999563	39
504.6999999999971	35
504.79999999999563	27
505.1999999999971	58
505.1999999999971	62
505.5	49
504.6999999999971	45
504.6999999999971	36
504.6999999999971	43
504.79999999999563	35
505.0	39
506.6999999999971	58
506.6999999999971	35
506.6999999999971	27
506.6999999999971	49
506.79999999999563	36
506.79999999999563	35
506.79999999999563	35
507.0	43
507.0	45
507.09999999999854	39
507.5	54
508.79999999999563	35
508.79999999999563	58
508.79999999999563	36
508.79999999999563	62
508.90000000000146	35
508.90000000000146	49
509.0	35
509.0	27
509.0	14
509.09999999999854	43
509.09999999999854	45
509.1999999999971	48
509.40000000000146	39
510.79999999999563	35
510.90000000000146	36
511.0	58
511.0	35
511.0	62
511.09999999999854	48
511.09999999999854	49
511.09999999999854	54
511.1999999999971	43
511.29999999999563	35
511.29999999999563	45
511.29999999999563	39
513.0999999999985	54
513.0999999999985	62
513.0999999999985	35
513.0999999999985	35
513.0999999999985	36
513.1999999999971	48
513.1999999999971	43
513.1999999999971	27
513.2999999999956	39
513.2999999999956	49
513.2999999999956	58
513.2999999999956	45
513.4000000000015	35
515.0999999999985	56
515.1999999999971	36
515.1999999999971	54
515.1999999999971	35
515.1999999999971	43
515.2999999999956	35
515.2999999999956	48
515.2999999999956	27
515.4000000000015	39
515.4000000000015	62
515.4000000000015	49
515.4000000000015	35
515.4000000000015	45
515.4000000000015	58
517.0999999999985	61
517.2999999999956	43
517.2999999999956	54
517.4000000000015	36
517.5	62
517.5	27
517.5	35
517.5	45
517.5	48
517.5	49
517.5	35
517.6999999999971	56
518.5	58
517.6999999999971	35
518.4000000000015	33
517.6999999999971	41
520.0	33
520.0	56
520.0	61
520.0	49
520.0	36
520.0	39
520.0	27
520.0	45
520.0	35
520.0	35
520.0	58
520.0999999999985	62
520.0999999999985	48
520.0999999999985	41
520.0999999999985	54
520.0999999999985	43
521.5	39
521.5	35
521.7999999999956	45
521.9000000000015	33
522.1999999999971	61
522.2999999999956	49
521.6999999999971	62
521.6999999999971	36
521.6999999999971	58
521.6999999999971	43
521.6999999999971	41
521.6999999999971	27
521.6999999999971	35
521.6999999999971	56
521.7999999999956	54
522.5	35
523.7999999999956	39
523.7999999999956	45
523.7999999999956	49
523.7999999999956	58
523.7999999999956	35
523.7999999999956	61
523.7999999999956	33
523.7999999999956	27
523.7999999999956	62
523.9000000000015	35
523.9000000000015	41
523.9000000000015	36
523.9000000000015	56
523.9000000000015	54
523.9000000000015	35
523.9000000000015	43
525.9000000000015	33
525.9000000000015	56
525.9000000000015	58
525.9000000000015	49
526.0	62
526.0	45
526.0	35
526.0	39
526.0	35
526.0	41
526.0999999999985	61
526.0999999999985	54
526.0999999999985	43
526.1999999999971	35
526.1999999999971	36
526.1999999999971	27
528.1999999999971	36
528.1999999999971	35
528.1999999999971	49
528.1999999999971	54
528.1999999999971	43
528.1999999999971	35
528.1999999999971	58
528.1999999999971	39
528.1999999999971	62
528.1999999999971	61
528.2999999999956	45
528.2999999999956	35
528.2999999999956	33
528.2999999999956	56
528.4000000000015	27
528.4000000000015	41
530.1999999999971	62
530.2999999999956	35
530.2999999999956	33
530.2999999999956	35
530.2999999999956	54
530.2999999999956	49
530.4000000000015	45
530.4000000000015	56
530.4000000000015	36
530.4000000000015	41
530.4000000000015	61
530.4000000000015	58
530.4000000000015	35
530.4000000000015	39
532.4000000000015	43
532.4000000000015	35
532.4000000000015	54
532.4000000000015	62
532.5	36
532.5	35
532.7999999999956	58
532.7999999999956	39
533.1999999999971	35
533.2999999999956	45
533.2999999999956	56
533.2999999999956	49
533.2999999999956	61
533.4000000000015	35
534.5	54
534.5	62
534.6999999999971	39
534.9000000000015	35
535.0999999999985	49
535.0999999999985	45
535.1999999999971	61
535.2999999999956	35
535.2999999999956	43
535.2999999999956	36
535.2999999999956	35
535.2999999999956	41
535.4000000000015	56
535.9000000000015	35
536.1999999999971	55
536.7999999999956	39
536.7999999999956	36
536.7999999999956	35
536.7999999999956	58
536.7999999999956	62
536.7999999999956	35
536.7999999999956	54
536.7999999999956	61
536.7999999999956	43
536.9000000000015	56
536.9000000000015	45
537.5	35
537.5	35
537.5	35
537.5	49
537.5	41
537.5	35
538.7999999999956	62
538.9000000000015	61
538.9000000000015	45
538.9000000000015	35
538.9000000000015	35
538.9000000000015	55
538.9000000000015	56
538.9000000000015	49
539.0	35
539.0	54
539.0	35
539.0	58
539.0	41
539.0	35
539.0999999999985	35
539.0999999999985	43
540.9000000000015	35
540.9000000000015	62
541.0	36
541.0999999999985	61
541.0999999999985	56
541.0999999999985	35
541.0999999999985	35
541.1999999999971	55
541.1999999999971	54
541.1999999999971	58
541.1999999999971	43
541.1999999999971	35
541.1999999999971	45
541.1999999999971	35
541.2999999999956	35
543.1999999999971	62
543.1999999999971	35
543.1999999999971	35
543.2999999999956	58
543.2999999999956	56
543.2999999999956	35
543.2999999999956	43
543.2999999999956	36
543.2999999999956	35
543.2999999999956	55
543.2999999999956	49
543.2999999999956	35
543.2999999999956	61
543.4000000000015	54
543.4000000000015	35
545.2999999999956	35
545.2999999999956	36
545.4000000000015	62
545.4000000000015	35
545.4000000000015	56
545.4000000000015	58
545.4000000000015	35
545.5	45
545.5	55
545.5	43
545.5	35
545.5	49
545.5	35
545.5	54
546.0999999999985	61
547.5	35
547.5	35
547.6999999999971	56
547.7999999999956	36
547.7999999999956	49
548.0999999999985	62
548.4000000000015	45
548.4000000000015	55
548.5	35
548.5	35
547.6999999999971	61
547.6999999999971	58
549.6999999999971	54
549.6999999999971	56
550.4000000000015	45
550.4000000000015	55
550.4000000000015	35
550.4000000000015	35
550.4000000000015	36
550.4000000000015	58
550.4000000000015	35
550.4000000000015	49
550.4000000000015	62
550.4000000000015	35
550.5	35
550.5	35
551.9000000000015	54
551.9000000000015	49
551.9000000000015	61
551.9000000000015	35
551.9000000000015	45
551.9000000000015	35
552.0	56
552.0	35
552.0	35
552.0	36
552.0	58
552.0	55
552.0	62
552.0	35
554.0	61
554.1999999999971	35
554.1999999999971	49
554.1999999999971	35
554.1999999999971	35
554.1999999999971	56
554.1999999999971	55
554.1999999999971	35
554.1999999999971	58
554.1999999999971	35
554.1999999999971	36
554.1999999999971	54
554.1999999999971	35
554.1999999999971	45
554.2999999999956	62
556.2999999999956	35
556.2999999999956	35
556.2999999999956	61
556.2999999999956	55
556.4000000000015	35
556.4000000000015	35
556.4000000000015	45
556.4000000000015	35
556.4000000000015	58
556.4000000000015	56
556.4000000000015	35
556.4000000000015	62
556.5	36
559.1999999999971	35
559.2999999999956	35
559.4000000000015	58
559.5	35
558.6999999999971	45
558.6999999999971	35
558.6999999999971	35
558.6999999999971	36
558.6999999999971	61
558.7999999999956	55
561.4000000000015	35
560.6999999999971	35
560.6999999999971	35
560.6999999999971	62
560.7999999999956	35
560.7999999999956	61
560.7999999999956	35
560.7999999999956	55
560.7999999999956	35
560.7999999999956	36
562.7999999999956	35
562.9000000000015	62
562.9000000000015	35
562.9000000000015	35
562.9000000000015	61
563.0	35
563.0	35
563.1999999999971	35
563.1999999999971	36
565.0	62
565.0	35
565.0999999999985	35
565.0999999999985	35
565.0999999999985	35
565.0999999999985	35
565.0999999999985	55
565.1999999999971	35
565.1999999999971	61
565.1999999999971	36
567.1999999999971	62
567.1999999999971	35
567.2999999999956	35
567.2999999999956	35
567.2999999999956	61
567.2999999999956	35
567.2999999999956	35
567.4000000000015	36
567.4000000000015	35
569.4000000000015	36
569.4000000000015	62
569.5	35
569.5	35
569.9000000000015	35
570.0	35
570.0	35
570.0999999999985	61
570.1999999999971	55
570.5	35
571.5	36
571.6999999999971	35
571.6999999999971	62
571.6999999999971	35
571.7999999999956	61
571.7999999999956	35
571.7999999999956	55
571.7999999999956	35
571.7999999999956	35
571.7999999999956	35
573.6999999999971	36
573.9000000000015	62
573.9000000000015	35
574.0	35
574.0	35
574.0	55
575.9000000000015	36
576.0999999999985	62
576.0999999999985	35
576.0999999999985	35
576.0999999999985	35
576.1999999999971	55
578.0999999999985	36
578.2999999999956	62
578.2999999999956	35
578.2999999999956	35
578.4000000000015	35
578.4000000000015	55
580.7999999999956	36
580.7999999999956	62
580.7999999999956	35
582.5	36
582.5	35
582.6999999999971	62
584.6999999999971	35
584.9000000000015	62
587.0999999999985	62
