0	24
0	49
1	16
5	1
5	88
5	49
6	33
6	92
6	81
6	11
6	16
6	24
9	2
9	68
10	1
10	88
10	77
10	75
10	87
10	49
10	73
10	60
10	6
11	33
11	25
11	55
11	24
11	92
11	59
11	26
11	81
11	11
11	16
11	86
11	21
11	45
12	22
13	23
14	68
14	2
14	47
14	25
14	26
14	45
14	6
14	55
15	24
15	1
15	82
15	88
15	75
15	77
15	95
15	12
15	51
15	73
15	60
15	49
15	87
15	10
16	33
16	84
16	92
16	59
16	4
16	63
16	48
16	81
16	11
16	86
16	16
16	21
16	64
17	22
17	69
17	98
18	41
18	23
18	26
18	45
19	68
19	2
19	25
19	47
19	12
19	6
19	55
20	1
20	24
20	95
20	21
20	82
21	30
21	51
21	77
21	73
21	92
21	78
21	10
21	87
21	49
21	33
21	8
21	59
21	88
21	4
21	60
21	7
21	56
21	63
21	75
21	48
21	81
21	11
21	16
21	86
21	99
22	22
22	64
22	98
23	41
23	23
23	71
23	26
24	68
24	47
24	12
24	2
24	45
24	6
24	25
24	55
25	24
25	96
25	7
25	40
25	1
25	95
25	88
25	21
25	78
25	75
25	77
25	82
25	79
25	84
25	85
25	41
25	73
25	51
25	60
25	87
25	49
25	10
25	3
26	56
26	42
26	33
26	11
26	30
26	93
26	34
26	92
26	59
26	4
26	8
26	63
26	19
26	70
26	48
26	86
26	16
26	99
26	81
26	32
26	64
27	22
27	100
27	69
27	98
28	29
28	23
28	26
28	45
28	71
29	53
29	50
29	68
29	2
29	47
29	12
29	41
29	31
29	25
29	6
29	55
30	24
30	96
30	7
30	1
30	40
30	95
30	21
30	82
30	84
30	88
30	78
30	75
30	79
30	85
30	77
30	73
30	87
30	51
30	3
30	49
30	10
30	60
30	38
31	33
31	56
31	42
31	30
31	93
31	11
31	34
31	92
31	8
31	63
31	4
31	59
31	70
31	32
31	81
31	19
31	86
31	16
31	99
31	48
31	64
32	13
32	22
32	100
32	74
32	98
33	29
34	23
34	12
34	41
34	71
34	26
34	45
34	61
34	47
34	53
34	2
34	25
34	68
34	31
34	6
34	50
34	55
35	24
35	96
35	7
35	40
35	1
35	21
35	54
35	82
35	84
35	95
35	88
35	78
35	75
35	85
35	79
35	77
35	73
35	51
35	60
35	3
35	49
35	87
35	10
35	38
36	42
36	33
36	56
36	11
36	30
36	93
36	34
36	92
36	4
36	59
36	8
36	63
36	19
36	48
36	99
36	86
36	16
37	64
37	17
37	90
37	69
37	100
37	70
37	74
37	32
37	81
37	13
37	22
37	98
38	29
38	23
38	26
38	45
38	61
38	71
39	50
39	53
39	68
39	2
39	25
39	47
39	41
39	12
39	31
39	6
39	55
40	24
40	96
40	7
40	40
40	1
40	95
40	21
40	82
40	54
40	88
40	84
40	78
40	75
40	73
40	77
40	85
40	51
40	87
40	49
40	3
40	10
40	60
40	79
41	33
41	38
41	42
41	56
41	30
41	34
41	93
41	11
41	92
41	63
41	4
41	59
41	8
41	19
41	70
41	48
41	81
41	32
41	86
41	99
41	16
41	64
42	13
42	22
42	100
42	17
42	90
42	74
42	98
43	29
43	23
43	26
43	45
43	61
43	71
44	50
44	53
44	68
44	25
44	47
44	12
44	41
44	31
44	2
44	6
44	55
44	36
45	24
45	96
45	40
45	7
45	1
45	82
45	95
45	77
45	54
45	88
45	84
45	21
45	75
45	85
45	79
45	73
45	78
45	3
45	49
45	10
45	51
45	60
45	38
46	33
46	42
46	93
46	34
46	11
46	56
46	30
46	63
46	92
46	59
46	4
46	8
46	87
46	19
46	70
46	32
46	81
46	48
46	99
46	16
46	86
46	64
47	62
47	13
47	22
47	17
47	90
47	100
47	69
47	74
47	98
48	29
48	23
48	26
48	45
48	61
48	71
49	50
49	53
49	68
49	2
49	25
49	47
49	12
49	41
49	31
49	6
49	55
50	96
50	7
50	24
50	40
50	76
50	95
50	77
50	54
50	82
50	84
50	36
50	21
50	1
50	88
50	78
50	75
50	73
50	79
50	85
50	87
50	49
50	3
50	10
50	51
50	60
50	38
51	33
51	42
51	30
51	34
51	93
51	11
51	56
51	92
51	4
51	59
51	8
51	63
51	19
51	70
51	48
51	32
51	81
51	86
51	99
51	16
51	64
52	22
52	90
52	13
52	100
52	17
52	62
53	98
53	74
53	29
53	23
53	26
53	45
53	61
53	69
53	71
54	50
54	53
54	68
54	2
54	25
54	47
54	12
54	41
54	31
54	6
54	55
55	36
55	24
55	96
55	7
55	1
55	40
55	76
55	95
55	21
55	77
55	54
55	82
55	84
55	88
55	75
55	78
55	85
55	79
55	73
55	87
55	3
55	49
55	10
55	60
55	51
55	38
56	42
56	33
56	30
56	11
56	34
56	93
56	92
56	4
56	59
56	8
56	56
56	63
56	19
56	70
56	32
56	81
56	86
56	99
56	16
56	48
56	64
57	62
57	13
57	22
57	100
57	90
57	17
57	74
57	98
58	29
58	23
59	69
59	50
59	53
59	71
59	26
59	61
59	2
59	68
59	25
59	47
59	12
59	41
59	45
59	31
59	6
59	55
59	36
60	24
60	96
60	7
60	1
60	40
60	76
60	95
60	54
60	78
60	88
60	77
60	82
60	85
60	79
60	75
60	84
60	73
60	21
60	87
60	49
60	3
60	10
60	51
60	60
60	38
61	33
61	42
61	11
61	30
61	93
61	34
61	56
61	92
61	8
61	63
61	19
61	70
61	4
61	59
61	32
61	81
61	86
61	16
61	99
61	48
61	64
62	62
62	13
62	22
62	17
62	90
62	100
62	74
62	98
63	29
63	23
63	26
63	45
63	61
63	69
63	71
64	50
64	53
64	2
64	68
64	25
64	47
64	12
64	41
64	31
64	6
64	55
64	36
65	24
65	78
65	82
65	60
65	49
65	73
65	95
65	54
65	51
65	85
65	79
65	1
65	88
65	84
65	21
65	77
65	87
66	81
66	70
66	93
66	34
66	86
66	63
66	11
66	99
66	33
66	92
66	38
66	8
66	59
66	16
66	56
66	10
66	30
66	4
66	76
66	40
66	75
66	32
66	7
66	3
66	42
66	64
66	19
67	62
67	13
67	96
67	48
67	100
67	90
67	69
67	22
67	17
67	74
67	98
68	29
68	23
68	26
68	61
68	45
68	71
69	53
69	6
69	47
69	50
69	25
69	2
69	41
69	68
69	55
69	12
69	36
70	24
70	31
70	96
70	40
70	7
70	1
70	76
70	95
70	88
70	84
70	77
70	79
70	85
70	21
70	78
70	54
70	75
70	82
70	73
70	51
70	49
70	87
70	3
70	60
70	10
70	38
71	33
71	56
71	30
71	42
71	11
71	93
71	34
71	92
71	63
71	4
71	59
71	70
71	8
71	19
71	32
71	81
71	48
71	86
71	99
71	16
71	64
72	13
72	22
72	69
72	100
72	17
72	62
72	90
72	74
72	98
73	29
73	23
73	26
73	45
73	61
73	71
74	50
74	53
74	68
74	47
74	25
74	2
74	31
74	41
74	12
74	6
74	36
75	55
75	24
75	96
75	1
75	40
75	7
75	76
75	95
75	21
75	77
75	54
75	82
75	84
75	88
75	78
75	85
75	79
75	75
75	73
75	3
75	49
75	87
75	10
75	51
75	60
75	38
76	33
76	42
76	34
76	93
76	30
76	11
76	8
76	63
76	92
76	4
76	59
76	19
76	70
76	56
76	81
76	48
76	86
76	99
76	16
76	32
76	64
77	13
77	22
77	100
77	17
77	69
77	90
77	62
77	74
77	98
78	29
78	23
78	26
78	45
78	61
78	71
79	50
79	53
79	68
79	47
79	2
79	25
79	31
79	12
79	41
79	6
79	55
80	20
80	36
80	96
81	95
81	38
81	60
81	87
81	85
81	79
81	88
81	51
81	21
81	49
81	3
81	77
81	40
81	48
81	70
81	84
81	56
81	34
81	64
81	75
81	42
81	8
81	32
81	63
81	10
82	93
82	82
82	78
82	24
82	7
82	1
82	54
82	86
82	59
82	99
82	62
82	81
82	13
82	19
82	11
82	4
82	92
82	76
82	22
82	100
82	17
82	90
82	69
82	30
82	33
82	16
82	74
82	73
82	98
83	29
83	23
83	26
83	45
83	61
83	71
84	53
84	50
84	68
84	47
84	25
84	12
84	41
84	2
84	31
84	6
84	55
85	96
85	7
85	24
85	20
85	36
85	76
85	95
85	54
85	1
85	85
85	82
85	3
85	75
85	73
85	88
85	84
85	78
85	77
85	10
85	87
85	49
85	79
85	51
85	60
85	40
85	38
86	42
86	33
86	21
86	11
86	30
86	34
86	93
86	92
86	4
86	59
86	8
86	63
86	19
86	70
86	56
86	86
86	99
86	16
86	32
86	81
86	48
86	64
87	62
87	13
87	22
87	100
87	17
87	90
87	69
87	74
87	98
88	29
88	23
88	26
88	45
88	61
88	71
89	53
89	50
89	68
89	15
89	47
89	31
89	2
89	25
89	41
89	6
89	12
89	55
89	36
90	20
90	24
90	96
90	40
90	1
90	49
90	95
90	21
90	77
90	84
90	82
90	7
90	76
90	88
90	78
90	54
90	75
90	73
90	3
90	79
90	87
90	10
90	85
90	60
90	51
90	38
91	33
91	42
91	30
91	34
91	93
91	11
91	92
91	56
91	63
91	4
91	59
91	8
91	48
91	19
91	32
91	81
91	70
91	86
91	99
91	16
91	64
92	62
92	13
92	22
92	100
92	17
92	90
92	69
92	74
92	98
93	29
93	23
94	53
94	71
94	26
94	61
94	45
94	68
94	15
94	50
94	31
94	2
94	47
94	25
94	41
94	12
94	6
94	55
94	36
95	20
95	24
95	96
95	40
95	7
95	1
95	21
95	82
95	84
95	49
95	76
95	54
95	77
95	95
95	88
95	78
95	75
95	73
95	79
95	85
95	10
95	87
95	3
95	51
95	60
95	38
96	33
96	42
96	30
96	34
96	93
96	11
96	63
96	4
96	59
96	8
96	19
96	70
96	56
96	92
96	48
96	81
96	32
96	86
96	16
96	99
97	22
97	17
97	62
97	13
97	100
97	64
97	90
98	69
98	74
98	29
98	98
98	45
98	61
99	41
99	26
99	2
99	53
99	50
99	25
99	15
99	68
99	31
99	47
99	6
99	23
99	71
99	12
99	55
99	36
100	20
100	24
100	96
100	1
100	49
100	76
100	77
100	21
100	54
100	7
100	82
100	84
100	95
100	78
100	88
100	40
100	75
100	51
100	79
100	85
100	73
100	87
100	10
100	3
100	60
101	93
101	33
101	42
101	11
101	30
101	34
101	92
101	59
101	8
101	56
101	38
101	4
101	19
101	63
101	70
101	81
101	16
101	99
101	32
101	86
101	48
101	64
102	62
102	13
102	22
102	100
102	17
102	90
102	69
102	74
102	98
103	29
103	23
103	71
103	26
104	50
104	45
104	61
104	53
104	68
104	15
104	2
104	47
104	12
104	31
104	41
104	25
104	6
104	55
104	36
105	20
105	24
105	96
105	40
105	7
105	1
105	49
105	76
105	21
105	54
105	84
105	82
105	88
105	78
105	95
105	77
105	73
105	75
105	79
105	85
105	51
105	10
105	87
105	3
105	38
106	33
106	42
106	30
106	34
106	93
106	11
106	4
106	8
106	92
106	59
106	19
106	70
106	56
106	63
106	32
106	81
106	48
106	86
106	99
106	16
106	64
107	62
107	13
107	100
107	17
107	90
107	69
107	22
107	74
107	98
108	29
108	23
108	45
108	61
108	26
108	71
109	53
109	50
109	68
109	47
109	12
109	31
109	2
109	25
109	41
109	15
109	6
109	55
110	36
110	20
110	24
110	96
110	40
110	7
110	1
110	49
110	76
110	95
110	21
110	82
110	54
110	84
110	88
110	78
110	75
110	77
110	79
110	85
110	73
110	89
110	3
110	10
110	87
110	51
110	38
111	33
111	42
111	60
111	30
111	34
111	93
111	11
111	4
111	92
111	59
111	8
111	19
111	56
111	48
111	32
111	81
111	63
111	70
111	86
111	99
111	16
112	62
112	64
112	90
112	69
113	74
113	98
113	17
113	100
113	22
113	58
113	29
113	13
113	83
113	23
113	26
113	61
113	45
113	71
114	53
114	50
114	27
114	15
114	68
114	47
114	31
114	2
114	25
114	41
114	12
114	6
115	20
115	1
115	24
115	55
115	36
115	49
115	76
115	95
115	21
115	77
115	82
115	54
115	84
115	40
115	7
115	88
115	78
115	96
115	75
115	85
115	79
115	73
115	3
115	89
115	10
115	87
115	51
115	60
116	38
116	33
116	42
116	11
116	30
116	34
116	92
116	16
116	4
116	18
116	59
116	86
116	32
116	48
116	70
116	63
116	66
116	93
116	19
116	81
116	14
116	99
116	56
116	64
117	8
117	62
117	13
117	65
117	58
117	90
117	69
117	22
117	100
117	17
117	74
117	98
118	29
118	28
118	44
118	83
118	23
118	26
118	45
118	61
118	71
119	53
119	50
119	68
119	27
119	47
119	25
119	12
119	41
119	15
119	2
119	31
119	6
119	55
119	36
120	20
120	24
120	96
120	7
120	1
120	49
120	76
120	77
120	40
120	95
120	21
120	54
120	82
120	88
120	84
120	78
120	75
120	85
120	87
120	3
120	79
120	73
120	10
120	51
120	89
120	60
121	38
121	42
121	33
121	34
121	30
121	93
121	11
121	4
121	92
121	59
121	8
121	19
121	86
121	56
121	32
121	16
121	48
121	63
121	99
121	81
121	18
121	70
121	14
121	64
122	62
122	13
122	66
122	65
122	58
122	22
122	100
122	17
122	90
122	69
122	74
122	98
123	29
123	9
123	44
123	28
123	83
123	35
123	23
123	26
123	45
123	61
123	71
124	50
124	53
124	68
124	27
124	15
124	31
124	2
124	12
124	47
124	25
124	41
124	6
124	37
124	55
125	57
125	20
125	36
125	24
125	96
125	40
125	76
125	1
125	85
125	49
125	95
125	77
125	21
125	54
125	82
125	7
125	88
125	78
125	79
125	84
125	73
125	75
125	3
125	89
125	46
125	87
125	10
125	51
125	60
126	33
126	38
126	42
126	11
126	34
126	30
126	93
126	4
126	59
126	19
126	56
126	63
126	48
126	32
126	81
126	86
126	91
126	70
126	92
126	16
126	66
126	8
126	18
126	14
126	99
126	64
126	94
126	5
127	62
127	58
127	13
127	65
127	43
127	100
127	17
127	90
127	69
127	22
127	74
127	39
127	98
128	29
128	9
128	44
128	28
128	83
129	35
129	23
129	53
129	26
129	71
129	45
129	61
129	50
129	47
129	12
129	25
129	37
129	31
129	2
129	6
129	27
129	15
130	55
130	96
130	24
130	40
130	41
130	20
130	7
130	85
130	77
130	84
130	95
130	54
130	21
130	57
130	76
130	1
130	88
130	78
130	75
130	79
130	68
130	73
130	46
130	97
130	49
130	3
130	89
130	10
130	87
130	36
130	82
130	51
130	60
131	38
131	33
131	42
131	67
131	11
131	34
131	93
131	30
131	56
131	4
131	92
131	59
131	8
131	63
132	81
132	66
132	43
132	48
132	64
132	32
132	91
132	58
132	14
132	5
132	70
132	19
132	65
132	17
132	16
132	99
132	13
132	90
132	69
132	86
132	62
132	74
132	22
132	94
132	39
132	18
132	100
132	98
133	44
133	28
133	9
133	29
133	83
133	35
133	45
133	61
133	23
133	26
133	71
134	53
134	50
134	68
134	27
134	25
134	47
134	12
134	41
134	2
134	31
134	15
134	6
134	37
134	55
134	36
135	20
135	57
135	24
135	96
135	40
135	7
135	1
135	49
135	76
135	82
135	84
135	54
135	88
135	78
135	95
135	79
135	3
135	77
135	75
135	97
135	87
135	85
135	21
135	89
135	10
135	46
135	51
135	60
135	73
136	38
136	33
136	42
136	67
136	80
136	34
136	30
136	11
136	93
136	4
136	59
136	8
136	63
136	56
136	48
136	19
136	92
136	32
136	70
136	81
136	91
136	86
136	18
136	52
136	16
136	99
136	14
136	94
136	64
136	5
137	66
137	62
137	13
137	43
137	65
137	58
137	22
137	100
137	69
137	90
137	17
137	74
137	39
137	98
138	29
138	9
138	28
138	44
138	83
138	35
138	26
138	61
138	45
138	71
139	53
139	50
139	23
139	68
139	47
139	2
139	27
139	41
139	25
139	31
139	12
139	15
139	6
139	37
139	55
139	36
140	57
140	20
140	24
140	96
140	40
140	7
140	1
140	49
140	95
140	54
140	88
140	84
140	82
140	78
140	85
140	76
140	21
140	79
140	75
140	89
140	73
140	46
140	77
140	97
140	51
140	87
140	3
140	10
140	60
141	38
141	33
141	42
141	67
141	80
141	34
141	93
141	30
141	11
141	56
141	4
141	59
141	8
141	92
141	19
141	70
141	63
141	48
141	99
141	32
141	81
141	91
141	86
141	52
141	16
141	66
141	18
141	14
141	64
141	5
142	94
142	62
142	13
142	43
142	65
142	58
142	22
142	100
142	17
142	69
142	90
142	74
142	39
142	98
143	9
143	44
143	28
143	83
143	29
143	26
143	23
143	45
143	35
143	71
144	53
144	61
144	50
144	27
144	68
144	25
144	47
144	12
144	41
144	2
144	15
144	31
144	72
144	6
144	37
144	55
145	20
145	21
145	73
145	3
145	85
145	96
145	24
145	40
145	49
145	1
145	10
145	51
145	84
145	36
145	60
145	75
145	88
145	97
145	95
145	79
145	82
145	57
145	7
145	78
145	76
145	89
145	54
146	38
146	77
146	46
146	33
146	87
146	67
146	42
146	80
146	34
146	30
146	93
146	11
146	4
146	59
146	19
146	56
146	48
146	63
146	70
146	81
146	86
146	52
146	8
146	16
146	91
146	99
146	32
146	66
146	18
146	14
147	5
147	94
147	62
147	92
147	64
147	65
147	58
147	13
147	43
147	90
147	69
147	22
147	17
147	100
147	74
147	39
148	98
148	44
148	28
148	29
148	9
148	83
148	35
148	23
148	26
148	45
148	61
148	71
149	50
149	53
149	27
149	68
149	25
149	31
149	2
149	12
149	41
149	47
149	15
149	72
149	6
149	37
149	55
150	57
150	20
150	36
150	24
150	96
150	1
150	49
150	76
150	40
150	95
150	7
150	77
150	54
150	82
150	78
150	84
150	88
150	75
150	85
150	79
150	97
150	51
150	73
150	21
150	89
150	3
150	87
150	46
150	60
150	10
151	38
151	42
151	33
151	67
151	80
151	34
151	30
151	93
151	11
151	4
151	59
151	19
151	70
151	48
151	86
151	52
151	63
151	56
151	8
151	16
151	99
151	32
151	81
151	91
151	18
151	66
151	94
151	14
151	92
151	64
151	5
152	13
152	43
152	62
152	65
152	58
152	22
152	100
152	69
152	90
152	17
152	74
152	39
152	98
153	29
153	9
153	28
153	44
153	83
153	35
153	26
153	45
153	61
153	23
153	71
154	53
154	50
154	27
154	68
154	25
154	15
154	2
154	12
154	72
154	41
154	6
154	31
154	37
154	47
154	55
154	36
155	20
155	57
155	24
155	96
155	40
155	1
155	49
155	7
155	76
155	21
155	95
155	77
155	88
155	84
155	54
155	82
155	75
155	85
155	79
155	73
155	97
155	46
155	89
155	78
155	51
155	60
155	10
155	87
155	3
156	38
156	33
156	42
156	80
156	67
156	34
156	93
156	11
156	30
156	4
156	59
156	19
156	70
156	56
156	63
156	32
156	81
156	86
156	48
156	52
156	8
156	91
156	66
156	99
156	18
156	14
156	92
156	16
156	94
156	5
157	64
157	13
157	62
157	43
157	65
157	58
157	22
157	17
157	100
157	69
157	90
157	74
157	39
157	98
158	29
158	9
158	28
158	44
158	83
159	35
159	23
159	47
159	71
159	25
159	26
159	41
159	50
159	12
159	15
159	27
159	68
159	31
159	53
159	61
159	72
159	45
159	2
159	6
159	37
159	55
159	36
160	20
160	57
160	24
160	96
160	40
160	1
160	95
160	79
160	85
160	54
160	82
160	75
160	46
160	84
160	97
160	49
160	3
160	7
160	87
160	88
160	76
160	51
160	10
160	60
160	78
161	38
161	77
161	33
161	42
161	56
161	67
161	4
161	34
161	30
161	93
161	80
161	11
162	86
162	19
162	14
162	64
162	70
162	81
162	32
162	66
162	94
162	48
162	62
162	59
162	91
162	5
162	58
162	8
162	43
162	22
162	65
162	99
162	16
162	69
162	63
162	74
162	90
162	89
162	18
162	100
162	17
163	13
163	28
163	21
163	98
163	9
163	44
163	52
163	29
163	73
163	39
163	92
163	83
163	35
163	23
163	45
163	61
163	26
163	71
164	53
164	50
164	27
164	15
164	68
164	31
164	2
164	12
164	47
164	41
164	72
164	25
164	6
164	37
164	36
165	20
165	57
165	24
165	96
165	55
165	40
165	49
165	76
165	21
165	95
165	77
165	88
165	54
165	82
165	78
165	84
165	85
165	79
165	75
165	1
165	73
165	3
165	7
165	89
165	46
165	97
165	51
165	10
165	87
165	60
166	38
166	33
166	67
166	80
166	11
166	34
166	93
166	30
166	42
166	56
166	59
166	4
166	19
166	70
166	8
166	32
166	81
166	63
166	91
166	18
166	48
166	52
166	86
166	16
166	14
166	99
166	66
166	94
166	64
166	5
167	62
167	92
167	13
167	65
167	58
167	43
167	69
167	90
167	22
167	17
167	74
167	100
167	39
167	98
168	29
168	28
168	44
168	9
168	83
168	23
168	26
168	45
168	61
168	35
168	71
169	53
169	50
169	27
169	68
169	25
169	47
169	41
169	15
169	2
169	31
169	12
169	72
169	6
169	37
169	55
169	36
170	20
170	57
170	24
170	96
170	40
170	7
170	1
170	21
170	95
170	54
170	82
170	49
170	77
170	88
170	84
170	78
170	76
170	85
170	79
170	75
170	73
170	3
170	46
170	97
170	89
170	51
170	10
170	87
170	60
171	38
171	33
171	42
171	67
171	34
171	93
171	56
171	11
171	80
171	30
171	4
171	8
171	59
171	63
171	70
171	92
171	19
171	32
171	81
171	86
171	48
171	66
171	99
171	91
171	18
171	14
171	94
171	52
172	5
172	16
172	62
172	13
172	64
172	43
172	58
172	65
172	17
172	90
172	69
172	22
172	100
172	74
172	39
172	98
173	29
173	9
173	28
173	44
176	56
176	93
176	23
176	38
176	34
176	53
176	57
176	11
176	10
176	54
176	84
176	73
176	76
176	47
176	85
176	72
176	24
176	20
176	71
176	37
176	50
176	33
176	45
176	61
176	3
176	60
176	77
176	97
176	46
176	36
176	15
176	8
176	27
176	68
176	40
176	30
176	31
176	4
176	7
176	99
176	12
176	16
176	14
176	19
176	51
176	92
176	18
176	81
176	67
176	94
176	66
176	91
176	59
176	80
176	35
177	58
177	69
177	65
177	83
177	52
177	75
177	62
177	17
177	64
177	96
177	87
177	42
177	100
177	79
177	13
177	74
177	26
177	95
177	86
177	90
177	48
177	22
177	1
177	89
177	70
177	63
177	39
177	25
177	21
177	78
177	32
177	49
177	55
177	88
177	82
177	41
177	5
177	98
178	6
178	29
178	9
178	28
178	44
178	2
178	43
178	83
178	35
178	23
178	26
178	61
178	45
179	71
179	50
179	53
179	27
179	68
179	25
179	12
179	47
179	41
179	31
179	2
179	15
179	72
179	6
179	37
179	55
180	57
180	20
180	36
180	24
180	96
180	1
180	40
180	49
180	76
180	21
180	95
180	77
180	54
180	82
180	84
180	88
180	78
180	75
180	3
180	73
180	85
180	79
180	7
180	97
180	89
180	46
180	51
180	87
180	10
180	60
181	38
181	33
181	42
181	67
181	80
181	34
181	30
181	93
181	11
181	4
181	59
181	19
181	81
181	8
181	48
181	52
181	16
181	99
181	66
181	18
181	63
181	70
181	92
181	91
181	86
181	56
181	14
181	94
181	32
181	64
182	5
182	62
182	13
182	58
182	65
182	43
182	69
182	90
182	22
182	100
182	17
182	74
182	39
182	98
183	29
183	9
183	28
183	44
183	83
183	35
183	23
183	26
183	45
183	61
183	71
184	53
184	50
184	27
184	68
184	25
184	12
184	47
184	41
184	15
184	31
184	2
184	72
184	6
184	37
184	55
184	36
185	20
185	57
185	24
185	96
185	40
185	7
185	1
185	49
185	76
185	21
185	95
185	77
185	88
185	84
185	82
185	78
185	75
185	54
185	73
185	3
185	89
185	97
185	46
185	79
185	85
185	60
185	10
185	87
185	51
186	38
186	42
186	33
186	80
186	34
186	30
186	93
186	11
186	56
186	67
186	4
186	59
186	19
186	70
186	63
186	48
186	52
186	8
186	92
186	16
186	99
186	32
186	86
186	66
186	91
186	18
186	14
186	81
186	94
187	5
187	64
187	62
187	13
187	65
187	43
187	58
187	22
187	17
187	100
187	69
187	90
187	74
187	39
187	98
188	29
188	9
188	28
188	44
188	83
189	71
189	45
189	61
189	53
189	50
189	27
189	68
189	23
189	41
189	25
189	15
189	31
189	2
189	72
189	12
189	47
189	35
189	6
189	37
189	26
189	55
189	36
190	20
190	57
190	24
190	96
190	40
190	7
190	1
192	48
192	32
192	8
192	14
192	93
192	59
192	84
192	52
192	87
192	58
192	21
192	95
192	65
192	38
192	64
192	91
192	34
192	67
192	56
192	11
192	54
192	22
192	10
192	97
192	17
192	4
192	69
192	85
192	92
192	76
192	42
192	3
192	89
192	99
192	30
192	88
192	13
192	77
192	79
192	94
192	16
192	19
192	60
192	62
192	81
192	43
192	51
192	75
192	70
192	18
192	78
192	74
192	46
192	49
192	86
192	39
192	73
192	82
192	80
192	33
192	5
192	90
192	66
192	100
192	63
192	98
193	28
193	44
193	29
193	9
194	71
194	45
194	61
194	50
194	83
194	23
194	35
194	53
194	27
194	68
194	25
194	26
194	12
194	47
194	41
194	2
194	15
194	31
194	72
194	6
194	37
194	55
194	36
195	20
195	57
195	24
195	96
195	40
195	7
195	1
195	49
195	76
195	95
195	21
195	77
195	54
195	82
195	84
195	75
195	79
195	85
195	88
195	78
195	3
195	73
196	4
196	30
196	32
196	11
196	56
196	34
196	10
196	87
196	63
196	97
196	8
196	59
196	93
196	48
196	99
196	46
196	33
196	70
196	60
196	91
196	42
196	52
196	14
196	18
196	51
196	81
196	94
196	38
196	16
196	64
196	86
197	5
197	19
197	80
197	62
197	13
197	92
197	67
197	58
197	65
197	22
197	17
197	100
197	69
197	90
197	43
197	66
197	74
197	39
197	89
197	98
198	9
198	28
198	44
198	29
198	83
198	35
198	45
198	61
198	23
198	26
198	71
199	50
199	53
199	27
199	68
199	25
199	12
199	31
199	47
199	41
199	72
199	15
199	2
199	6
199	37
199	55
199	36
200	20
200	57
200	24
200	96
200	7
200	1
200	95
200	21
200	77
200	54
200	82
200	84
200	49
200	40
200	88
200	78
200	85
200	79
200	75
200	76
200	97
200	46
200	89
200	3
200	73
200	51
200	10
200	87
200	60
201	38
201	33
201	42
201	67
201	34
201	30
201	93
201	11
201	56
201	4
201	63
201	19
201	70
201	59
201	48
201	80
201	32
201	81
201	99
201	86
201	8
201	91
201	16
201	52
201	92
201	18
201	14
201	66
201	94
201	64
202	5
202	62
202	13
202	65
202	43
202	58
202	22
202	17
202	100
202	69
202	90
202	74
202	39
202	98
203	29
203	9
203	28
203	44
203	83
203	23
203	35
203	26
203	45
203	61
204	71
204	53
204	50
204	12
204	47
204	2
204	15
204	31
204	27
204	25
204	72
204	68
204	41
204	37
204	6
204	55
204	36
205	20
205	57
205	24
205	96
205	7
205	1
205	49
205	40
205	76
205	95
205	21
205	77
205	54
205	82
205	88
205	78
205	84
205	3
205	73
205	75
205	46
205	85
205	79
205	97
205	51
205	89
205	60
205	87
205	10
206	38
206	33
206	42
206	67
206	11
206	80
206	34
206	30
206	93
206	56
206	4
206	59
206	63
206	19
206	70
206	48
206	8
206	32
206	81
206	92
206	86
206	91
206	52
206	66
206	99
206	18
206	14
206	16
206	94
206	64
207	62
207	13
207	43
207	5
207	58
207	65
207	22
207	17
207	100
207	69
207	90
207	74
207	39
207	98
208	29
208	9
208	28
208	44
208	83
208	35
208	23
208	26
208	45
208	61
208	71
209	53
209	50
209	27
209	68
209	25
209	12
209	47
209	41
209	15
209	31
209	2
209	72
209	6
209	37
209	55
209	36
210	20
210	57
210	24
210	96
210	40
210	1
210	7
210	49
210	76
210	95
210	21
210	54
210	84
210	82
210	77
210	88
210	78
210	79
210	75
210	85
210	3
210	73
210	46
210	51
210	89
210	97
210	87
210	10
210	60
211	38
211	33
211	42
211	67
211	56
211	80
211	30
211	34
211	11
211	93
211	63
211	59
211	19
211	8
211	92
211	4
211	32
211	81
211	52
211	48
211	70
211	91
211	16
211	86
211	66
211	99
211	14
211	18
211	94
211	64
212	5
212	62
212	13
212	65
212	43
212	58
212	90
212	22
212	17
212	69
212	100
212	74
212	39
212	98
213	29
213	9
213	28
213	44
213	83
213	35
213	61
213	45
213	23
213	26
213	71
214	53
214	50
214	27
214	68
214	25
214	15
214	2
214	31
214	12
214	72
214	47
214	41
214	6
214	37
214	55
214	36
215	20
215	24
215	57
215	96
215	7
215	40
215	1
215	49
215	76
215	95
215	21
215	84
215	77
215	54
215	78
215	82
215	75
215	88
215	79
215	85
215	3
215	10
215	97
215	89
215	73
215	51
215	46
215	60
215	87
216	38
216	33
216	42
216	67
216	34
216	93
216	80
216	30
216	11
216	56
216	4
216	63
216	59
216	32
216	81
216	70
216	19
216	52
216	16
216	48
216	92
216	99
216	66
216	8
216	86
216	18
216	14
216	94
216	91
216	64
217	5
217	62
217	13
217	65
217	43
217	58
217	17
217	100
217	69
217	90
217	74
217	22
217	39
217	98
218	29
218	9
218	28
218	44
218	83
218	23
218	26
218	45
218	61
218	35
219	71
219	53
219	50
219	27
219	68
219	15
219	25
219	2
219	31
219	12
219	47
219	41
219	72
219	6
219	37
219	55
219	36
220	20
220	57
220	24
220	96
220	7
220	1
220	54
220	82
220	76
220	40
220	21
220	78
220	49
220	95
220	84
220	88
220	79
220	3
220	73
220	75
220	77
220	97
220	89
220	10
220	46
220	51
220	60
220	85
220	87
221	38
221	42
221	33
221	67
221	80
221	34
221	30
221	11
221	93
221	56
221	4
221	63
221	59
221	19
221	8
221	92
221	70
221	48
221	32
221	81
221	99
221	91
221	16
221	52
221	86
221	66
221	14
221	94
221	64
222	5
222	62
222	13
222	43
222	58
222	65
222	18
222	22
222	100
222	69
222	90
222	17
223	29
223	74
223	9
223	44
223	28
223	98
223	39
223	83
225	24
225	50
225	55
225	26
225	71
225	40
225	53
225	41
225	47
225	45
225	15
225	1
225	61
225	76
225	77
225	25
225	6
225	23
225	95
225	68
225	21
225	82
225	31
225	84
225	75
225	97
225	20
225	60
225	35
226	2
226	38
226	73
226	87
226	10
226	51
226	88
226	85
226	33
226	3
226	81
226	19
226	46
226	70
226	48
226	86
226	42
226	34
226	52
226	93
226	99
226	32
226	66
226	72
226	92
226	11
226	80
226	36
226	4
226	30
226	8
226	37
226	91
226	79
226	96
226	12
226	54
226	94
226	16
226	14
226	7
226	78
226	67
226	57
226	64
227	5
227	49
227	18
227	89
227	62
227	13
227	43
227	63
227	59
227	65
227	58
227	27
227	56
227	22
227	17
227	69
227	90
227	100
227	74
227	39
227	98
228	29
228	9
228	28
228	44
228	83
228	23
228	26
228	45
228	35
228	71
229	53
229	61
229	50
229	68
229	25
229	47
229	41
229	12
229	15
229	27
229	72
229	2
229	6
229	31
229	37
229	55
230	57
230	36
230	20
230	24
230	7
230	40
230	96
230	1
230	76
230	49
230	95
230	21
230	77
230	54
230	84
230	82
230	88
230	78
230	75
230	85
230	79
230	3
230	73
230	10
230	97
230	46
230	51
230	87
230	89
230	60
231	38
231	33
231	42
231	80
231	67
231	34
231	30
231	56
231	93
231	11
231	4
231	63
231	59
231	19
231	70
231	8
231	32
231	81
231	52
231	16
231	48
231	91
231	66
231	86
231	18
231	99
231	14
231	94
231	64
232	5
232	92
232	62
232	65
232	13
232	58
232	100
232	69
232	90
232	43
232	22
232	17
232	74
232	39
232	98
233	29
233	9
233	28
233	44
233	83
233	23
233	26
233	45
233	61
233	35
234	71
234	53
234	50
234	27
234	68
234	25
234	12
234	41
234	47
234	15
234	31
234	2
234	72
234	6
234	37
234	55
234	36
235	57
235	20
235	24
235	96
235	1
235	49
235	40
235	76
235	21
235	95
235	7
235	77
235	88
235	54
235	78
235	82
235	84
235	3
235	75
235	85
235	73
235	79
235	89
235	97
235	46
235	51
235	60
235	87
235	10
236	38
236	42
236	33
236	80
236	34
236	30
236	93
236	56
236	11
236	67
236	4
236	63
236	59
236	19
236	70
236	8
236	48
236	92
236	32
236	81
236	16
236	52
236	18
236	66
236	91
236	86
236	99
236	14
236	94
236	64
237	62
237	13
237	43
237	5
237	58
237	65
237	22
237	17
237	100
237	69
237	90
237	74
237	39
237	98
238	29
238	9
238	28
238	44
238	83
238	35
238	23
238	26
238	45
238	61
238	71
239	25
239	72
239	37
239	12
239	53
239	31
239	15
239	50
239	68
239	2
239	27
239	47
239	41
239	55
239	6
239	36
240	20
240	57
240	24
240	96
240	7
240	40
240	1
240	49
240	76
240	95
240	21
240	77
240	54
240	84
240	82
240	88
240	78
240	79
240	85
240	3
241	11
241	4
241	81
241	38
241	75
241	42
241	60
241	33
241	67
241	91
241	52
241	32
241	10
241	48
241	87
241	63
241	59
241	97
241	86
241	46
241	16
241	70
241	8
241	30
241	56
241	99
241	34
241	93
241	66
241	80
241	14
241	51
241	18
241	94
241	89
241	64
242	5
242	62
242	13
242	65
242	43
242	58
242	73
242	22
242	100
242	69
242	90
242	17
242	39
242	74
242	19
242	92
242	98
243	29
243	9
243	28
243	44
243	83
243	23
243	26
243	45
243	61
243	35
243	71
244	53
244	50
244	2
244	12
244	47
244	41
244	15
244	68
244	27
244	25
244	31
244	72
244	6
244	37
244	55
245	36
245	20
245	24
245	96
245	57
245	21
245	95
245	54
245	84
245	77
245	82
245	49
245	40
245	76
245	7
245	88
245	78
245	1
245	85
245	79
245	3
245	73
245	97
245	46
245	89
245	51
245	60
246	10
246	75
246	38
246	33
246	42
246	80
246	67
246	30
246	34
246	93
246	56
246	87
246	11
246	4
246	59
246	63
246	19
246	70
246	32
246	81
246	91
246	52
246	8
246	48
246	16
246	66
246	99
246	86
246	18
246	14
246	94
246	92
246	64
247	5
247	62
247	65
247	13
247	58
247	22
247	69
247	90
247	43
247	17
247	100
247	74
247	39
247	98
248	29
248	9
248	28
248	44
248	83
248	26
248	35
248	45
248	61
248	23
249	53
249	71
249	50
249	2
249	27
249	25
249	12
249	47
249	41
249	15
249	68
249	31
249	72
249	37
249	6
249	55
250	36
250	20
250	24
250	96
250	57
250	7
250	40
250	1
250	21
250	77
250	54
250	82
250	49
250	76
250	95
250	88
250	78
250	84
250	75
250	3
250	73
250	85
250	79
250	46
250	10
250	87
250	60
250	89
250	51
251	97
251	38
251	33
251	11
251	42
251	67
251	30
251	34
251	93
251	80
251	4
251	59
251	56
251	63
251	70
251	19
251	48
251	32
251	81
251	92
251	8
251	52
251	16
251	99
251	66
251	18
251	86
251	91
251	14
251	94
252	5
252	64
252	62
252	13
252	43
252	65
252	58
252	22
252	17
252	100
252	69
252	90
252	74
252	39
252	98
253	29
253	9
253	44
253	28
253	83
253	35
253	23
253	26
253	45
253	61
253	71
254	53
254	37
254	12
254	72
254	47
254	41
254	31
254	6
254	15
254	50
254	68
254	2
254	25
254	55
255	36
255	20
255	57
255	24
255	96
255	27
255	7
255	40
255	1
255	49
255	76
255	95
255	21
255	77
255	54
255	82
255	88
255	78
255	84
255	75
255	85
255	79
255	3
255	73
255	46
255	51
255	60
255	97
255	10
255	87
256	89
256	38
256	33
256	42
256	11
256	80
256	34
256	30
256	93
256	67
256	4
256	59
256	56
256	63
256	19
256	8
256	32
256	81
256	70
256	52
256	66
256	64
256	48
257	16
257	39
257	5
257	58
257	43
257	62
257	65
257	14
257	69
257	99
257	91
257	74
257	13
257	92
257	17
257	86
257	94
257	98
258	18
258	9
258	28
258	44
258	22
258	29
258	90
258	100
258	83
259	53
259	23
259	71
259	26
259	35
259	45
259	61
259	2
259	27
259	68
259	50
259	25
259	12
259	41
259	47
259	31
259	15
259	72
259	6
259	37
259	55
260	36
260	20
260	24
260	96
260	40
260	57
260	1
260	49
260	76
260	7
260	21
260	77
260	95
260	54
260	84
260	82
260	88
260	78
260	75
260	79
260	85
260	73
260	3
260	46
260	51
260	89
260	97
260	60
260	87
260	10
261	38
261	33
261	11
261	67
261	42
261	30
261	34
261	93
261	80
261	56
261	4
261	63
261	59
261	19
261	70
261	48
261	32
261	81
261	8
261	52
261	92
261	16
261	86
261	66
261	99
261	18
261	14
261	91
261	94
261	64
262	62
262	13
262	43
262	5
262	65
262	22
262	17
262	100
262	69
262	90
262	58
262	74
262	39
262	98
263	29
263	9
263	28
263	44
263	83
263	35
263	23
263	26
263	45
263	61
263	71
264	53
264	50
264	2
264	12
264	47
264	41
264	27
264	31
264	15
264	68
264	72
264	25
264	37
264	6
264	55
265	36
265	20
265	24
265	96
265	57
265	7
265	40
265	1
265	76
265	21
265	77
265	54
265	84
265	82
265	49
265	78
265	88
265	95
265	85
265	79
265	73
265	3
265	75
265	46
265	97
265	51
265	87
265	10
265	89
265	60
266	38
266	33
266	67
266	42
266	11
266	80
266	30
266	34
266	93
266	56
266	4
266	59
266	70
266	63
266	19
266	32
266	81
266	52
266	8
266	48
266	99
266	66
266	18
266	91
266	92
266	86
266	16
266	14
266	94
266	64
267	5
267	62
267	13
267	43
267	65
267	58
267	22
267	17
267	100
267	90
267	69
267	74
267	39
267	98
268	29
268	9
268	28
268	44
268	83
268	35
268	23
268	26
268	61
268	45
268	71
269	53
269	50
269	2
269	68
269	27
269	25
269	12
269	47
269	41
269	15
269	31
269	72
269	6
269	37
269	55
270	36
270	20
270	57
270	24
270	96
270	7
270	1
271	46
271	97
271	78
271	67
271	49
271	40
271	33
271	51
271	38
271	60
271	11
271	95
271	21
271	10
271	30
271	77
271	88
271	82
271	93
271	80
271	42
271	85
271	79
271	4
271	34
271	59
271	87
271	54
271	84
271	19
271	70
271	56
271	73
271	8
271	75
271	63
271	48
271	89
271	32
271	81
271	3
271	52
271	16
271	99
271	76
271	91
271	92
271	86
271	66
271	18
271	94
271	14
271	64
272	65
272	100
272	43
272	69
272	58
272	13
272	39
272	5
272	17
272	22
272	62
272	90
272	74
272	98
273	29
273	9
273	28
273	44
273	83
273	35
273	23
273	26
273	45
273	61
273	71
274	53
274	50
274	2
274	68
274	27
274	25
274	12
274	31
274	41
274	15
274	72
274	47
274	6
274	37
274	55
275	20
275	57
275	24
275	36
275	96
275	7
275	40
275	1
275	49
275	77
275	54
275	84
275	82
275	76
275	95
275	21
275	88
275	75
275	85
275	79
275	78
275	3
275	73
275	46
275	87
275	10
275	97
275	60
275	89
275	51
276	33
276	11
276	42
276	38
276	67
276	56
276	30
276	80
276	34
276	93
276	59
276	4
276	63
276	70
276	19
276	8
276	32
276	92
276	48
276	16
276	99
276	52
276	66
276	18
276	86
276	81
276	91
276	14
277	5
277	94
277	64
277	62
277	65
277	58
277	22
277	17
277	100
277	13
277	69
277	90
277	43
277	74
277	39
277	98
278	29
278	44
278	9
278	28
278	83
278	45
278	23
278	35
278	26
278	71
278	61
279	53
279	50
279	2
279	68
279	27
279	25
279	12
279	41
279	15
279	47
279	31
279	72
279	6
279	37
279	55
280	36
280	20
280	57
280	24
280	96
280	49
280	7
280	1
280	21
280	77
280	84
280	82
280	54
280	76
280	85
280	40
280	88
280	78
280	95
280	75
280	73
280	79
280	3
280	51
280	46
280	89
280	97
281	87
281	10
281	38
281	60
281	33
281	11
281	42
281	67
281	93
281	56
281	80
281	30
281	34
281	4
281	59
281	19
281	70
281	63
281	8
281	32
281	81
281	52
281	48
281	16
281	99
281	92
281	66
281	86
281	18
281	91
281	14
281	94
281	64
282	5
282	62
282	13
282	43
282	65
282	58
282	22
282	69
282	90
282	17
282	100
282	74
282	39
282	98
283	29
283	9
283	44
283	28
283	83
283	23
283	35
283	26
283	45
283	61
283	71
284	50
284	53
284	2
284	68
284	27
284	25
284	15
284	47
284	37
284	6
284	72
284	41
286	96
286	78
286	7
286	79
286	87
286	3
286	95
286	10
286	97
286	11
286	49
286	30
286	33
286	40
286	36
286	80
286	12
286	1
286	93
286	76
286	20
286	24
286	21
286	46
286	84
286	85
286	60
286	38
286	82
286	42
286	67
286	54
286	88
286	56
286	75
286	77
286	59
286	51
286	31
286	19
286	57
286	70
286	63
286	34
286	89
286	48
286	8
286	92
286	55
286	32
286	81
286	4
286	52
286	16
286	99
286	73
286	91
286	66
286	86
286	18
286	14
286	94
286	64
287	5
287	62
287	65
287	13
287	43
287	90
287	17
287	100
287	69
287	22
287	39
287	58
287	74
288	9
288	28
288	98
288	29
288	44
288	26
288	61
288	45
288	83
288	23
288	71
289	53
289	50
289	35
289	2
289	68
289	27
289	25
289	12
289	41
289	31
289	15
289	72
289	47
289	6
289	37
289	55
290	36
290	20
290	24
290	57
290	96
290	7
290	1
290	49
290	77
290	82
290	84
290	76
290	40
290	95
290	88
290	21
290	54
290	78
290	46
290	75
290	73
290	85
290	51
290	3
290	79
290	10
290	89
290	97
290	87
290	60
291	42
291	38
291	33
291	11
291	80
291	30
291	34
291	93
291	4
291	63
291	59
291	19
291	70
291	56
291	32
291	81
291	8
291	48
291	16
291	52
291	67
291	91
291	86
291	99
291	18
291	92
291	14
291	66
291	94
291	64
292	5
292	62
292	65
292	13
292	43
292	58
292	17
292	100
292	90
292	69
292	22
292	74
292	39
292	98
293	29
293	9
293	28
293	44
293	83
294	27
294	68
294	45
294	25
294	23
294	47
294	26
294	71
294	2
294	41
294	53
294	61
294	15
294	35
294	31
294	50
294	72
294	12
294	37
294	6
294	55
295	36
295	20
295	57
295	96
295	24
295	7
295	40
295	1
295	49
295	95
295	21
295	77
295	76
295	88
295	78
295	82
295	84
295	54
295	75
295	46
295	85
295	73
295	3
295	79
295	97
295	10
295	51
295	89
295	87
295	60
296	38
296	11
296	42
296	33
296	93
296	80
296	30
296	34
296	56
296	4
296	59
296	63
296	19
296	70
296	67
296	32
296	48
296	8
296	86
296	81
296	16
296	92
296	99
296	52
296	18
296	66
296	14
296	91
296	94
296	64
297	5
297	62
297	65
297	13
297	43
297	58
297	69
297	90
297	22
297	17
297	100
297	74
297	39
297	98
298	29
298	9
298	28
298	44
298	83
298	35
298	61
298	23
298	26
298	45
299	53
299	50
299	2
299	68
299	27
299	25
299	31
299	12
299	47
299	41
299	72
299	15
300	6
300	20
300	37
300	36
300	24
300	57
300	3
300	40
300	82
300	46
300	88
300	95
300	21
300	54
300	51
300	77
300	55
300	75
300	7
300	76
300	79
300	10
300	85
300	78
300	49
300	97
300	89
300	73
300	84
300	96
300	87
300	60
300	1
301	38
301	33
301	11
301	42
301	80
301	30
301	34
301	93
301	56
301	4
301	59
301	67
301	63
301	19
301	70
301	48
301	32
301	81
301	52
301	99
301	86
301	91
301	16
301	8
301	92
301	66
301	18
301	14
301	94
301	64
302	5
302	62
302	13
302	43
302	65
302	58
302	22
302	17
302	100
302	69
302	90
302	74
302	39
302	98
303	29
303	9
303	44
303	28
303	83
303	35
303	23
303	26
303	45
303	61
304	50
304	72
304	12
304	47
304	41
304	2
304	31
304	68
304	53
304	25
304	6
304	37
304	27
304	55
304	15
305	36
305	20
305	24
305	57
305	96
305	7
305	40
305	1
305	49
305	76
305	95
305	21
305	88
305	78
305	84
305	82
305	85
305	75
305	54
305	79
305	77
305	3
305	46
305	73
305	97
305	51
305	10
305	89
305	60
305	87
306	33
306	11
306	42
306	38
306	80
306	34
306	30
306	93
306	56
306	4
306	67
306	63
306	59
306	19
306	70
306	48
306	32
306	81
306	86
306	8
306	16
306	92
306	91
306	52
306	99
306	18
306	14
306	94
307	66
307	5
307	64
307	62
307	13
307	43
307	65
307	22
307	17
307	100
307	69
307	90
307	58
307	74
307	39
307	98
308	29
308	44
308	28
308	9
308	83
308	35
308	23
308	26
308	45
308	61
309	50
309	53
309	2
309	68
309	27
309	25
309	47
309	41
309	15
309	31
309	72
309	12
309	6
309	37
309	55
310	57
310	36
310	20
310	24
310	96
310	7
310	40
310	1
310	95
310	21
310	77
310	82
310	85
310	49
310	84
310	78
310	76
310	88
310	54
310	75
310	79
310	46
310	73
310	89
310	3
310	10
310	51
310	97
310	87
310	60
311	38
311	33
311	11
311	42
311	80
311	30
311	34
311	93
311	56
311	4
311	59
311	67
311	19
311	70
311	63
311	48
311	32
311	8
311	99
311	81
311	52
311	91
311	18
311	86
311	16
311	92
311	66
311	14
312	5
312	64
312	94
312	62
312	13
312	43
312	58
312	65
312	22
312	17
312	100
312	69
312	90
312	74
312	39
312	98
313	29
313	9
313	28
313	44
313	83
313	35
313	61
313	23
313	26
314	53
314	45
314	50
314	2
314	47
314	41
314	15
314	68
314	31
314	25
314	27
314	72
314	12
314	6
314	37
314	55
315	57
315	20
315	24
315	96
315	36
316	7
316	75
316	46
316	49
316	33
316	40
316	51
316	60
316	54
316	3
316	11
316	1
316	21
316	77
316	82
316	97
316	84
316	78
316	42
316	88
316	95
317	80
317	19
317	8
317	73
317	16
317	59
317	38
317	52
317	62
317	4
317	87
317	91
317	14
317	43
317	85
317	30
317	65
317	66
317	13
317	92
317	76
317	58
317	99
317	32
317	34
317	67
317	93
317	64
317	74
317	56
317	81
317	17
317	48
317	10
317	5
317	69
317	94
317	22
317	79
318	18
318	98
318	39
318	29
318	70
318	9
318	44
318	28
318	89
318	90
318	100
318	83
318	45
319	53
319	50
319	63
319	61
319	23
319	25
319	27
319	47
319	41
319	15
319	68
319	31
319	72
319	12
319	6
319	37
319	26
319	2
319	35
319	86
319	55
320	36
320	20
320	24
320	57
320	96
320	7
320	40
320	1
320	77
320	82
320	84
320	85
320	49
320	54
320	95
320	21
320	88
320	78
320	76
320	75
320	3
320	46
320	79
320	73
320	10
320	51
320	89
320	97
320	87
320	60
321	38
321	42
321	33
321	11
321	80
321	34
321	93
321	30
321	4
321	59
321	63
321	19
321	70
321	8
321	92
321	48
321	67
321	56
321	32
321	81
321	52
321	16
321	99
321	66
321	18
321	14
321	91
321	86
321	64
321	94
322	5
322	62
322	13
322	43
322	65
322	58
322	22
322	90
322	17
322	100
322	69
322	74
322	39
322	98
323	29
323	9
323	44
323	28
323	83
323	23
323	26
323	45
323	35
323	61
324	50
324	2
324	68
324	25
324	27
324	31
324	12
324	47
324	41
324	15
324	72
324	6
324	37
324	55
325	36
325	20
325	57
325	24
325	96
325	7
325	49
325	40
325	76
325	95
325	21
325	77
325	78
325	54
325	82
325	88
325	84
325	1
325	85
325	75
325	3
325	46
325	73
325	51
325	87
325	79
325	10
325	89
325	97
325	60
326	38
326	33
326	11
326	42
326	30
326	34
326	93
326	80
326	56
326	4
326	59
326	67
326	19
326	70
326	63
326	48
326	52
326	92
326	16
326	32
326	81
326	91
326	99
326	18
326	8
326	66
326	14
326	86
326	94
326	64
327	5
327	62
327	13
327	43
327	65
327	58
327	22
327	17
327	100
327	69
327	90
327	74
327	39
327	98
328	29
328	9
328	44
328	28
328	83
329	26
329	45
329	61
329	50
329	23
329	35
329	2
329	47
329	41
329	68
329	15
329	27
329	25
329	12
329	72
329	31
329	6
329	37
329	55
330	36
330	20
330	57
330	24
330	96
330	7
330	40
330	1
330	49
330	76
330	95
330	21
330	77
330	54
330	82
330	84
330	78
330	88
330	85
330	75
330	3
330	46
330	79
330	73
330	10
330	51
331	52
331	56
331	81
331	59
331	86
331	63
331	97
331	94
331	14
331	48
331	93
331	92
331	42
331	4
331	33
331	30
331	34
331	16
331	87
331	32
331	8
331	80
331	11
331	99
331	38
331	67
331	89
331	18
331	64
331	60
332	19
332	5
332	66
332	62
332	13
332	43
332	91
332	58
332	65
332	22
332	17
332	100
332	69
332	90
332	70
332	74
332	39
332	98
333	29
333	9
333	44
333	28
333	83
333	35
333	23
333	26
333	45
333	61
334	2
334	41
334	15
334	47
334	68
334	37
334	25
335	57
335	55
335	96
335	50
335	12
335	36
335	24
335	6
335	7
335	20
335	1
335	49
335	76
335	40
335	95
335	31
335	21
335	77
335	54
335	82
335	85
335	75
335	79
335	3
335	72
335	88
335	78
335	84
335	46
335	51
335	87
335	10
335	89
335	97
336	73
336	42
336	33
336	27
336	60
336	11
336	38
336	80
336	30
336	34
336	93
336	56
336	4
336	59
336	67
336	63
336	19
336	70
336	48
336	32
336	81
336	8
336	92
336	52
336	16
336	66
336	99
336	86
336	14
336	18
336	64
337	5
337	91
337	94
337	62
337	13
337	43
337	65
337	58
337	69
337	90
337	17
337	22
337	100
337	74
337	39
337	98
338	29
338	9
338	44
338	28
338	83
338	35
338	23
338	26
338	45
338	61
339	50
339	2
339	25
339	27
339	12
339	47
339	68
339	41
339	15
339	31
339	72
339	6
339	37
339	55
340	36
340	20
340	24
340	57
340	96
340	7
340	40
340	49
340	76
340	1
340	95
340	21
340	77
340	54
340	78
340	82
340	84
340	88
340	79
340	46
340	73
340	3
340	85
340	75
340	10
340	51
340	97
340	89
341	87
341	60
341	33
341	11
341	42
341	38
341	80
341	30
341	34
341	93
341	56
341	4
341	67
341	59
341	63
341	70
341	8
341	48
341	19
341	32
341	81
341	92
341	52
341	16
341	66
341	86
341	18
341	14
341	91
341	99
341	94
341	64
342	5
342	62
342	65
342	43
342	58
342	13
342	100
342	69
342	90
342	22
342	17
342	74
342	39
342	98
343	29
343	44
343	28
343	9
343	83
343	23
343	26
343	45
343	35
343	61
344	50
344	2
344	68
344	25
344	27
344	12
344	15
344	31
344	47
344	72
344	41
344	6
344	37
344	55
345	36
345	20
345	57
345	24
345	96
345	7
345	40
345	1
345	76
345	95
345	21
345	54
345	82
345	84
345	85
345	88
345	77
345	78
345	49
345	79
345	97
345	75
345	3
345	10
345	51
345	46
345	73
345	89
345	87
345	60
346	33
346	42
346	38
346	11
346	80
346	30
346	86
346	81
346	56
346	70
346	99
346	18
346	4
347	91
347	48
347	100
347	63
347	65
347	8
347	13
347	64
347	92
347	39
347	5
347	34
347	19
347	74
347	32
347	22
347	66
347	59
347	69
347	67
347	93
347	62
347	43
348	94
348	29
348	9
348	44
348	28
348	98
349	83
349	23
349	16
349	50
349	35
349	45
349	61
349	58
349	90
349	14
349	52
349	2
349	17
349	68
349	27
349	25
349	12
349	47
349	41
349	26
349	15
349	31
349	72
349	6
349	37
349	55
350	20
350	57
350	36
350	96
350	7
350	40
350	1
350	76
350	54
350	95
350	88
350	84
350	78
350	82
350	85
350	49
350	75
350	79
350	46
350	10
350	51
350	73
351	56
351	42
351	97
351	87
351	60
351	93
351	11
351	80
351	4
351	59
351	38
351	89
351	34
351	70
351	63
351	67
351	48
351	8
351	92
351	77
351	32
351	81
351	52
351	16
351	66
351	21
351	19
351	86
351	91
351	18
351	30
352	5
352	14
352	94
352	64
352	33
352	62
352	13
352	43
352	58
352	99
352	65
352	22
352	17
352	69
352	74
352	90
352	39
352	100
352	98
353	29
353	9
353	44
353	28
353	83
353	23
353	26
353	61
353	35
354	2
354	68
354	12
354	47
354	41
354	15
354	27
354	31
354	25
354	72
354	6
354	55
355	57
355	36
355	20
355	96
355	7
355	49
355	40
355	76
355	95
355	1
355	77
355	54
355	82
355	84
355	85
355	88
355	21
355	78
355	79
355	46
355	75
355	73
355	10
355	89
355	51
355	97
355	87
355	60
356	33
356	42
356	11
356	38
356	30
356	34
356	93
356	59
356	4
356	19
356	67
356	56
356	63
356	48
356	32
356	81
356	52
356	91
356	70
356	92
356	8
356	16
356	66
356	18
356	14
356	86
356	94
356	64
357	62
357	99
357	13
357	5
357	22
357	17
357	100
357	43
357	69
357	58
357	65
357	90
357	74
357	39
358	29
358	9
358	44
358	28
358	83
358	35
358	61
358	26
358	23
359	2
359	68
359	47
359	15
359	27
359	25
359	31
359	12
359	41
359	72
359	6
360	55
360	36
360	20
360	57
360	96
360	7
360	40
360	49
360	76
360	95
360	21
360	77
360	54
360	82
360	84
360	88
360	78
360	1
360	85
360	75
360	79
360	46
360	73
360	10
360	51
360	60
360	97
360	87
360	89
361	33
361	11
361	56
361	42
361	38
361	30
361	34
361	93
361	4
361	59
361	19
361	63
361	70
361	67
361	48
361	52
361	32
361	81
361	91
361	8
361	16
361	66
361	92
361	14
361	94
362	100
362	43
362	90
362	17
362	5
362	22
362	58
362	64
362	99
362	74
362	13
362	69
363	44
363	18
363	28
363	39
363	65
363	62
363	9
363	29
363	83
365	20
365	61
365	27
365	15
365	72
365	55
365	25
365	31
365	23
365	26
365	12
365	36
365	6
365	68
365	47
365	41
365	2
365	96
365	1
365	95
365	21
365	84
365	82
365	49
365	76
365	88
365	77
365	78
365	35
365	57
365	85
365	75
365	46
365	73
365	79
365	54
365	10
365	51
365	40
365	89
365	7
365	97
365	60
366	52
366	56
366	48
366	92
366	81
366	30
366	63
366	42
366	59
366	91
366	66
366	93
366	16
366	87
366	8
366	67
366	70
366	19
366	38
366	33
366	11
366	14
366	18
366	94
366	99
366	34
366	64
367	5
367	4
367	62
367	13
367	32
367	65
367	43
367	22
367	17
367	69
367	90
367	74
367	39
368	29
368	9
368	44
368	28
368	83
368	35
368	23
368	61
369	2
369	68
369	27
369	25
369	12
369	47
369	31
369	72
369	15
369	41
369	6
370	55
370	36
370	20
370	57
370	96
370	7
370	40
370	49
370	76
370	95
370	1
370	85
370	88
370	77
370	21
370	78
370	54
370	82
370	46
370	79
370	73
370	75
370	10
370	51
370	84
370	97
370	60
370	87
371	89
371	33
371	11
371	56
371	42
371	30
371	34
371	38
371	93
371	4
371	59
371	63
371	19
371	67
371	92
371	70
371	48
371	52
371	16
371	8
371	32
371	81
371	91
371	18
371	66
371	14
371	94
372	99
372	5
372	64
372	62
372	13
372	22
372	17
372	43
372	69
372	90
372	65
372	74
372	39
373	29
373	9
373	44
373	28
373	83
373	35
373	23
373	61
374	2
374	68
374	27
374	25
374	12
374	15
374	31
374	47
374	41
374	72
374	6
375	55
375	36
375	96
375	20
375	7
375	40
375	1
375	76
375	95
375	77
375	21
375	54
375	84
375	82
375	85
375	78
375	49
375	75
375	79
375	88
375	46
375	73
375	89
375	10
375	97
375	51
375	60
376	11
376	56
376	38
376	42
376	30
376	34
376	93
376	4
376	92
376	59
376	63
376	19
376	70
376	8
376	67
376	48
376	52
376	16
376	32
376	91
376	18
376	81
376	14
376	66
376	99
376	94
377	5
377	64
377	62
377	13
377	65
377	22
377	17
377	69
377	90
377	43
377	74
377	39
378	9
378	44
378	29
378	28
378	83
378	35
378	23
378	61
379	2
379	68
379	27
379	25
379	12
379	41
379	15
379	31
379	72
379	6
380	55
380	36
380	20
380	96
380	7
380	40
380	1
380	49
380	76
380	95
380	77
380	21
380	84
380	82
380	46
380	10
380	79
380	89
380	75
380	97
380	88
381	59
381	48
381	93
381	92
381	38
381	32
381	73
381	81
381	78
381	30
381	11
381	52
381	63
381	16
381	8
381	4
381	42
381	67
381	60
381	19
381	91
381	34
381	66
381	18
381	54
381	56
381	14
381	99
381	94
381	64
382	5
382	51
382	62
382	13
382	43
382	65
382	22
382	17
382	90
382	69
382	74
382	39
383	44
383	29
383	9
383	28
383	83
383	23
383	35
383	61
384	2
384	68
384	15
384	41
384	27
384	25
384	12
384	31
384	72
384	6
385	55
385	36
385	20
385	96
385	7
385	40
385	49
385	76
385	95
385	77
385	84
385	82
385	21
385	1
385	88
385	78
385	79
385	46
385	75
385	73
385	10
385	51
385	89
385	97
385	60
386	11
386	56
386	42
386	38
386	30
386	34
386	93
386	67
386	59
386	63
386	19
386	4
386	81
386	8
386	92
386	52
386	48
386	18
386	91
386	16
386	66
386	14
386	94
386	64
387	99
387	5
387	62
387	13
387	65
387	17
387	69
387	90
387	22
387	74
387	39
388	29
388	44
388	9
388	28
388	83
388	35
388	23
388	61
389	2
389	27
389	25
389	12
389	41
389	68
389	15
389	31
389	72
389	6
390	55
390	36
390	20
390	96
390	7
390	40
390	1
390	49
390	95
390	21
390	84
390	82
390	88
390	78
390	79
390	75
390	46
390	73
390	10
390	51
390	89
390	97
390	60
391	11
391	56
391	42
391	38
391	30
391	34
391	93
391	4
391	59
391	63
391	19
391	48
391	81
391	92
391	8
391	16
391	66
391	18
391	67
391	91
391	52
391	14
391	94
391	64
392	5
392	62
392	13
392	65
392	22
392	69
392	90
392	17
392	74
392	39
393	29
393	9
393	28
393	44
393	83
394	35
394	41
394	15
394	61
394	23
394	31
394	2
394	12
395	6
395	55
395	72
395	20
395	27
395	25
395	96
395	7
395	40
395	36
395	49
395	95
395	21
395	84
395	82
395	78
395	88
395	75
395	46
395	73
395	10
395	51
395	89
395	97
395	60
396	11
396	42
396	38
396	30
396	34
396	93
396	4
396	59
396	18
396	14
396	8
396	92
396	16
397	63
397	62
397	65
397	48
397	94
397	90
397	74
397	5
397	67
397	64
397	69
397	17
397	22
397	19
397	13
398	29
398	39
398	44
398	9
398	81
398	83
399	35
399	61
399	23
399	2
399	25
399	27
399	12
399	41
399	15
399	31
399	72
399	6
400	55
400	36
400	96
400	7
400	40
400	49
400	84
400	82
400	88
400	78
400	75
400	21
400	46
400	73
400	10
400	51
400	89
400	60
400	97
401	11
401	42
401	93
401	34
401	38
401	4
401	19
401	67
401	63
401	48
401	16
401	81
401	18
401	8
401	92
401	14
401	94
402	5
402	64
402	62
402	13
402	65
402	22
402	17
402	90
402	69
402	74
402	39
403	29
403	44
403	9
403	83
403	35
403	23
403	61
404	2
404	15
404	25
404	27
404	12
404	31
404	41
404	72
405	55
405	36
405	7
405	40
405	49
405	21
405	84
405	82
405	88
405	78
405	46
405	73
405	75
405	10
405	51
405	89
405	97
405	60
406	38
406	11
406	67
406	42
406	93
406	4
406	19
406	63
406	48
406	16
406	8
406	81
406	18
406	14
406	94
407	62
407	13
407	65
407	22
407	17
407	69
407	90
407	74
407	39
408	29
408	9
408	44
408	83
408	35
408	61
409	12
409	41
409	15
409	27
409	25
409	72
409	31
410	36
410	40
410	55
410	49
410	7
410	84
410	82
410	21
410	88
410	78
410	46
410	2
410	10
410	51
410	89
410	97
410	60
411	38
411	11
411	42
411	67
411	93
412	81
412	94
412	4
412	8
412	18
412	16
412	63
412	14
412	19
412	13
412	65
412	48
412	17
412	69
412	90
412	22
412	39
413	29
413	44
413	9
413	83
413	35
413	61
414	2
414	12
414	41
414	15
414	27
414	25
414	72
414	31
415	55
415	36
415	7
415	49
415	40
415	21
415	88
415	78
415	82
415	84
415	46
415	10
415	51
415	89
415	97
415	60
416	38
416	11
416	67
416	93
416	4
416	63
416	19
416	81
416	18
416	14
416	16
416	94
417	65
417	13
417	17
417	69
417	90
417	22
417	39
418	29
418	9
418	44
418	83
418	61
419	2
419	27
419	25
419	41
419	12
419	15
419	31
419	72
420	55
420	36
420	40
420	21
420	84
420	78
420	46
420	10
420	51
420	89
420	97
420	60
421	38
421	11
421	67
421	93
421	4
421	63
421	19
421	81
421	16
421	18
421	14
421	94
422	13
422	65
422	22
422	17
422	69
422	90
422	39
423	29
423	9
423	44
423	83
423	61
424	2
424	12
424	27
424	41
424	15
424	72
425	55
425	25
425	36
425	31
425	40
425	21
425	46
425	10
425	51
425	89
425	97
426	38
426	11
426	67
426	93
426	4
426	19
426	63
426	81
426	16
426	18
427	94
427	13
427	65
428	90
428	39
428	22
428	9
428	69
428	83
429	2
429	27
429	25
429	12
429	41
429	15
429	72
430	55
430	40
430	21
430	46
430	10
430	51
430	97
430	89
431	11
431	67
431	93
431	63
431	19
431	81
431	94
431	18
432	13
432	65
432	22
432	69
432	90
432	39
433	9
433	83
434	2
434	27
434	15
434	72
435	55
435	40
435	46
435	10
435	89
435	97
436	11
436	67
436	93
436	63
436	19
436	81
436	18
436	94
437	13
437	65
437	22
437	69
437	90
437	39
438	9
438	83
439	27
439	15
439	72
440	55
440	40
440	46
440	10
440	89
440	97
441	11
441	67
441	81
441	19
441	93
441	63
442	65
442	22
442	94
442	13
442	90
442	39
443	9
443	83
444	15
444	72
445	55
445	89
446	67
446	93
446	63
447	65
447	39
485	46
