0.0	12
0.0	12
5.0	12
9.900000000001455	12
23.700000000004366	14
29.5	14
36.200000000004366	29
36.200000000004366	29
39.30000000000291	20
40.900000000001455	29
44.60000000000582	20
45.700000000004366	29
48.700000000004366	14
48.700000000004366	14
51.0	29
52.400000000001455	22
52.900000000001455	13
54.400000000001455	14
54.400000000001455	14
54.700000000004366	12
54.700000000004366	11
54.900000000001455	20
55.5	20
56.400000000001455	22
56.400000000001455	22
57.400000000001455	22
58.30000000000291	14
58.5	15
58.60000000000582	17
58.700000000004366	14
59.900000000001455	20
60.900000000001455	20
62.400000000001455	22
63.10000000000582	14
63.700000000004366	15
64.0	17
64.20000000000437	11
64.20000000000437	15
65.0	20
67.60000000000582	22
67.60000000000582	31
67.60000000000582	31
67.70000000000437	13
68.10000000000582	14
68.70000000000437	15
69.0	11
69.10000000000582	17
69.10000000000582	15
70.0	20
71.70000000000437	22
72.70000000000437	22
73.20000000000437	13
73.10000000000582	31
73.70000000000437	14
74.5	11
74.60000000000582	14
74.60000000000582	15
74.70000000000437	20
74.70000000000437	20
74.70000000000437	13
74.10000000000582	17
74.20000000000437	15
74.90000000000146	20
76.40000000000146	19
76.40000000000146	19
77.30000000000291	17
76.90000000000146	22
77.40000000000146	15
77.90000000000146	22
78.10000000000582	13
78.5	14
78.60000000000582	31
78.60000000000582	11
79.0	14
79.0	12
79.0	14
79.10000000000582	13
79.0	28
79.10000000000582	15
79.20000000000437	17
81.40000000000146	19
82.10000000000582	22
82.20000000000437	17
82.90000000000146	15
83.10000000000582	22
83.20000000000437	26
84.40000000000146	31
84.40000000000146	32
84.40000000000146	32
84.40000000000146	28
84.40000000000146	14
84.40000000000146	14
84.40000000000146	14
84.40000000000146	30
84.40000000000146	30
84.40000000000146	17
84.5	12
84.5	13
84.5	13
84.60000000000582	15
84.60000000000582	11
87.20000000000437	22
87.70000000000437	17
88.70000000000437	26
88.20000000000437	22
88.5	13
88.5	14
88.60000000000582	11
88.70000000000437	14
88.70000000000437	13
89.0	28
89.10000000000582	34
89.60000000000582	15
88.90000000000146	32
89.10000000000582	17
89.10000000000582	14
89.20000000000437	31
89.5	30
90.10000000000582	20
90.30000000000291	20
92.90000000000146	26
93.30000000000291	17
93.40000000000146	21
93.40000000000146	22
93.60000000000582	11
93.70000000000437	34
93.70000000000437	15
93.90000000000146	13
93.90000000000146	32
94.0	17
94.30000000000291	14
94.60000000000582	30
95.60000000000582	29
95.70000000000437	33
95.70000000000437	33
97.40000000000146	19
97.40000000000146	18
98.10000000000582	13
99.0	14
99.10000000000582	34
99.20000000000437	11
99.20000000000437	27
99.30000000000291	22
99.40000000000146	21
99.40000000000146	13
98.90000000000146	19
99.0	17
99.0	15
99.30000000000291	14
99.30000000000291	12
99.60000000000582	30
100.5	29
101.10000000000582	33
101.5	22
101.70000000000437	25
101.70000000000437	25
102.0	18
102.5	19
102.70000000000437	13
103.40000000000146	38
103.70000000000437	13
103.90000000000146	34
103.90000000000146	11
104.60000000000582	22
103.90000000000146	17
103.90000000000146	19
104.0	14
104.10000000000582	21
104.10000000000582	23
104.20000000000437	28
104.30000000000291	14
104.40000000000146	12
104.40000000000146	12
104.5	30
105.60000000000582	29
105.90000000000146	33
106.0	20
106.60000000000582	22
107.0	18
107.10000000000582	25
107.90000000000146	19
108.30000000000291	26
108.40000000000146	11
108.60000000000582	20
109.70000000000437	17
108.90000000000146	13
108.90000000000146	22
109.10000000000582	14
109.10000000000582	19
109.10000000000582	12
109.10000000000582	12
109.20000000000437	21
109.20000000000437	23
109.30000000000291	30
109.30000000000291	28
110.70000000000437	29
112.0	17
112.60000000000582	33
112.70000000000437	33
112.70000000000437	25
112.70000000000437	18
113.0	23
113.0	23
113.20000000000437	26
113.20000000000437	40
113.20000000000437	40
113.30000000000291	14
113.60000000000582	17
113.70000000000437	20
113.70000000000437	11
113.70000000000437	11
113.70000000000437	16
115.10000000000582	13
115.10000000000582	12
115.10000000000582	12
115.10000000000582	22
115.20000000000437	28
115.20000000000437	23
115.30000000000291	21
115.30000000000291	19
115.70000000000437	30
116.30000000000291	33
116.60000000000582	20
117.20000000000437	21
117.20000000000437	21
117.0	18
117.60000000000582	21
117.70000000000437	33
117.90000000000146	23
118.0	26
118.30000000000291	40
118.30000000000291	17
118.30000000000291	17
118.5	17
118.60000000000582	16
118.70000000000437	12
118.70000000000437	11
118.90000000000146	30
118.90000000000146	19
118.90000000000146	20
118.90000000000146	21
118.90000000000146	13
118.90000000000146	23
119.0	12
119.0	11
119.10000000000582	22
119.20000000000437	17
119.20000000000437	32
120.0	20
121.5	33
121.70000000000437	21
122.0	20
122.10000000000582	37
122.20000000000437	18
122.90000000000146	21
122.90000000000146	33
123.0	17
123.0	23
123.5	17
123.60000000000582	12
123.60000000000582	40
123.60000000000582	11
123.60000000000582	30
123.70000000000437	16
123.70000000000437	23
124.30000000000291	21
124.40000000000146	19
124.70000000000437	13
123.90000000000146	12
123.90000000000146	17
123.90000000000146	32
124.0	22
124.0	20
124.20000000000437	11
124.60000000000582	32
125.10000000000582	20
125.40000000000146	31
125.70000000000437	44
125.70000000000437	44
126.5	27
126.5	27
126.5	19
126.70000000000437	21
127.5	33
127.40000000000146	18
127.5	20
127.60000000000582	37
127.60000000000582	17
128.10000000000582	33
128.10000000000582	21
128.20000000000437	15
128.3000000000029	23
129.0	12
129.0	12
129.0	11
129.0	24
129.0	19
129.0	17
129.0	17
129.0	20
129.0	32
129.0	26
129.0	40
129.0	21
129.0	30
129.0	16
129.0	23
130.10000000000582	34
130.10000000000582	32
130.20000000000437	11
130.20000000000437	16
130.20000000000437	13
130.5	31
130.60000000000582	44
131.70000000000437	27
131.70000000000437	21
132.0	29
132.3000000000029	17
132.70000000000437	18
132.90000000000146	20
133.20000000000437	34
133.20000000000437	34
133.20000000000437	33
133.3000000000029	30
133.5	32
133.60000000000582	11
133.60000000000582	12
133.60000000000582	14
133.60000000000582	36
133.60000000000582	28
133.60000000000582	28
133.60000000000582	17
133.70000000000437	18
133.70000000000437	13
133.70000000000437	23
134.3000000000029	41
134.40000000000146	16
134.40000000000146	24
134.5	40
133.90000000000146	16
133.90000000000146	20
133.90000000000146	17
133.90000000000146	26
133.90000000000146	15
133.90000000000146	24
133.90000000000146	13
134.0	19
134.0	29
134.0	21
134.0	34
134.10000000000582	16
134.10000000000582	12
134.60000000000582	32
135.40000000000146	31
135.5	44
137.10000000000582	27
136.90000000000146	17
137.5	29
138.10000000000582	25
138.10000000000582	26
138.3000000000029	32
138.40000000000146	30
138.5	34
138.5	36
138.5	33
138.60000000000582	13
138.60000000000582	16
138.70000000000437	20
138.70000000000437	24
138.70000000000437	16
138.90000000000146	11
138.90000000000146	12
138.90000000000146	29
138.90000000000146	13
139.0	26
139.0	32
139.0	28
139.0	28
139.0	17
139.0	34
139.0	41
139.10000000000582	24
139.10000000000582	26
139.10000000000582	40
139.20000000000437	16
139.20000000000437	23
139.3000000000029	11
139.5	12
139.90000000000146	42
140.10000000000582	44
140.20000000000437	31
141.70000000000437	17
142.20000000000437	33
142.90000000000146	25
143.10000000000582	29
143.20000000000437	26
143.90000000000146	20
143.90000000000146	26
143.90000000000146	26
143.90000000000146	24
143.90000000000146	33
143.90000000000146	16
143.90000000000146	16
144.5	16
144.5	17
144.5	41
144.5	32
144.5	32
144.5	43
144.5	13
144.5	13
144.5	29
144.5	12
144.5	28
144.5	11
144.5	27
144.5	30
144.5	30
144.5	36
144.5	34
144.5	34
144.60000000000582	26
144.60000000000582	26
144.60000000000582	21
144.70000000000437	24
144.70000000000437	42
145.0	31
144.90000000000146	31
146.5	17
147.40000000000146	33
148.0	25
148.3000000000029	30
148.40000000000146	29
148.40000000000146	26
148.40000000000146	36
149.0	11
149.0	32
149.10000000000582	23
149.10000000000582	29
149.10000000000582	13
149.10000000000582	13
149.10000000000582	16
149.10000000000582	16
149.10000000000582	16
149.10000000000582	16
149.10000000000582	17
149.10000000000582	11
149.20000000000437	38
149.20000000000437	24
149.20000000000437	24
149.20000000000437	32
149.20000000000437	20
149.20000000000437	33
149.20000000000437	28
149.20000000000437	25
149.20000000000437	12
149.20000000000437	39
149.20000000000437	39
149.20000000000437	26
149.20000000000437	27
149.20000000000437	30
149.40000000000146	26
149.40000000000146	16
149.40000000000146	14
149.5	41
149.5	34
149.5	34
149.60000000000582	42
149.60000000000582	40
149.60000000000582	21
150.20000000000437	31
150.0	31
151.20000000000437	20
152.20000000000437	21
152.3000000000029	35
152.3000000000029	35
153.10000000000582	19
153.20000000000437	25
153.3000000000029	30
153.60000000000582	24
153.60000000000582	13
153.70000000000437	39
153.90000000000146	29
154.10000000000582	26
154.5	34
154.60000000000582	25
154.0	24
154.0	23
154.0	27
154.0	16
154.0	12
154.10000000000582	32
154.10000000000582	16
154.10000000000582	17
154.10000000000582	20
154.10000000000582	38
154.10000000000582	43
154.10000000000582	14
154.10000000000582	34
154.10000000000582	34
154.10000000000582	32
154.20000000000437	24
154.20000000000437	19
154.20000000000437	12
154.20000000000437	18
154.20000000000437	17
154.3000000000029	11
154.3000000000029	26
154.3000000000029	26
154.3000000000029	39
154.3000000000029	28
154.3000000000029	30
154.40000000000146	41
154.40000000000146	37
154.40000000000146	33
154.40000000000146	42
154.5	40
155.20000000000437	31
155.90000000000146	29
156.70000000000437	37
156.90000000000146	28
156.90000000000146	28
157.0	35
157.3000000000029	25
158.0	18
158.0	18
158.10000000000582	11
158.10000000000582	11
158.10000000000582	13
158.10000000000582	13
158.3000000000029	49
158.3000000000029	49
158.3000000000029	25
158.40000000000146	30
158.40000000000146	19
158.70000000000437	13
158.70000000000437	15
158.90000000000146	24
159.60000000000582	24
158.90000000000146	15
159.0	27
159.0	39
159.0	34
159.0	26
159.0	24
159.0	14
159.0	18
159.10000000000582	34
159.10000000000582	24
159.10000000000582	26
159.20000000000437	38
159.20000000000437	16
159.20000000000437	16
159.20000000000437	23
159.20000000000437	26
159.20000000000437	37
159.20000000000437	17
159.3000000000029	43
159.3000000000029	39
159.3000000000029	28
159.3000000000029	11
159.3000000000029	12
159.3000000000029	12
159.3000000000029	21
159.3000000000029	15
159.40000000000146	32
159.40000000000146	41
159.40000000000146	19
159.40000000000146	40
159.40000000000146	34
159.40000000000146	30
159.40000000000146	20
159.40000000000146	36
159.40000000000146	29
159.40000000000146	29
159.5	27
159.60000000000582	33
161.20000000000437	42
161.20000000000437	42
161.20000000000437	29
161.3000000000029	31
161.70000000000437	35
162.70000000000437	28
162.70000000000437	18
163.10000000000582	13
163.3000000000029	41
163.3000000000029	41
163.70000000000437	30
163.70000000000437	25
163.70000000000437	15
163.70000000000437	13
163.90000000000146	15
164.0	19
164.3000000000029	31
164.40000000000146	49
164.60000000000582	24
163.90000000000146	24
164.0	25
164.0	26
164.0	26
164.0	30
164.0	24
164.10000000000582	34
164.10000000000582	34
164.10000000000582	34
164.20000000000437	16
164.20000000000437	16
164.20000000000437	32
164.20000000000437	13
164.20000000000437	39
164.20000000000437	39
164.20000000000437	40
164.3000000000029	21
164.3000000000029	41
164.3000000000029	38
164.3000000000029	37
164.3000000000029	24
164.3000000000029	19
164.3000000000029	11
164.3000000000029	28
164.3000000000029	12
164.3000000000029	12
164.40000000000146	15
164.40000000000146	29
164.40000000000146	29
164.40000000000146	36
164.40000000000146	17
164.40000000000146	23
164.5	33
164.60000000000582	20
164.60000000000582	22
165.60000000000582	42
166.5	35
166.60000000000582	29
167.40000000000146	25
167.5	18
167.70000000000437	38
167.70000000000437	38
168.0	13
168.0	28
168.5	25
168.5	41
168.60000000000582	12
168.60000000000582	15
168.70000000000437	31
168.70000000000437	30
168.70000000000437	15
168.70000000000437	13
168.90000000000146	28
169.20000000000437	22
168.90000000000146	30
169.0	25
169.0	16
169.0	26
169.0	24
169.0	24
169.0	39
169.10000000000582	35
169.10000000000582	19
169.20000000000437	19
169.20000000000437	32
169.20000000000437	15
169.20000000000437	13
169.20000000000437	29
169.20000000000437	12
169.20000000000437	12
169.3000000000029	11
169.3000000000029	39
169.3000000000029	36
169.3000000000029	43
169.3000000000029	43
169.3000000000029	40
169.3000000000029	24
169.3000000000029	41
169.40000000000146	17
169.40000000000146	37
169.40000000000146	23
169.40000000000146	34
169.40000000000146	33
169.5	29
169.5	49
169.5	21
169.5	22
169.60000000000582	38
170.40000000000146	42
171.5	35
171.70000000000437	19
172.0	33
172.20000000000437	18
172.60000000000582	25
172.70000000000437	38
172.90000000000146	37
173.40000000000146	27
173.5	11
173.5	23
173.60000000000582	28
173.70000000000437	25
173.70000000000437	22
173.70000000000437	12
173.70000000000437	15
173.90000000000146	30
174.0	15
173.90000000000146	23
173.90000000000146	25
173.90000000000146	19
174.0	38
174.0	30
174.0	39
174.10000000000582	16
174.10000000000582	16
174.10000000000582	31
174.10000000000582	35
174.10000000000582	20
174.10000000000582	26
174.20000000000437	12
174.20000000000437	12
174.20000000000437	29
174.20000000000437	11
174.3000000000029	24
174.3000000000029	24
174.3000000000029	33
174.3000000000029	43
174.3000000000029	13
174.3000000000029	13
174.3000000000029	38
174.3000000000029	17
174.3000000000029	40
174.3000000000029	23
174.90000000000146	21
174.90000000000146	39
174.90000000000146	50
175.0	31
175.0	28
175.0	15
175.0	49
175.5	22
175.5	32
175.60000000000582	42
175.60000000000582	34
175.60000000000582	37
175.60000000000582	37
175.60000000000582	37
176.40000000000146	35
177.0	21
177.20000000000437	33
177.90000000000146	38
178.0	11
178.0	18
178.3000000000029	20
178.40000000000146	37
178.70000000000437	39
178.70000000000437	23
178.70000000000437	22
178.70000000000437	17
178.70000000000437	25
178.70000000000437	25
179.40000000000146	11
179.70000000000437	38
178.90000000000146	18
179.0	31
179.0	16
179.10000000000582	19
179.10000000000582	28
178.90000000000146	13
178.90000000000146	12
178.90000000000146	15
178.90000000000146	23
178.90000000000146	20
179.0	16
179.0	30
179.0	15
179.0	15
179.10000000000582	21
179.10000000000582	25
179.10000000000582	45
179.10000000000582	43
179.10000000000582	22
179.10000000000582	29
179.10000000000582	23
179.10000000000582	35
179.20000000000437	11
179.20000000000437	17
179.20000000000437	38
179.20000000000437	12
179.20000000000437	12
179.3000000000029	36
179.3000000000029	21
179.3000000000029	34
179.40000000000146	13
179.40000000000146	28
179.40000000000146	48
179.40000000000146	39
179.5	37
179.5	32
179.5	32
179.70000000000437	50
179.70000000000437	31
180.5	49
180.90000000000146	37
181.40000000000146	35
181.5	15
181.5	15
181.90000000000146	21
182.10000000000582	27
183.10000000000582	11
183.40000000000146	18
183.5	39
183.5	22
183.5	20
183.60000000000582	25
183.60000000000582	25
183.70000000000437	28
183.70000000000437	11
184.3000000000029	16
184.5	23
184.40000000000146	19
184.40000000000146	38
184.40000000000146	27
183.90000000000146	13
183.90000000000146	20
183.90000000000146	18
184.0	17
184.0	17
184.10000000000582	12
184.10000000000582	29
184.10000000000582	23
184.10000000000582	38
184.10000000000582	37
184.10000000000582	15
184.10000000000582	15
184.10000000000582	22
184.10000000000582	35
184.10000000000582	25
184.10000000000582	37
184.20000000000437	11
184.20000000000437	16
184.20000000000437	28
184.20000000000437	45
184.20000000000437	21
184.20000000000437	12
184.20000000000437	31
184.20000000000437	18
184.3000000000029	13
184.3000000000029	39
184.3000000000029	36
184.3000000000029	26
184.3000000000029	14
184.3000000000029	48
184.40000000000146	12
184.5	40
184.5	32
184.5	32
184.60000000000582	49
186.10000000000582	37
186.3000000000029	47
186.3000000000029	47
186.60000000000582	35
186.70000000000437	15
187.0	21
187.10000000000582	27
188.5	39
188.60000000000582	22
188.70000000000437	25
188.70000000000437	18
189.10000000000582	28
188.90000000000146	12
188.90000000000146	13
188.90000000000146	34
188.90000000000146	11
189.0	34
189.0	27
189.0	43
189.10000000000582	17
189.10000000000582	35
189.10000000000582	29
189.10000000000582	11
190.70000000000437	51
189.90000000000146	35
189.90000000000146	49
189.90000000000146	32
189.90000000000146	32
189.90000000000146	28
189.90000000000146	12
189.90000000000146	12
189.90000000000146	50
189.90000000000146	17
190.90000000000146	26
190.90000000000146	18
190.90000000000146	18
190.90000000000146	18
190.90000000000146	48
190.90000000000146	37
190.90000000000146	37
190.90000000000146	45
190.90000000000146	23
190.90000000000146	25
190.90000000000146	47
190.90000000000146	13
191.0	19
191.0	36
191.0	22
191.0	31
191.0	38
191.0	38
191.10000000000582	14
191.10000000000582	14
191.10000000000582	21
191.10000000000582	52
191.10000000000582	52
191.10000000000582	15
191.10000000000582	15
191.10000000000582	15
191.40000000000146	37
191.90000000000146	35
192.0	15
192.3000000000029	27
193.60000000000582	36
194.20000000000437	25
194.40000000000146	24
194.5	16
193.90000000000146	11
193.90000000000146	32
193.90000000000146	15
194.0	13
194.0	18
194.10000000000582	35
194.10000000000582	22
194.10000000000582	22
194.10000000000582	31
194.10000000000582	18
194.10000000000582	23
194.10000000000582	38
194.10000000000582	25
194.10000000000582	34
194.10000000000582	50
194.20000000000437	15
194.20000000000437	38
194.20000000000437	11
194.20000000000437	28
194.20000000000437	28
194.20000000000437	29
194.20000000000437	29
194.20000000000437	21
194.20000000000437	17
194.20000000000437	14
194.20000000000437	19
194.20000000000437	12
194.3000000000029	36
194.3000000000029	13
194.3000000000029	31
194.3000000000029	15
194.3000000000029	26
194.3000000000029	20
194.3000000000029	27
194.3000000000029	14
194.3000000000029	16
194.3000000000029	35
194.3000000000029	12
194.3000000000029	51
194.3000000000029	31
194.3000000000029	47
194.3000000000029	36
194.40000000000146	45
194.40000000000146	21
194.40000000000146	18
194.5	49
194.5	48
194.60000000000582	32
194.90000000000146	52
195.60000000000582	47
197.10000000000582	35
197.5	27
198.40000000000146	16
198.40000000000146	16
198.40000000000146	50
198.40000000000146	36
198.40000000000146	50
198.40000000000146	36
198.70000000000437	11
199.20000000000437	32
199.3000000000029	36
198.90000000000146	25
199.0	13
199.0	23
199.0	25
199.10000000000582	31
199.10000000000582	35
199.10000000000582	16
199.20000000000437	18
199.20000000000437	38
199.20000000000437	25
199.20000000000437	13
199.20000000000437	22
199.20000000000437	38
199.3000000000029	45
199.3000000000029	31
199.3000000000029	16
199.3000000000029	14
199.3000000000029	19
199.3000000000029	20
199.3000000000029	22
199.40000000000146	21
199.40000000000146	35
199.40000000000146	14
199.40000000000146	50
199.40000000000146	18
199.40000000000146	18
199.40000000000146	17
199.40000000000146	31
199.40000000000146	47
199.40000000000146	29
199.40000000000146	51
199.40000000000146	24
199.40000000000146	36
199.5	32
199.60000000000582	48
199.60000000000582	48
199.60000000000582	48
199.70000000000437	42
199.70000000000437	42
199.70000000000437	34
199.70000000000437	49
199.70000000000437	52
200.10000000000582	28
200.10000000000582	28
200.20000000000437	47
202.3000000000029	25
202.5	35
203.5	27
203.0	11
203.10000000000582	24
203.10000000000582	24
203.60000000000582	16
203.60000000000582	36
203.60000000000582	11
203.70000000000437	14
204.0	18
204.60000000000582	49
204.60000000000582	41
204.60000000000582	18
204.60000000000582	18
204.60000000000582	18
204.60000000000582	24
204.60000000000582	50
204.60000000000582	50
204.60000000000582	48
204.60000000000582	48
204.60000000000582	38
204.60000000000582	38
204.60000000000582	35
204.60000000000582	35
204.60000000000582	21
204.60000000000582	43
204.60000000000582	16
204.60000000000582	16
204.60000000000582	25
204.60000000000582	25
204.60000000000582	23
204.60000000000582	20
204.60000000000582	27
204.60000000000582	22
204.60000000000582	29
204.60000000000582	13
204.60000000000582	47
204.60000000000582	51
205.20000000000437	52
205.20000000000437	42
205.20000000000437	42
205.20000000000437	17
205.20000000000437	28
205.20000000000437	28
205.20000000000437	45
205.20000000000437	34
205.20000000000437	19
205.20000000000437	32
205.20000000000437	47
205.20000000000437	44
205.3000000000029	36
205.3000000000029	36
205.3000000000029	26
205.40000000000146	14
207.90000000000146	35
208.0	27
208.3000000000029	24
208.60000000000582	14
208.70000000000437	18
208.90000000000146	16
209.60000000000582	13
209.60000000000582	38
209.60000000000582	38
209.60000000000582	43
209.60000000000582	48
209.60000000000582	21
209.60000000000582	29
209.60000000000582	42
209.60000000000582	42
209.60000000000582	25
209.60000000000582	25
209.60000000000582	26
209.60000000000582	26
209.60000000000582	16
209.60000000000582	32
209.60000000000582	20
209.60000000000582	20
209.60000000000582	14
209.60000000000582	34
209.60000000000582	27
209.60000000000582	44
209.60000000000582	47
209.60000000000582	49
209.60000000000582	19
209.70000000000437	17
209.70000000000437	45
209.90000000000146	41
210.0	23
210.0	18
210.10000000000582	36
210.10000000000582	36
212.70000000000437	56
212.70000000000437	56
213.3000000000029	35
214.10000000000582	36
214.20000000000437	27
213.90000000000146	18
214.10000000000582	51
214.10000000000582	51
214.10000000000582	36
214.20000000000437	19
214.20000000000437	19
214.3000000000029	17
214.40000000000146	14
214.40000000000146	50
214.5	43
214.5	38
214.5	45
214.5	20
214.60000000000582	42
214.60000000000582	41
214.60000000000582	54
214.70000000000437	49
218.0	56
218.70000000000437	18
219.10000000000582	35
218.90000000000146	27
219.10000000000582	19
219.10000000000582	54
219.20000000000437	43
219.20000000000437	17
219.20000000000437	19
219.20000000000437	30
219.40000000000146	41
219.40000000000146	51
219.5	48
219.5	49
219.5	14
219.5	20
223.40000000000146	56
223.90000000000146	18
224.20000000000437	14
224.20000000000437	34
224.20000000000437	54
224.20000000000437	23
224.20000000000437	17
224.90000000000146	44
224.90000000000146	30
225.0	35
225.0	51
225.10000000000582	19
225.10000000000582	19
225.10000000000582	41
229.0	39
229.0	54
229.10000000000582	16
229.10000000000582	19
229.20000000000437	20
229.3000000000029	41
229.40000000000146	19
229.5	44
229.70000000000437	30
233.90000000000146	16
233.90000000000146	33
234.20000000000437	33
234.20000000000437	44
234.40000000000146	41
234.5	49
234.60000000000582	19
234.70000000000437	30
235.0	54
235.0	54
238.90000000000146	44
239.0	16
239.10000000000582	33
239.10000000000582	33
239.3000000000029	15
239.40000000000146	19
239.40000000000146	41
239.5	49
239.90000000000146	54
244.0	44
244.20000000000437	16
244.20000000000437	33
244.3000000000029	15
244.40000000000146	33
244.40000000000146	49
244.5	31
244.5	43
244.70000000000437	54
248.70000000000437	36
249.0	44
249.0	16
249.20000000000437	48
249.20000000000437	18
249.20000000000437	49
249.3000000000029	33
249.40000000000146	47
249.40000000000146	43
249.40000000000146	15
249.40000000000146	31
249.5	16
249.5	54
249.5	14
249.60000000000582	33
254.10000000000582	30
254.10000000000582	26
254.10000000000582	48
254.10000000000582	47
254.20000000000437	48
254.20000000000437	44
254.40000000000146	34
254.40000000000146	36
254.5	42
254.5	13
255.0	33
255.0	23
255.10000000000582	16
259.40000000000146	36
259.0	47
259.1000000000058	33
259.3000000000029	42
259.3000000000029	23
259.40000000000146	40
259.40000000000146	26
259.5	38
259.5	23
259.6000000000058	33
259.6000000000058	12
259.6000000000058	34
261.0	45
261.0	45
261.6000000000058	55
261.6000000000058	55
263.90000000000146	33
264.0	27
264.1000000000058	15
264.1000000000058	47
264.1000000000058	36
264.1000000000058	45
264.20000000000437	40
264.3000000000029	47
264.3000000000029	42
264.40000000000146	33
264.40000000000146	49
264.40000000000146	44
264.5	48
264.5	12
264.90000000000146	34
267.0	55
268.90000000000146	33
268.90000000000146	56
268.90000000000146	45
269.0	27
269.1000000000058	36
269.20000000000437	42
269.20000000000437	40
269.20000000000437	17
269.20000000000437	33
269.20000000000437	47
269.40000000000146	12
269.40000000000146	44
269.40000000000146	49
269.5	48
269.6000000000058	47
269.90000000000146	40
272.3000000000029	55
274.0	27
274.0	54
274.20000000000437	44
274.20000000000437	12
274.20000000000437	42
274.20000000000437	17
274.3000000000029	17
274.40000000000146	40
274.40000000000146	56
274.6000000000058	13
274.6000000000058	33
274.70000000000437	47
274.70000000000437	40
279.0	45
279.0	54
279.1000000000058	44
279.1000000000058	27
279.1000000000058	42
279.20000000000437	12
279.20000000000437	17
279.3000000000029	26
279.40000000000146	13
279.40000000000146	17
279.5	30
279.5	20
279.6000000000058	33
279.70000000000437	30
280.0	56
279.90000000000146	40
284.1000000000058	54
284.20000000000437	42
284.20000000000437	12
284.3000000000029	14
284.3000000000029	26
284.40000000000146	31
284.6000000000058	27
288.90000000000146	40
289.1000000000058	54
289.3000000000029	34
289.3000000000029	14
289.70000000000437	18
293.5	14
294.1000000000058	40
294.1000000000058	49
294.40000000000146	47
294.5	33
294.70000000000437	12
298.6000000000058	14
299.1000000000058	49
299.20000000000437	30
299.40000000000146	40
299.40000000000146	47
300.3000000000029	33
304.1000000000058	49
304.20000000000437	30
304.3000000000029	58
304.40000000000146	38
304.6000000000058	40
304.70000000000437	33
305.70000000000437	45
308.90000000000146	40
309.1000000000058	58
309.20000000000437	30
309.20000000000437	49
309.3000000000029	45
309.5	30
309.5	38
309.70000000000437	42
309.70000000000437	34
309.70000000000437	33
310.3000000000029	45
314.0	39
314.6000000000058	40
314.20000000000437	45
314.20000000000437	58
314.20000000000437	14
314.20000000000437	30
314.40000000000146	14
314.40000000000146	18
314.40000000000146	27
314.5	42
314.6000000000058	20
314.6000000000058	48
314.70000000000437	38
315.0	45
318.70000000000437	39
319.1000000000058	40
319.1000000000058	34
319.3000000000029	58
319.3000000000029	42
319.3000000000029	14
319.3000000000029	27
319.3000000000029	41
319.3000000000029	26
319.40000000000146	26
319.40000000000146	18
319.6000000000058	14
319.6000000000058	47
319.6000000000058	41
319.6000000000058	40
319.6000000000058	38
319.90000000000146	48
320.20000000000437	58
324.20000000000437	40
323.90000000000146	39
324.3000000000029	30
324.3000000000029	33
324.40000000000146	47
324.40000000000146	26
324.40000000000146	27
325.20000000000437	48
325.1000000000058	58
329.1000000000058	47
329.20000000000437	30
329.3000000000029	33
329.40000000000146	42
329.40000000000146	12
329.40000000000146	38
329.6000000000058	27
329.6000000000058	27
329.6000000000058	40
330.3000000000029	48
330.0	56
334.1000000000058	54
334.20000000000437	18
334.3000000000029	14
334.3000000000029	40
334.3000000000029	27
334.5	34
334.5	12
334.5	21
334.5	14
334.6000000000058	42
334.6000000000058	27
335.1000000000058	56
339.20000000000437	27
339.20000000000437	14
339.20000000000437	40
339.20000000000437	39
339.20000000000437	18
339.3000000000029	54
339.40000000000146	14
339.40000000000146	45
339.5	34
339.5	41
339.5	12
339.5	27
339.5	21
339.6000000000058	56
339.6000000000058	56
339.6000000000058	42
340.40000000000146	26
342.20000000000437	61
342.20000000000437	61
344.0	40
344.0	43
344.40000000000146	26
344.40000000000146	56
344.40000000000146	45
344.40000000000146	20
344.40000000000146	21
344.5	12
344.5	47
344.5	39
344.5	41
344.5	14
344.5	34
344.5	47
344.5	12
344.6000000000058	43
344.70000000000437	27
344.70000000000437	54
344.70000000000437	42
344.70000000000437	56
345.40000000000146	26
345.20000000000437	58
345.20000000000437	58
347.6000000000058	61
349.70000000000437	14
349.70000000000437	33
349.70000000000437	27
349.70000000000437	26
349.70000000000437	26
349.70000000000437	43
349.70000000000437	43
349.70000000000437	43
350.40000000000146	12
350.0	21
350.70000000000437	39
349.90000000000146	61
349.90000000000146	47
349.90000000000146	47
349.90000000000146	47
350.0	41
350.0	41
350.0	41
350.5	54
350.1000000000058	35
350.6000000000058	58
353.3000000000029	48
353.1000000000058	61
354.0	45
354.1000000000058	36
354.20000000000437	43
354.20000000000437	26
354.3000000000029	41
354.3000000000029	47
354.40000000000146	39
354.5	34
354.5	12
354.5	47
354.5	41
354.5	30
354.6000000000058	33
354.6000000000058	36
354.6000000000058	39
354.70000000000437	43
354.70000000000437	43
354.70000000000437	43
354.70000000000437	61
354.70000000000437	41
354.70000000000437	26
355.6000000000058	30
354.90000000000146	33
354.90000000000146	49
354.90000000000146	35
355.0	47
355.20000000000437	58
356.1000000000058	61
357.6000000000058	55
357.70000000000437	43
358.20000000000437	58
357.90000000000146	48
358.20000000000437	26
358.20000000000437	21
359.0	36
359.20000000000437	21
359.20000000000437	39
359.3000000000029	47
359.40000000000146	18
359.40000000000146	27
359.40000000000146	12
359.40000000000146	12
359.40000000000146	43
359.5	33
359.5	54
359.6000000000058	43
359.6000000000058	43
359.6000000000058	39
359.6000000000058	34
359.6000000000058	34
359.70000000000437	26
359.70000000000437	20
359.70000000000437	41
359.70000000000437	43
359.90000000000146	36
360.0	47
360.0	61
360.0	33
360.1000000000058	49
359.90000000000146	35
359.90000000000146	35
359.90000000000146	58
360.0	45
360.20000000000437	47
362.5	56
362.70000000000437	20
362.90000000000146	39
362.90000000000146	48
363.0	55
363.0	58
363.0	30
363.0	21
363.0	26
364.0	35
364.1000000000058	39
364.1000000000058	34
364.20000000000437	43
364.3000000000029	27
364.70000000000437	18
364.70000000000437	18
364.70000000000437	14
364.70000000000437	14
364.70000000000437	14
364.70000000000437	35
364.70000000000437	20
364.70000000000437	58
364.70000000000437	26
364.70000000000437	26
364.70000000000437	33
364.70000000000437	33
364.70000000000437	45
364.70000000000437	47
364.70000000000437	47
364.70000000000437	40
364.70000000000437	40
364.70000000000437	43
364.70000000000437	43
365.6000000000058	34
364.90000000000146	61
364.90000000000146	36
364.90000000000146	41
364.90000000000146	41
365.0	54
365.20000000000437	49
364.90000000000146	58
364.90000000000146	38
364.90000000000146	38
365.0	47
367.6000000000058	21
368.20000000000437	54
367.90000000000146	18
368.0	26
368.0	38
368.20000000000437	58
368.40000000000146	35
368.70000000000437	55
368.90000000000146	39
369.1000000000058	39
369.1000000000058	27
369.20000000000437	47
369.20000000000437	45
369.3000000000029	33
369.3000000000029	26
369.3000000000029	43
369.3000000000029	14
369.40000000000146	12
369.40000000000146	34
369.40000000000146	41
369.5	18
369.5	33
369.5	35
369.6000000000058	14
369.6000000000058	55
369.6000000000058	43
369.70000000000437	61
369.70000000000437	35
369.70000000000437	47
369.70000000000437	38
369.70000000000437	18
369.70000000000437	34
370.0	26
370.0	26
370.5	58
370.6000000000058	43
370.40000000000146	49
370.40000000000146	41
370.6000000000058	54
370.6000000000058	40
370.70000000000437	36
369.90000000000146	47
370.0	58
374.3000000000029	34
374.3000000000029	41
374.3000000000029	47
374.3000000000029	47
374.3000000000029	33
374.3000000000029	39
374.3000000000029	39
374.3000000000029	14
374.3000000000029	27
374.3000000000029	26
374.3000000000029	43
374.40000000000146	45
374.40000000000146	21
374.40000000000146	43
374.40000000000146	26
374.40000000000146	36
374.5	49
374.5	38
374.6000000000058	26
374.6000000000058	35
374.70000000000437	61
374.70000000000437	55
374.70000000000437	18
374.70000000000437	20
374.70000000000437	18
374.70000000000437	54
374.70000000000437	43
374.70000000000437	34
375.40000000000146	58
375.3000000000029	41
375.6000000000058	26
375.6000000000058	26
374.90000000000146	12
374.90000000000146	47
374.90000000000146	47
375.40000000000146	56
375.40000000000146	49
375.40000000000146	49
375.40000000000146	56
375.40000000000146	48
375.40000000000146	48
375.5	33
375.5	58
374.90000000000146	40
374.90000000000146	35
375.1000000000058	21
379.6000000000058	56
379.6000000000058	27
379.6000000000058	36
379.6000000000058	36
379.6000000000058	39
379.6000000000058	43
379.6000000000058	43
379.6000000000058	49
379.6000000000058	41
379.6000000000058	21
379.6000000000058	38
379.6000000000058	42
379.6000000000058	33
379.6000000000058	14
379.6000000000058	58
379.6000000000058	47
379.6000000000058	47
379.6000000000058	47
379.6000000000058	26
379.6000000000058	26
379.6000000000058	42
379.6000000000058	30
379.70000000000437	43
379.70000000000437	55
379.70000000000437	55
379.70000000000437	33
380.20000000000437	21
380.20000000000437	54
380.20000000000437	61
380.20000000000437	61
380.20000000000437	41
380.20000000000437	41
380.20000000000437	56
380.20000000000437	49
380.20000000000437	49
380.20000000000437	48
380.20000000000437	48
380.20000000000437	18
380.20000000000437	18
380.20000000000437	58
380.20000000000437	62
380.20000000000437	47
380.20000000000437	12
380.20000000000437	35
380.20000000000437	35
380.20000000000437	26
381.0	34
384.1000000000058	14
384.3000000000029	21
384.3000000000029	30
384.3000000000029	49
384.3000000000029	20
384.40000000000146	61
384.40000000000146	58
384.40000000000146	47
384.40000000000146	43
384.40000000000146	39
384.40000000000146	56
384.40000000000146	41
384.5	33
384.5	26
384.5	36
384.6000000000058	18
384.6000000000058	42
384.70000000000437	43
384.70000000000437	43
384.70000000000437	26
384.70000000000437	18
384.70000000000437	14
384.70000000000437	33
384.70000000000437	34
384.70000000000437	55
384.70000000000437	55
385.6000000000058	62
385.20000000000437	38
385.20000000000437	47
385.3000000000029	49
385.3000000000029	48
385.3000000000029	49
385.3000000000029	54
385.3000000000029	56
385.40000000000146	48
385.6000000000058	41
385.70000000000437	41
384.90000000000146	61
384.90000000000146	35
385.3000000000029	35
389.20000000000437	14
389.40000000000146	49
389.40000000000146	48
389.5	21
389.5	58
389.5	55
389.5	18
389.5	20
389.6000000000058	14
389.6000000000058	62
389.6000000000058	18
389.70000000000437	33
389.70000000000437	36
389.70000000000437	38
389.70000000000437	43
389.70000000000437	43
389.70000000000437	55
389.70000000000437	55
389.70000000000437	34
389.70000000000437	33
389.70000000000437	26
389.70000000000437	42
390.5	40
389.90000000000146	61
390.1000000000058	35
390.3000000000029	41
390.40000000000146	54
390.40000000000146	14
390.5	49
389.90000000000146	56
389.90000000000146	56
389.90000000000146	48
389.90000000000146	38
390.0	47
394.1000000000058	27
394.1000000000058	56
394.20000000000437	49
394.20000000000437	34
394.3000000000029	48
394.5	36
394.5	20
394.6000000000058	20
394.6000000000058	18
394.6000000000058	62
394.6000000000058	18
394.6000000000058	36
394.6000000000058	21
394.6000000000058	27
394.6000000000058	34
394.70000000000437	55
394.70000000000437	18
394.70000000000437	14
394.70000000000437	55
394.70000000000437	38
394.70000000000437	33
394.70000000000437	58
394.70000000000437	54
394.90000000000146	55
395.0	40
395.20000000000437	34
395.20000000000437	61
395.20000000000437	26
395.20000000000437	41
395.20000000000437	42
395.20000000000437	35
395.6000000000058	47
394.90000000000146	43
394.90000000000146	14
395.0	49
395.0	48
395.0	56
395.0	56
395.0	38
397.3000000000029	27
397.40000000000146	38
397.6000000000058	40
397.90000000000146	38
398.0	54
398.20000000000437	27
398.6000000000058	61
399.1000000000058	35
399.20000000000437	56
399.3000000000029	27
399.3000000000029	49
399.3000000000029	48
399.3000000000029	30
399.5	27
399.5	56
399.5	12
399.5	36
399.5	12
399.6000000000058	26
399.6000000000058	18
399.6000000000058	18
399.6000000000058	38
399.6000000000058	55
399.6000000000058	36
399.70000000000437	38
399.70000000000437	62
399.70000000000437	20
399.70000000000437	14
399.70000000000437	33
400.0	55
400.40000000000146	35
400.6000000000058	34
399.90000000000146	42
399.90000000000146	42
400.0	18
400.0	30
400.20000000000437	41
400.70000000000437	40
399.90000000000146	61
399.90000000000146	54
399.90000000000146	43
399.90000000000146	49
399.90000000000146	56
399.90000000000146	56
399.90000000000146	14
399.90000000000146	21
399.90000000000146	21
399.90000000000146	26
399.90000000000146	55
399.90000000000146	47
400.0	58
400.0	48
400.0	48
400.0	48
400.1000000000058	38
401.0	61
402.20000000000437	35
402.3000000000029	27
402.5	35
402.6000000000058	38
402.90000000000146	56
403.0	54
403.1000000000058	27
404.0	36
404.1000000000058	42
404.20000000000437	21
404.20000000000437	18
404.20000000000437	58
404.3000000000029	12
404.3000000000029	48
404.3000000000029	41
404.40000000000146	20
404.40000000000146	34
404.40000000000146	35
404.40000000000146	56
404.40000000000146	12
404.40000000000146	30
404.5	12
404.5	12
404.5	43
404.5	56
404.5	36
404.6000000000058	38
404.6000000000058	26
404.6000000000058	49
404.6000000000058	49
404.6000000000058	49
404.6000000000058	20
404.6000000000058	55
404.6000000000058	55
404.70000000000437	34
404.70000000000437	30
404.70000000000437	21
404.70000000000437	21
404.70000000000437	35
404.70000000000437	35
404.70000000000437	14
404.70000000000437	62
404.70000000000437	36
405.3000000000029	33
405.5	48
405.0	27
405.1000000000058	56
405.3000000000029	47
405.3000000000029	55
405.40000000000146	42
405.40000000000146	42
405.40000000000146	56
405.40000000000146	43
405.40000000000146	48
405.40000000000146	48
405.5	26
405.5	39
404.90000000000146	18
404.90000000000146	18
404.90000000000146	38
404.90000000000146	54
404.90000000000146	41
405.0	56
405.1000000000058	58
405.1000000000058	40
405.1000000000058	61
405.70000000000437	61
407.20000000000437	35
407.6000000000058	21
408.3000000000029	56
409.0	21
409.1000000000058	42
409.1000000000058	36
409.1000000000058	58
409.1000000000058	18
409.20000000000437	30
409.3000000000029	40
409.3000000000029	20
409.3000000000029	43
409.40000000000146	38
409.40000000000146	56
409.40000000000146	48
409.40000000000146	30
409.40000000000146	12
409.40000000000146	12
409.40000000000146	56
409.40000000000146	36
409.40000000000146	12
409.5	27
409.5	49
409.5	35
409.5	41
409.5	49
409.6000000000058	20
409.6000000000058	55
409.6000000000058	14
409.6000000000058	26
409.6000000000058	48
409.6000000000058	47
409.70000000000437	18
409.70000000000437	20
409.70000000000437	30
409.70000000000437	21
409.70000000000437	39
409.70000000000437	35
409.70000000000437	33
409.70000000000437	58
409.70000000000437	55
409.70000000000437	18
409.70000000000437	43
409.70000000000437	14
409.70000000000437	36
410.1000000000058	20
410.5	38
409.90000000000146	34
410.1000000000058	62
410.1000000000058	62
410.20000000000437	48
410.20000000000437	48
410.20000000000437	49
410.20000000000437	56
410.20000000000437	26
410.20000000000437	42
410.20000000000437	42
409.90000000000146	41
409.90000000000146	40
409.90000000000146	61
409.90000000000146	54
410.0	21
410.3000000000029	58
410.3000000000029	61
414.0	55
414.1000000000058	58
414.20000000000437	42
414.20000000000437	38
414.20000000000437	40
414.3000000000029	20
414.3000000000029	43
414.3000000000029	43
414.3000000000029	30
414.40000000000146	35
414.5	55
414.5	30
414.5	40
414.6000000000058	20
414.6000000000058	47
414.6000000000058	14
414.6000000000058	27
414.6000000000058	12
414.6000000000058	12
414.6000000000058	48
414.6000000000058	33
414.6000000000058	14
414.70000000000437	43
414.70000000000437	56
414.70000000000437	20
414.70000000000437	58
414.70000000000437	26
414.70000000000437	62
414.70000000000437	36
414.70000000000437	56
414.70000000000437	49
414.90000000000146	39
415.20000000000437	30
415.3000000000029	36
415.3000000000029	18
415.3000000000029	18
415.40000000000146	18
415.40000000000146	34
415.5	35
415.5	55
414.90000000000146	41
414.90000000000146	41
414.90000000000146	62
414.90000000000146	40
414.90000000000146	48
414.90000000000146	48
414.90000000000146	33
415.0	38
415.0	21
415.0	21
415.0	58
415.1000000000058	54
415.1000000000058	42
415.1000000000058	42
415.20000000000437	61
415.20000000000437	61
419.1000000000058	38
419.1000000000058	40
419.20000000000437	58
419.20000000000437	26
419.3000000000029	45
419.3000000000029	42
419.3000000000029	55
419.3000000000029	43
419.3000000000029	34
419.3000000000029	58
419.40000000000146	18
419.40000000000146	30
419.40000000000146	43
419.5	14
419.5	42
419.5	33
419.5	12
419.5	12
419.5	35
419.5	40
419.5	30
419.5	27
419.6000000000058	61
419.6000000000058	47
419.6000000000058	12
419.6000000000058	42
419.6000000000058	20
419.6000000000058	20
419.6000000000058	48
419.6000000000058	26
419.6000000000058	36
419.6000000000058	45
419.6000000000058	33
419.70000000000437	39
419.70000000000437	35
419.70000000000437	38
419.70000000000437	14
419.70000000000437	55
419.70000000000437	20
419.70000000000437	30
419.70000000000437	62
420.20000000000437	43
420.3000000000029	18
420.3000000000029	18
420.40000000000146	36
420.6000000000058	34
420.6000000000058	41
419.90000000000146	30
419.90000000000146	56
419.90000000000146	48
419.90000000000146	40
419.90000000000146	40
419.90000000000146	54
420.0	49
420.0	58
420.0	21
420.0	21
420.3000000000029	61
424.0	27
424.20000000000437	18
424.20000000000437	42
424.3000000000029	36
424.40000000000146	55
424.40000000000146	14
424.40000000000146	42
425.3000000000029	42
425.3000000000029	42
425.3000000000029	48
425.3000000000029	48
425.3000000000029	40
425.3000000000029	40
425.3000000000029	40
425.3000000000029	58
425.3000000000029	58
425.3000000000029	30
425.3000000000029	30
425.3000000000029	30
425.3000000000029	30
425.3000000000029	18
425.3000000000029	18
425.3000000000029	35
425.3000000000029	35
425.3000000000029	45
425.3000000000029	56
425.40000000000146	55
425.40000000000146	36
425.40000000000146	36
425.40000000000146	47
425.40000000000146	26
425.40000000000146	39
425.40000000000146	49
425.40000000000146	34
425.40000000000146	14
425.40000000000146	41
426.6000000000058	62
425.90000000000146	38
425.90000000000146	33
425.90000000000146	33
425.90000000000146	12
425.90000000000146	12
425.90000000000146	12
425.90000000000146	43
425.90000000000146	21
425.90000000000146	21
426.5	20
426.5	20
426.5	20
426.5	27
426.5	27
426.5	61
426.5	61
426.5	54
429.1000000000058	27
429.1000000000058	18
429.3000000000029	42
429.3000000000029	42
429.40000000000146	40
429.40000000000146	30
429.40000000000146	34
429.40000000000146	12
429.5	36
429.5	20
429.5	58
429.6000000000058	12
429.6000000000058	27
429.6000000000058	12
429.6000000000058	48
429.6000000000058	34
429.70000000000437	38
429.70000000000437	54
429.70000000000437	34
429.70000000000437	21
429.70000000000437	35
429.70000000000437	36
429.70000000000437	61
429.70000000000437	20
429.70000000000437	43
429.70000000000437	42
429.70000000000437	39
429.70000000000437	42
429.70000000000437	41
429.70000000000437	40
429.70000000000437	33
429.70000000000437	36
429.70000000000437	26
429.70000000000437	26
430.1000000000058	30
429.90000000000146	27
429.90000000000146	45
429.90000000000146	21
429.90000000000146	30
429.90000000000146	58
429.90000000000146	56
429.90000000000146	40
429.90000000000146	55
429.90000000000146	62
430.0	12
430.0	47
430.0	49
430.0	48
430.0	18
430.0	18
431.1000000000058	61
432.6000000000058	35
433.3000000000029	27
434.20000000000437	42
434.20000000000437	27
434.3000000000029	30
434.40000000000146	35
434.40000000000146	26
434.5	12
434.5	58
434.5	40
434.5	40
434.5	12
434.5	54
434.6000000000058	54
434.6000000000058	58
434.6000000000058	21
434.6000000000058	42
434.6000000000058	48
434.6000000000058	48
434.6000000000058	12
435.0	41
435.0	30
435.1000000000058	39
435.1000000000058	33
435.1000000000058	21
435.1000000000058	21
435.20000000000437	42
435.3000000000029	26
435.40000000000146	62
435.40000000000146	48
435.5	38
435.6000000000058	30
434.90000000000146	55
434.90000000000146	27
434.90000000000146	27
434.90000000000146	35
434.90000000000146	42
434.90000000000146	18
435.0	56
435.0	36
435.0	45
435.0	40
435.0	54
435.1000000000058	61
435.1000000000058	12
435.1000000000058	47
435.1000000000058	49
437.3000000000029	35
437.5	35
437.70000000000437	18
439.3000000000029	45
439.3000000000029	30
439.3000000000029	58
439.3000000000029	55
439.5	40
439.6000000000058	21
439.6000000000058	54
439.6000000000058	35
439.70000000000437	58
439.70000000000437	27
439.70000000000437	21
439.70000000000437	12
440.1000000000058	39
440.1000000000058	33
440.3000000000029	21
440.40000000000146	45
440.40000000000146	30
440.5	56
440.6000000000058	38
439.90000000000146	41
439.90000000000146	26
439.90000000000146	42
439.90000000000146	49
439.90000000000146	62
439.90000000000146	35
439.90000000000146	27
439.90000000000146	36
439.90000000000146	48
439.90000000000146	45
440.0	47
440.0	40
440.0	61
440.0	54
440.0	54
440.0	55
442.5	49
443.3000000000029	18
444.20000000000437	27
444.40000000000146	55
444.40000000000146	30
444.40000000000146	30
444.40000000000146	45
444.40000000000146	38
444.5	21
444.5	54
444.6000000000058	41
444.6000000000058	39
444.6000000000058	39
444.6000000000058	39
444.6000000000058	27
444.6000000000058	27
444.6000000000058	40
444.6000000000058	35
445.0	45
445.0	33
445.1000000000058	21
445.1000000000058	45
445.20000000000437	30
444.90000000000146	56
444.90000000000146	42
444.90000000000146	41
444.90000000000146	38
444.90000000000146	54
445.0	48
445.0	47
445.0	55
445.0	49
445.0	21
445.0	26
445.0	27
445.1000000000058	40
445.1000000000058	43
445.1000000000058	36
445.20000000000437	61
449.1000000000058	27
449.20000000000437	55
449.3000000000029	30
449.40000000000146	45
449.40000000000146	35
449.40000000000146	41
449.40000000000146	39
449.5	40
449.5	35
449.6000000000058	39
449.6000000000058	39
449.70000000000437	33
449.70000000000437	56
449.70000000000437	27
449.70000000000437	21
449.70000000000437	45
449.70000000000437	42
450.6000000000058	45
450.6000000000058	27
449.90000000000146	30
449.90000000000146	30
449.90000000000146	40
449.90000000000146	56
450.0	49
450.0	26
450.0	54
450.0	61
450.1000000000058	38
450.1000000000058	43
450.1000000000058	27
450.1000000000058	55
450.1000000000058	47
450.1000000000058	41
450.1000000000058	48
450.20000000000437	36
450.3000000000029	35
450.3000000000029	62
451.0	62
451.0	62
454.0	27
454.1000000000058	54
454.1000000000058	36
454.20000000000437	35
454.20000000000437	21
454.3000000000029	30
454.3000000000029	18
454.40000000000146	41
454.40000000000146	35
454.40000000000146	42
454.40000000000146	38
454.40000000000146	45
454.5	41
454.5	39
454.6000000000058	45
454.6000000000058	39
454.6000000000058	39
454.70000000000437	27
454.70000000000437	33
455.1000000000058	30
455.0	56
455.0	43
455.0	27
455.0	55
455.0	45
455.6000000000058	18
455.6000000000058	62
455.70000000000437	35
455.70000000000437	49
455.70000000000437	38
455.70000000000437	62
455.70000000000437	26
455.70000000000437	41
455.70000000000437	40
455.70000000000437	54
455.70000000000437	54
455.70000000000437	27
455.70000000000437	61
456.3000000000029	48
458.40000000000146	35
458.40000000000146	35
459.5	35
459.5	35
459.0	27
459.1000000000058	21
459.1000000000058	35
459.20000000000437	54
459.20000000000437	36
459.3000000000029	18
459.3000000000029	38
459.5	45
459.5	39
459.5	45
459.5	27
459.6000000000058	39
459.70000000000437	39
460.0	33
460.6000000000058	54
459.90000000000146	55
460.0	56
460.0	58
460.0	43
460.0	26
460.0	49
460.1000000000058	61
460.1000000000058	40
460.1000000000058	54
460.1000000000058	27
460.1000000000058	48
460.1000000000058	38
460.1000000000058	41
460.20000000000437	35
460.3000000000029	18
460.40000000000146	62
460.40000000000146	62
463.90000000000146	35
464.0	21
464.20000000000437	54
464.3000000000029	35
464.40000000000146	36
464.40000000000146	38
464.5	45
464.5	45
464.6000000000058	39
465.3000000000029	55
464.90000000000146	39
465.0	41
465.0	26
465.0	56
465.0	58
465.0	33
465.0	27
465.0	61
465.0	54
465.0	35
465.1000000000058	49
465.1000000000058	40
465.1000000000058	62
465.1000000000058	62
465.1000000000058	48
465.20000000000437	47
465.20000000000437	18
465.6000000000058	35
465.6000000000058	35
469.1000000000058	21
469.3000000000029	43
469.3000000000029	54
469.40000000000146	45
469.40000000000146	35
469.5	38
469.6000000000058	36
469.6000000000058	39
469.70000000000437	45
469.70000000000437	62
469.70000000000437	39
470.20000000000437	55
470.3000000000029	62
470.0	33
470.0	54
470.0	56
470.1000000000058	26
470.1000000000058	41
470.1000000000058	49
470.1000000000058	48
470.1000000000058	61
470.1000000000058	58
470.20000000000437	40
470.20000000000437	27
470.20000000000437	35
470.20000000000437	18
470.90000000000146	47
471.0	35
474.1000000000058	41
474.3000000000029	43
474.3000000000029	49
474.40000000000146	62
474.5	45
474.5	38
474.6000000000058	39
474.70000000000437	43
474.70000000000437	39
474.70000000000437	62
474.70000000000437	36
475.5	45
474.90000000000146	45
475.0	33
475.0	41
475.0	21
475.0	35
475.0	48
475.0	49
475.1000000000058	43
475.1000000000058	26
475.20000000000437	58
475.20000000000437	40
475.20000000000437	61
475.20000000000437	54
475.20000000000437	55
475.20000000000437	27
475.20000000000437	56
475.20000000000437	35
475.20000000000437	47
475.20000000000437	18
475.3000000000029	35
477.6000000000058	41
477.90000000000146	39
478.0	45
479.1000000000058	41
479.20000000000437	43
479.40000000000146	62
479.40000000000146	38
479.5	49
479.6000000000058	40
479.6000000000058	39
479.6000000000058	39
479.6000000000058	45
479.70000000000437	39
479.90000000000146	62
480.0	43
480.20000000000437	18
480.6000000000058	42
480.70000000000437	48
479.90000000000146	30
479.90000000000146	35
479.90000000000146	33
479.90000000000146	35
479.90000000000146	36
479.90000000000146	43
479.90000000000146	45
480.0	21
480.0	35
480.0	49
480.0	61
480.1000000000058	54
480.20000000000437	58
480.20000000000437	47
480.20000000000437	27
480.20000000000437	40
480.20000000000437	18
480.20000000000437	55
480.20000000000437	41
480.3000000000029	56
480.40000000000146	35
480.5	35
481.3000000000029	35
481.3000000000029	35
482.5	41
483.5	39
483.1000000000058	45
484.1000000000058	45
484.1000000000058	61
484.5	62
484.70000000000437	40
485.5	45
485.0	48
485.70000000000437	62
484.90000000000146	54
484.90000000000146	30
484.90000000000146	33
484.90000000000146	35
484.90000000000146	58
484.90000000000146	39
485.0	18
485.0	45
485.0	36
485.1000000000058	42
485.1000000000058	40
485.20000000000437	21
485.20000000000437	49
485.20000000000437	35
485.20000000000437	35
485.20000000000437	61
485.20000000000437	41
485.20000000000437	62
485.20000000000437	54
485.3000000000029	55
485.40000000000146	27
485.40000000000146	35
485.40000000000146	35
485.40000000000146	18
485.5	47
486.40000000000146	35
487.90000000000146	39
489.20000000000437	45
489.3000000000029	54
489.3000000000029	38
489.3000000000029	21
489.6000000000058	61
489.70000000000437	45
490.1000000000058	35
490.1000000000058	45
490.1000000000058	48
490.1000000000058	36
490.1000000000058	54
490.20000000000437	58
490.20000000000437	33
490.20000000000437	39
490.20000000000437	40
490.20000000000437	35
490.20000000000437	42
490.20000000000437	42
490.20000000000437	35
490.20000000000437	61
490.20000000000437	55
490.20000000000437	18
490.20000000000437	18
490.20000000000437	21
490.20000000000437	21
490.3000000000029	54
490.3000000000029	35
490.3000000000029	49
490.3000000000029	41
490.40000000000146	47
490.40000000000146	62
491.20000000000437	35
494.20000000000437	55
494.3000000000029	38
494.40000000000146	45
494.5	45
494.70000000000437	45
495.0	36
494.90000000000146	48
495.0	40
495.0	58
495.0	35
495.0	61
495.0	42
495.0	35
495.1000000000058	30
495.1000000000058	27
495.1000000000058	39
495.20000000000437	42
495.20000000000437	45
495.20000000000437	36
495.20000000000437	61
495.20000000000437	35
495.20000000000437	21
495.3000000000029	47
495.3000000000029	47
495.3000000000029	35
495.3000000000029	49
495.3000000000029	55
495.40000000000146	41
495.40000000000146	54
495.40000000000146	62
496.0	35
499.3000000000029	41
499.40000000000146	38
499.5	55
499.5	45
499.6000000000058	36
500.0	55
500.0	35
500.1000000000058	35
500.1000000000058	42
500.1000000000058	48
500.1000000000058	40
500.1000000000058	42
500.1000000000058	39
500.1000000000058	45
500.20000000000437	30
500.3000000000029	36
500.3000000000029	47
500.3000000000029	47
500.3000000000029	35
500.3000000000029	61
500.3000000000029	41
500.3000000000029	35
500.3000000000029	45
500.40000000000146	27
500.40000000000146	62
500.40000000000146	49
500.40000000000146	54
500.70000000000437	35
501.0	35
501.0	35
504.5	36
504.70000000000437	55
505.0	39
505.20000000000437	45
505.20000000000437	45
505.3000000000029	35
505.3000000000029	42
505.3000000000029	42
505.3000000000029	41
505.3000000000029	35
505.3000000000029	35
505.3000000000029	35
505.3000000000029	40
505.3000000000029	61
505.3000000000029	47
505.3000000000029	35
505.3000000000029	36
505.3000000000029	38
505.3000000000029	38
505.3000000000029	55
505.3000000000029	48
505.6000000000058	35
505.6000000000058	49
505.6000000000058	54
505.6000000000058	62
505.70000000000437	35
508.5	35
508.5	35
509.40000000000146	36
509.70000000000437	55
510.40000000000146	35
509.90000000000146	39
510.1000000000058	45
510.1000000000058	42
510.1000000000058	41
510.1000000000058	38
510.1000000000058	35
510.1000000000058	45
510.20000000000437	35
510.3000000000029	35
510.3000000000029	36
510.3000000000029	49
510.3000000000029	47
510.3000000000029	35
510.40000000000146	35
510.40000000000146	42
510.40000000000146	48
510.40000000000146	55
510.40000000000146	40
510.40000000000146	61
510.40000000000146	35
510.40000000000146	35
510.40000000000146	56
510.40000000000146	62
510.5	54
510.5	27
510.6000000000058	35
514.0	35
514.5	55
515.2000000000044	35
514.9000000000015	35
515.1000000000058	35
515.1000000000058	45
515.1000000000058	38
515.1000000000058	42
515.1000000000058	39
515.2000000000044	45
515.3000000000029	35
515.3000000000029	41
515.3000000000029	35
515.4000000000015	42
515.4000000000015	39
515.4000000000015	35
515.4000000000015	27
515.5	62
515.5	35
515.5	48
515.5	56
515.5	61
515.5	40
515.5	35
515.5	54
515.5	55
515.5	47
515.6000000000058	35
515.7000000000044	35
519.4000000000015	35
519.7000000000044	35
520.0	38
520.0	30
520.0	45
520.0	39
520.1000000000058	62
520.1000000000058	42
520.4000000000015	27
520.4000000000015	45
520.4000000000015	39
520.5	35
520.5	41
520.5	55
520.5	47
520.5	40
520.5	54
520.5	35
520.5	61
520.5	42
520.5	35
520.5	35
520.5	48
520.5	56
520.5	35
520.6000000000058	58
520.6000000000058	35
524.5	35
525.2000000000044	35
525.0	30
525.0	38
525.0	42
525.1000000000058	36
525.1000000000058	45
525.1000000000058	58
525.2000000000044	39
525.2000000000044	62
525.3000000000029	35
525.3000000000029	27
525.3000000000029	39
525.4000000000015	35
525.4000000000015	42
525.5	35
525.5	35
525.5	35
525.5	48
525.5	56
525.5	56
525.5	47
525.5	54
525.5	61
525.5	41
525.6000000000058	55
525.6000000000058	58
525.6000000000058	45
525.6000000000058	40
529.5	35
529.7000000000044	35
529.9000000000015	36
530.0	58
530.0	30
530.1000000000058	27
530.1000000000058	39
530.2000000000044	38
530.2000000000044	45
530.2000000000044	56
530.4000000000015	58
530.4000000000015	35
530.4000000000015	35
530.4000000000015	42
530.4000000000015	35
530.4000000000015	35
530.4000000000015	40
530.4000000000015	54
530.4000000000015	35
530.4000000000015	27
530.4000000000015	39
530.5	35
530.5	56
530.5	47
530.5	48
530.5	55
530.5	62
530.6000000000058	61
530.6000000000058	35
530.7000000000044	41
530.7000000000044	45
534.7000000000044	35
535.6000000000058	35
535.2000000000044	33
535.2000000000044	30
535.2000000000044	39
535.2000000000044	56
535.2000000000044	58
535.2000000000044	36
535.3000000000029	38
535.3000000000029	35
535.3000000000029	58
535.3000000000029	35
535.4000000000015	35
535.4000000000015	42
535.4000000000015	27
535.4000000000015	35
535.4000000000015	35
535.4000000000015	35
535.4000000000015	47
535.4000000000015	36
535.4000000000015	40
535.4000000000015	61
535.5	56
535.5	48
535.5	35
535.5	41
535.5	55
535.5	54
535.5	45
535.5	62
535.5	39
539.9000000000015	35
540.0	58
540.1000000000058	36
540.1000000000058	35
540.2000000000044	39
540.2000000000044	56
540.3000000000029	38
540.3000000000029	35
540.3000000000029	35
540.3000000000029	45
540.3000000000029	42
540.4000000000015	33
540.4000000000015	35
540.4000000000015	35
540.5	41
540.5	35
540.5	35
540.5	39
540.5	35
540.5	58
540.5	27
540.5	56
540.5	48
540.5	36
540.5	47
540.5	55
540.6000000000058	61
540.6000000000058	35
540.6000000000058	40
540.6000000000058	54
540.6000000000058	62
545.2000000000044	56
545.3000000000029	58
545.3000000000029	35
545.3000000000029	45
545.3000000000029	41
545.3000000000029	39
545.3000000000029	36
545.3000000000029	42
545.3000000000029	61
545.3000000000029	35
545.5	35
545.5	33
545.5	35
545.5	58
545.5	39
545.5	35
545.5	47
545.5	35
545.5	36
545.5	27
545.6000000000058	55
545.6000000000058	35
545.6000000000058	40
545.6000000000058	35
545.7000000000044	56
545.7000000000044	62
550.3000000000029	45
550.4000000000015	58
550.4000000000015	35
550.4000000000015	41
550.4000000000015	42
550.4000000000015	35
550.5	39
550.5	58
550.5	33
550.5	33
550.6000000000058	36
550.6000000000058	36
550.6000000000058	61
550.6000000000058	35
550.7000000000044	62
550.7000000000044	47
550.7000000000044	56
555.5	36
555.5	36
555.5	58
555.5	33
555.7000000000044	62
560.5	36
565.3000000000029	36
600.4000000000015	33
605.6000000000058	27
