0	7
2	7
4	92
4	7
5	92
6	7
6	92
8	7
8	92
8	17
10	7
10	92
10	17
12	7
12	92
12	17
14	7
14	92
14	17
15	36
16	7
16	92
16	17
17	36
18	72
18	9
18	7
18	92
18	38
18	17
19	14
19	92
19	72
19	6
19	66
19	9
19	7
19	36
19	35
19	76
19	72
20	38
20	52
20	7
20	14
20	9
20	92
20	66
20	17
20	76
20	72
20	83
21	52
21	36
21	38
21	92
21	14
21	9
21	7
21	66
21	35
21	76
21	72
21	83
21	6
22	52
22	16
22	7
22	9
22	92
22	14
22	6
22	17
22	66
22	83
22	76
23	52
23	38
23	36
23	72
23	7
23	92
23	14
23	9
23	38
23	6
23	66
23	35
23	23
23	29
23	83
23	76
23	72
24	87
24	16
24	52
24	7
24	9
24	14
24	92
24	35
24	6
24	64
24	17
24	66
24	43
24	23
24	76
24	83
25	36
25	72
25	16
25	75
25	29
25	52
25	87
25	7
25	38
25	14
25	9
25	92
25	35
25	6
25	64
25	66
25	52
25	23
25	29
25	43
25	76
25	72
25	83
26	87
26	16
26	9
26	14
26	92
26	7
26	35
26	6
26	64
26	17
26	66
26	43
26	52
26	23
26	29
26	38
26	83
26	99
26	76
26	72
27	36
27	75
27	16
27	87
27	28
27	7
27	9
27	92
27	70
27	20
27	35
27	38
27	66
27	43
27	69
27	6
27	64
27	83
27	14
27	76
27	99
27	52
27	17
28	29
28	23
28	87
28	16
28	28
28	72
28	7
28	51
28	14
28	36
28	92
28	11
28	9
28	86
28	53
28	16
28	70
28	35
28	38
28	17
28	66
28	20
28	43
28	64
28	52
28	6
28	76
28	23
28	29
28	83
28	75
28	99
28	72
28	69
28	28
29	87
29	4
29	16
29	7
29	11
29	51
29	9
29	14
29	92
29	36
29	17
29	86
29	70
29	64
29	53
29	35
29	66
29	76
29	69
29	43
29	23
29	99
29	28
29	72
30	20
30	83
30	6
30	16
30	7
30	51
30	9
30	38
30	29
30	87
30	92
30	14
30	52
30	36
30	17
30	11
30	53
30	86
30	35
30	70
30	20
30	38
30	6
30	76
30	66
30	52
30	43
30	69
30	64
30	83
30	72
30	23
30	29
30	28
31	75
31	4
31	99
31	87
31	16
32	43
32	53
32	11
32	86
32	52
32	76
32	51
32	7
32	66
32	64
32	69
32	23
32	59
32	2
32	6
32	38
32	36
32	36
32	20
32	72
32	28
32	87
32	58
32	35
32	92
32	99
32	29
32	70
32	14
32	84
32	11
32	14
32	66
32	7
32	70
32	43
32	3
32	86
32	84
32	23
32	64
32	29
32	92
32	31
32	16
32	59
32	39
32	99
32	69
32	51
32	2
32	75
32	75
32	15
33	36
33	38
33	87
33	28
33	58
33	72
33	52
33	20
33	53
33	35
33	79
33	4
33	83
33	83
33	6
33	16
33	31
33	79
33	27
33	7
33	88
33	51
33	48
33	76
33	92
33	17
33	17
33	11
33	14
33	87
33	84
33	9
33	9
33	9
33	17
33	86
33	61
33	53
33	22
33	39
33	3
33	35
33	20
33	70
33	38
33	43
33	27
33	64
33	6
33	76
33	75
33	36
33	66
33	52
34	59
34	2
34	58
34	72
34	58
34	69
34	69
34	3
34	29
34	70
34	88
34	51
34	76
35	87
35	66
35	7
35	39
35	14
35	72
35	43
35	28
35	28
35	64
35	84
35	23
35	23
35	15
35	2
35	15
35	4
35	4
35	79
35	48
35	20
35	92
35	79
35	35
35	61
35	38
35	59
35	29
35	52
35	31
35	31
35	7
35	11
35	88
35	48
35	75
35	92
35	36
35	22
35	11
35	51
35	14
35	53
35	99
35	99
35	84
35	17
35	87
35	17
35	83
35	83
35	9
35	9
35	22
35	61
35	64
35	53
35	6
35	75
35	6
35	39
35	3
35	66
35	69
35	20
36	99
36	29
36	27
36	27
36	86
36	86
36	35
36	70
36	58
36	72
36	16
36	16
36	38
36	23
36	83
36	52
36	59
36	76
36	36
36	31
36	16
36	79
36	48
36	51
36	9
36	11
36	14
36	92
36	87
36	43
36	7
36	4
36	88
36	28
36	84
36	15
36	86
36	61
36	22
36	53
36	17
36	2
36	20
36	76
36	39
36	6
36	3
36	75
36	35
36	69
36	38
36	27
36	64
36	36
36	66
36	70
36	52
36	23
36	29
36	83
36	43
36	2
36	59
36	72
36	58
36	4
37	99
37	28
37	15
37	31
37	16
37	32
37	79
37	7
37	92
37	88
37	11
37	48
37	51
37	9
37	87
37	84
37	86
37	53
37	17
37	22
37	39
37	3
37	35
37	20
37	70
37	38
37	75
37	60
37	6
37	64
37	14
37	69
37	61
37	66
37	44
37	43
37	27
37	52
37	36
37	76
37	83
37	99
37	2
37	59
37	45
37	23
37	29
37	4
38	15
38	58
38	72
38	28
38	81
38	16
38	31
38	7
38	88
38	48
38	51
38	14
38	92
38	87
38	84
38	47
38	79
38	11
38	17
38	32
38	41
38	86
38	61
38	53
38	22
38	74
38	39
38	3
38	20
38	70
38	38
38	60
38	75
38	9
38	6
38	76
38	44
38	43
38	27
38	36
38	64
38	69
38	2
38	99
38	59
38	72
38	58
38	29
38	4
38	83
38	66
38	28
39	23
39	15
39	45
39	81
39	31
39	32
39	79
39	88
39	51
39	48
39	9
39	92
39	41
39	87
39	84
39	47
39	11
39	14
39	7
39	16
39	17
39	86
39	61
39	53
39	22
39	74
39	39
39	3
39	20
39	70
39	6
39	64
39	66
39	69
39	52
39	35
39	35
39	36
39	27
39	43
39	23
39	76
39	99
39	4
39	83
39	28
39	58
39	72
40	81
40	45
40	2
40	15
40	16
40	31
40	32
40	79
40	38
40	60
40	29
40	75
40	44
40	59
40	52
40	7
40	48
40	51
40	9
40	92
40	88
40	11
40	14
40	41
40	47
40	86
40	17
40	61
40	74
40	87
40	84
40	53
40	39
40	3
40	70
40	22
40	64
40	69
40	66
40	20
40	43
40	38
40	27
40	60
40	75
40	6
40	76
40	93
40	35
40	44
40	4
40	83
40	36
40	99
40	59
40	58
40	52
40	72
41	29
41	28
41	15
41	2
41	23
41	81
41	45
41	16
41	31
41	92
41	48
41	11
41	51
41	9
41	41
41	87
41	14
41	88
41	7
41	47
41	84
41	79
41	86
41	17
41	61
41	53
41	22
41	70
41	38
41	64
41	6
41	60
41	74
41	76
41	39
41	69
41	66
41	20
41	75
41	44
41	52
41	43
41	32
41	27
41	36
41	35
41	3
41	23
41	29
41	93
41	15
41	58
41	72
42	81
42	83
42	28
42	99
42	45
42	59
42	16
42	31
42	32
42	79
42	2
42	88
42	11
42	48
42	51
42	9
42	7
42	41
42	87
42	4
42	47
42	84
42	92
42	86
42	17
42	53
42	74
42	14
42	22
42	3
42	39
42	61
42	20
42	70
42	38
42	75
42	60
42	76
42	66
42	44
42	69
42	43
42	27
42	52
42	93
42	6
42	35
42	36
42	64
42	29
42	83
42	45
42	23
42	4
42	99
42	2
43	15
43	81
43	58
43	72
43	59
43	28
43	16
43	31
43	32
43	79
43	88
43	51
43	7
43	11
43	14
43	48
43	92
43	87
43	47
43	84
43	41
43	9
43	17
43	86
43	53
43	22
43	74
43	80
43	61
43	39
43	60
43	75
43	64
43	76
43	3
43	66
43	35
43	70
43	43
43	6
43	20
43	38
43	27
43	52
43	36
43	44
43	93
43	23
43	29
43	83
43	69
43	58
43	4
43	45
43	2
44	28
44	15
44	72
44	59
44	99
44	81
44	16
44	31
44	32
44	79
44	88
44	48
44	51
44	9
44	7
44	11
44	14
44	41
44	87
44	84
44	17
44	61
44	53
44	47
44	74
44	80
44	39
44	3
44	20
44	86
44	64
44	6
44	76
44	22
44	35
44	66
44	69
44	92
44	43
44	27
44	93
44	99
44	72
44	58
44	81
44	36
44	23
45	28
45	83
45	2
45	15
45	4
45	45
45	16
45	32
45	79
45	7
45	88
45	48
45	11
45	9
45	14
45	75
45	70
45	59
45	29
45	41
45	38
45	44
45	92
45	51
45	84
45	47
45	87
45	86
45	17
45	53
45	61
45	22
45	74
45	80
45	52
45	39
45	3
45	35
45	70
45	60
45	60
45	76
45	20
45	66
45	31
45	43
45	38
45	69
45	93
45	36
45	52
45	75
45	6
45	64
45	44
45	23
45	29
45	27
45	4
45	83
45	94
45	59
45	58
45	99
45	72
46	81
46	2
46	45
46	90
46	28
46	15
46	16
46	31
46	32
46	79
46	48
46	9
46	51
46	92
46	84
46	47
46	11
46	87
46	7
46	17
46	86
46	88
46	53
46	22
46	74
46	41
46	80
47	64
47	66
47	39
47	3
47	43
47	81
47	70
47	72
47	52
47	16
47	59
47	38
47	15
47	32
47	14
47	69
47	58
47	21
47	27
47	11
47	76
47	45
47	48
47	75
47	6
48	22
48	80
48	6
48	64
48	74
48	99
48	99
48	60
48	60
48	27
48	21
48	3
48	15
48	76
48	72
48	69
48	75
48	51
48	77
48	93
48	93
48	29
48	29
48	52
48	23
48	23
48	83
48	83
48	44
48	44
48	79
48	70
48	43
48	36
48	36
48	87
48	17
48	88
48	84
48	31
48	20
48	20
48	90
48	90
48	45
48	81
48	38
48	59
48	9
48	58
48	2
48	2
48	31
48	86
48	32
48	79
48	35
48	35
48	28
48	28
48	14
48	66
48	53
48	16
48	7
48	7
48	88
48	51
48	4
48	4
48	11
48	14
48	92
48	92
48	87
48	84
48	9
48	39
48	96
48	41
48	41
48	17
48	48
48	96
48	86
48	53
48	22
48	78
48	80
48	77
48	61
48	61
48	61
48	38
48	60
48	75
48	6
48	74
48	94
48	94
48	39
48	3
48	20
48	70
48	44
48	43
48	27
48	64
48	76
48	66
48	21
48	93
48	69
48	36
48	47
48	47
48	52
48	23
48	29
48	4
48	83
48	94
48	99
48	2
48	78
48	59
48	58
48	72
48	81
48	45
48	28
48	15
49	65
49	90
49	35
49	16
49	6
49	20
49	41
49	72
49	76
49	28
49	81
49	35
49	92
49	31
49	32
49	79
49	11
49	23
49	77
50	69
50	87
50	43
50	14
50	51
50	99
50	64
50	74
50	2
50	21
50	36
50	66
50	53
50	3
50	45
50	86
50	39
50	7
50	93
50	83
50	80
50	15
50	4
50	84
50	90
50	58
50	65
50	52
50	27
50	96
50	70
50	75
50	29
50	44
50	60
50	59
50	16
50	31
50	32
50	48
50	79
50	38
50	94
50	88
50	78
50	41
50	92
50	88
50	11
50	87
50	61
50	14
50	7
50	86
51	64
51	52
51	6
51	43
51	39
51	47
51	47
51	74
51	29
51	59
51	77
51	61
51	94
51	83
51	72
51	20
51	38
51	70
51	22
51	22
51	69
51	17
51	17
51	2
51	21
51	84
51	75
51	76
51	3
51	23
51	60
51	93
51	66
51	15
51	31
51	32
51	9
51	9
51	51
51	79
51	5
51	65
51	58
51	16
51	28
51	4
51	27
51	9
51	51
51	41
51	87
51	84
51	47
51	7
51	14
51	35
51	12
51	80
51	45
51	17
51	92
51	88
51	77
51	61
51	22
51	80
51	39
51	3
51	35
51	20
51	70
51	38
51	86
51	74
51	60
51	75
51	11
51	64
51	76
51	93
51	69
51	96
51	96
51	66
51	21
51	52
51	43
51	23
51	44
51	44
51	29
51	4
51	27
51	94
51	2
51	48
51	48
51	59
51	72
51	58
51	45
51	90
51	15
51	78
51	78
52	90
52	36
52	36
52	28
52	65
52	99
52	99
52	62
52	5
52	81
52	81
52	16
52	31
52	32
52	79
52	53
52	53
52	88
52	48
52	9
52	51
52	7
52	12
52	11
52	41
52	83
52	92
52	87
52	84
52	47
52	96
52	17
52	6
52	77
52	14
52	22
52	86
52	74
52	53
52	70
52	38
52	39
52	61
52	6
52	64
52	80
52	43
52	27
52	69
52	75
52	60
52	3
52	20
52	94
52	21
52	66
52	5
52	23
53	59
53	45
53	83
53	62
53	52
53	28
53	72
53	65
53	58
53	36
53	4
53	78
53	29
53	44
53	76
53	15
53	2
53	90
53	16
53	31
53	35
53	99
53	79
53	81
53	92
53	48
53	51
53	11
53	12
53	96
53	88
53	32
53	14
53	87
53	7
53	93
53	17
53	47
53	77
53	61
53	22
53	80
53	9
53	41
53	84
53	86
53	39
53	3
53	35
53	20
53	70
53	38
53	74
53	60
53	75
53	53
53	6
53	64
53	27
53	76
53	69
53	66
53	21
53	52
53	44
53	2
53	78
53	72
53	36
53	23
53	29
53	4
54	99
54	43
54	15
54	58
54	83
54	28
54	59
54	62
54	90
54	16
54	31
54	81
54	32
54	79
54	65
54	5
54	88
54	48
54	9
54	94
54	51
54	14
54	12
54	7
54	41
54	11
54	92
54	87
54	84
54	86
54	96
54	77
54	74
54	22
54	80
54	53
54	61
54	17
54	39
54	3
54	66
54	20
54	6
54	47
54	27
54	64
54	43
54	36
54	69
54	21
54	76
54	23
54	72
54	81
54	28
55	4
55	58
55	45
55	5
55	2
55	45
55	93
55	93
55	83
55	90
55	15
55	99
55	16
55	31
55	32
55	94
55	75
55	70
55	60
55	44
55	59
55	62
55	38
55	79
55	78
55	88
55	51
55	48
55	92
55	52
55	29
55	11
55	14
55	7
55	12
55	87
55	84
55	47
55	96
55	41
55	9
55	86
55	74
55	65
55	53
55	17
55	77
55	61
55	20
55	70
55	35
55	35
55	60
55	75
55	64
55	80
55	39
55	22
55	38
55	69
55	43
55	6
55	93
55	3
55	21
55	76
55	66
55	44
55	52
55	27
55	36
55	72
55	58
55	81
55	23
55	4
55	28
55	94
55	15
55	45
55	99
56	59
56	2
56	62
56	29
56	5
56	83
56	78
56	90
56	16
56	31
56	79
56	92
56	65
56	9
56	14
56	12
56	48
56	88
56	96
56	51
56	41
56	87
56	32
56	84
56	17
56	7
56	47
56	22
56	80
56	86
56	74
56	11
56	39
56	3
56	35
56	70
56	38
56	60
56	64
56	6
56	75
56	61
56	43
56	27
56	77
56	53
56	93
56	66
56	44
56	76
56	69
56	52
56	21
56	23
56	2
56	72
56	58
56	59
56	81
56	36
56	29
56	4
56	5
56	94
57	99
57	65
57	28
57	78
57	15
57	16
57	31
57	79
57	88
57	7
57	48
57	9
57	62
57	32
57	51
57	20
57	12
57	92
57	11
57	41
57	87
57	84
57	47
57	96
57	17
57	14
57	45
57	86
57	83
57	53
57	22
57	80
57	60
57	6
57	74
57	77
57	61
57	39
57	3
57	35
57	66
57	69
57	64
57	93
57	20
57	70
57	21
57	76
57	27
57	38
57	44
57	52
57	43
57	23
57	75
57	29
57	83
57	4
57	5
57	2
57	90
57	78
58	59
58	45
58	81
58	15
58	94
58	62
58	65
58	58
58	28
58	72
58	90
58	36
58	99
58	16
58	31
58	32
58	79
58	92
58	47
58	7
58	48
58	12
58	87
58	14
58	67
58	84
58	9
58	17
58	96
58	80
58	86
58	74
58	39
58	3
58	20
58	70
58	38
58	11
58	60
58	76
58	61
58	64
58	22
58	88
58	51
58	75
58	35
58	44
58	5
58	72
58	23
58	81
58	93
58	4
58	28
59	69
59	59
59	77
59	78
59	29
59	52
59	21
59	66
59	53
59	2
59	16
59	31
59	58
59	51
59	43
59	92
59	47
59	7
59	27
59	15
59	14
59	67
59	86
59	80
59	9
59	74
59	85
59	62
59	32
59	53
59	84
59	96
59	69
59	27
59	66
59	35
59	90
59	41
59	41
59	20
59	21
59	83
59	48
59	23
59	76
59	83
59	4
59	79
59	39
59	61
59	5
59	36
59	36
60	72
60	65
60	65
60	99
60	99
60	12
60	38
60	70
60	29
60	59
60	78
60	44
60	52
60	77
60	22
60	81
60	75
60	79
60	87
60	62
60	2
60	48
60	9
60	51
60	43
60	17
60	31
60	11
60	32
60	14
60	12
60	28
60	16
60	92
60	26
60	90
60	88
60	88
60	87
60	58
60	84
60	96
60	47
60	85
60	17
60	53
60	77
60	61
60	22
60	45
60	45
60	3
60	86
60	11
60	67
60	20
60	70
60	74
60	38
60	75
60	93
60	93
60	7
60	80
60	39
60	3
60	66
60	69
60	44
60	52
60	21
60	27
60	94
60	94
60	43
60	76
60	36
60	99
60	2
60	78
60	72
60	58
60	81
60	29
60	94
60	59
60	5
60	4
61	45
61	28
61	41
61	62
61	23
61	65
61	8
61	35
61	64
61	64
61	15
61	15
61	14
61	51
61	12
61	16
61	87
61	84
61	32
61	11
61	96
61	92
61	67
62	2
62	21
62	65
62	76
62	69
62	51
62	23
62	91
62	43
62	11
62	72
62	99
62	5
62	45
62	58
62	35
62	36
62	75
62	16
62	32
62	29
62	44
62	12
62	70
62	62
62	86
62	52
62	48
62	48
62	77
62	7
62	7
62	87
62	28
62	59
62	66
62	3
62	53
62	20
62	81
63	78
63	78
63	40
63	29
63	62
63	81
63	45
63	85
63	85
63	2
63	69
63	3
63	15
63	15
63	36
63	86
63	84
63	21
63	67
63	80
63	80
63	72
63	53
63	77
63	59
63	83
63	83
63	83
63	74
63	74
63	66
63	43
63	14
63	38
63	38
63	91
63	4
63	4
63	70
63	58
63	99
63	90
63	90
63	90
63	39
63	39
63	5
63	61
63	61
63	40
63	26
63	26
63	51
63	23
63	11
63	92
63	92
63	35
63	14
63	32
63	75
63	52
63	6
63	6
63	6
63	6
63	6
63	28
63	41
63	41
63	41
63	44
63	20
63	91
63	76
63	26
63	27
63	27
63	67
63	12
63	8
63	8
63	47
63	47
63	47
63	7
63	84
63	87
63	86
63	85
63	77
63	53
63	61
63	74
63	22
63	22
63	22
63	79
63	79
63	79
63	39
63	17
63	17
63	17
63	3
63	65
63	35
63	20
63	70
63	38
63	94
63	94
63	75
63	6
63	76
63	80
63	9
63	9
63	9
63	88
63	88
63	88
63	44
63	43
63	64
63	64
63	64
63	27
63	16
63	93
63	93
63	66
63	52
63	21
63	60
63	60
63	60
63	60
63	60
63	36
63	93
63	69
63	31
63	31
63	31
63	23
63	29
63	83
63	4
63	5
63	94
63	99
63	78
63	72
63	58
63	59
63	81
63	45
63	2
63	28
63	15
64	96
64	96
64	65
64	62
64	90
64	8
64	48
64	16
64	32
64	31
64	79
64	7
64	40
64	47
64	87
66	69
66	69
66	3
66	3
66	43
66	43
66	21
66	21
66	86
66	86
66	31
66	4
66	4
66	45
66	45
66	5
66	5
66	51
66	51
66	85
66	85
66	56
66	23
66	23
66	93
66	93
66	59
66	15
66	15
66	14
66	14
66	41
66	41
66	84
66	84
66	21
66	85
66	43
66	7
66	7
66	84
66	52
66	52
66	52
66	87
66	87
66	94
66	94
66	35
66	35
66	35
66	31
66	29
66	59
66	29
66	80
66	80
66	80
66	56
66	79
66	79
66	29
66	4
66	86
66	94
66	58
66	58
66	92
67	92
67	92
67	58
67	72
67	72
67	72
67	14
67	3
67	39
67	39
67	39
67	59
67	11
67	11
67	11
67	41
67	77
67	77
67	77
67	90
67	90
67	90
67	32
67	32
67	66
67	66
67	66
67	23
67	69
67	15
67	88
67	88
67	88
67	62
67	62
67	62
67	38
67	38
67	38
67	22
67	22
67	22
67	20
67	20
67	36
67	36
67	36
67	20
67	93
67	5
67	64
67	64
67	64
67	67
67	67
67	67
67	17
67	17
67	17
67	99
67	99
67	99
67	75
67	75
67	75
67	45
67	53
67	53
67	53
67	32
67	31
67	2
67	2
67	2
67	40
67	40
67	83
67	83
67	83
67	40
67	60
67	60
67	60
67	88
67	74
67	74
67	74
67	81
67	81
67	81
67	6
67	6
67	6
67	7
67	79
67	27
67	27
67	27
67	92
67	87
67	80
67	86
67	84
67	65
67	65
67	65
67	76
67	76
67	76
67	17
67	35
67	3
67	14
67	39
67	67
67	81
67	2
67	64
67	9
67	59
67	43
67	9
67	9
67	9
67	60
67	28
67	28
67	28
67	27
67	29
67	76
67	15
68	66
68	69
68	28
68	5
68	21
68	26
68	26
68	26
68	26
68	4
68	16
68	16
68	16
68	74
68	8
68	8
68	8
68	8
68	56
68	62
68	36
68	58
68	94
68	70
68	70
68	70
68	70
68	72
68	23
68	90
68	99
68	41
68	12
68	12
68	12
68	12
68	31
68	79
68	20
68	53
68	7
68	83
68	65
68	52
68	6
68	87
68	14
68	96
68	96
68	96
68	96
68	96
68	78
68	78
68	78
68	78
68	12
68	92
68	84
68	40
68	67
68	41
68	26
68	9
68	86
68	51
68	51
68	51
68	35
68	70
68	20
68	64
68	27
68	48
68	48
68	48
68	39
68	43
68	61
68	61
68	61
68	61
68	61
68	66
68	77
68	77
68	53
68	56
68	54
68	4
68	78
68	80
68	52
68	72
68	74
68	23
69	75
69	75
69	15
69	83
69	99
69	16
69	29
69	5
69	65
69	47
69	47
69	47
69	47
69	2
69	58
69	81
69	76
69	69
69	21
69	90
69	48
69	48
69	91
69	91
69	91
69	91
69	91
69	62
69	22
69	22
69	59
69	32
69	38
69	38
69	85
69	85
69	6
69	16
69	3
69	32
69	31
69	79
69	11
69	11
69	92
69	11
69	88
69	88
69	14
69	94
69	9
69	12
69	51
69	28
69	40
69	47
69	36
69	45
69	45
69	7
69	93
69	93
69	67
69	17
69	85
69	17
69	96
69	77
69	53
69	61
69	41
69	91
69	22
69	87
69	80
69	86
69	74
69	35
69	3
69	20
69	60
69	64
69	44
69	44
69	44
69	44
69	44
69	76
69	93
69	38
69	60
69	70
69	44
69	66
69	69
69	52
69	21
69	36
69	48
69	23
69	29
69	83
69	5
69	94
69	75
69	99
69	39
69	2
69	43
69	8
69	78
69	72
69	56
69	59
69	81
69	28
70	45
70	6
70	58
70	65
70	15
70	4
70	62
70	8
70	26
70	27
70	54
70	90
70	31
70	84
70	40
70	79
70	16
70	9
70	51
70	7
70	92
70	32
70	11
70	88
70	12
70	48
70	41
70	87
70	84
70	47
70	96
70	17
70	14
70	85
70	77
70	53
70	86
70	91
70	61
70	67
70	26
70	39
70	74
70	22
70	3
70	20
70	43
70	44
70	66
70	69
70	21
70	93
70	72
70	56
70	78
70	35
70	4
70	59
70	58
70	83
70	54
70	70
71	94
71	80
71	28
71	5
71	2
71	15
71	62
71	8
71	36
71	99
71	64
71	45
71	29
71	81
71	60
71	23
71	75
71	90
71	32
71	38
71	6
71	16
71	40
71	92
71	88
71	7
71	9
71	51
71	41
71	12
71	27
71	91
71	76
71	48
71	26
71	87
71	84
71	96
71	79
71	86
71	17
71	53
71	77
71	31
71	54
71	65
71	80
71	52
71	60
71	64
71	74
71	39
71	6
71	3
71	66
71	44
71	69
71	20
71	43
71	70
71	38
71	67
71	27
71	75
71	76
71	52
71	21
71	35
71	14
71	85
71	29
71	83
71	94
71	93
71	23
71	61
71	78
71	72
71	58
71	81
71	59
72	45
72	36
72	11
72	15
72	28
72	5
72	90
72	65
72	8
72	2
72	99
72	62
72	4
72	16
72	32
72	79
72	31
72	7
72	40
72	48
72	88
72	12
72	41
72	92
72	84
72	47
72	47
72	91
72	11
72	87
72	96
72	14
72	67
72	54
72	86
72	51
72	22
72	56
72	61
72	22
72	77
72	85
72	39
72	80
72	74
72	35
72	3
72	53
72	69
72	44
72	20
72	38
72	76
72	75
72	17
72	66
72	64
72	43
72	21
72	70
72	60
72	36
72	29
72	26
72	5
72	9
72	56
72	81
72	4
73	59
73	93
73	58
73	28
73	72
73	90
73	52
73	83
73	45
73	23
73	2
73	16
73	32
73	40
73	31
73	62
73	48
73	8
73	99
73	6
73	7
73	27
73	9
73	94
73	92
73	51
73	41
73	91
73	26
73	78
73	67
73	14
73	47
73	54
73	85
73	15
73	84
73	77
73	17
73	61
73	39
73	20
73	70
73	75
73	3
73	66
73	44
73	86
73	12
73	11
73	64
73	60
73	76
73	23
73	94
73	72
73	21
73	52
73	81
73	56
73	4
73	59
73	58
73	88
73	29
74	87
74	45
74	15
74	28
74	93
74	78
74	80
74	90
74	43
74	74
74	38
74	79
74	8
74	16
74	69
74	2
74	7
74	36
74	32
74	40
74	79
74	31
74	35
74	99
74	65
74	65
74	51
74	92
74	11
74	12
74	84
74	91
74	26
74	47
74	14
74	88
74	9
74	67
74	41
74	48
74	22
74	87
74	86
74	62
74	85
74	77
74	96
74	96
74	54
74	5
74	74
74	17
74	53
74	53
74	64
74	80
74	3
74	39
74	43
74	66
74	21
74	36
74	83
74	75
74	44
74	52
74	93
74	29
74	38
74	60
74	70
74	35
74	61
74	28
74	94
75	22
75	99
75	23
75	40
75	45
75	4
75	62
75	69
75	14
75	88
75	7
75	92
75	5
75	48
75	91
75	84
75	58
75	79
75	83
75	15
75	85
75	65
75	17
75	11
75	6
75	20
75	6
75	67
75	41
75	22
75	9
75	53
75	61
75	16
75	75
75	6
75	59
75	27
75	27
75	20
75	74
75	70
75	66
75	44
75	3
75	72
75	80
75	69
75	90
75	77
75	39
75	36
75	26
75	52
75	38
75	96
75	78
75	59
75	94
75	78
75	99
75	29
75	8
76	81
76	81
76	15
76	72
76	56
76	56
76	21
76	83
76	23
76	58
76	28
76	5
76	45
76	12
76	43
76	8
76	4
76	51
76	65
76	90
76	87
76	86
76	64
76	47
76	62
76	35
76	79
76	16
76	54
76	60
76	40
76	48
76	92
76	14
76	51
76	88
76	7
76	41
76	12
76	27
76	31
76	31
76	87
76	91
76	84
76	47
76	67
76	9
76	26
76	17
76	85
76	54
76	32
76	32
76	53
76	61
76	22
76	11
76	2
76	2
76	76
76	76
76	86
76	96
76	77
76	60
76	75
76	6
76	64
76	93
76	80
76	3
76	44
76	69
76	20
76	38
76	76
76	27
76	66
76	35
76	21
76	93
76	39
76	43
76	36
76	29
76	5
76	59
76	94
77	15
77	72
77	2
77	23
77	28
77	45
77	58
77	62
77	83
77	52
77	99
77	74
77	4
77	31
77	79
77	81
77	7
77	40
77	48
77	88
77	51
77	70
77	8
77	92
77	32
77	9
77	41
77	56
77	11
77	12
77	26
77	87
77	96
77	14
77	17
77	54
77	16
77	67
77	86
77	84
77	85
77	77
77	78
77	22
77	90
77	74
77	80
77	35
77	3
77	20
77	91
77	53
77	75
77	64
77	39
77	93
77	38
77	66
77	52
77	44
77	70
77	61
77	69
77	27
77	60
77	47
77	94
77	5
77	99
77	2
77	43
77	21
77	36
77	81
77	83
77	6
77	29
77	65
77	4
78	76
78	23
78	59
78	15
78	56
78	65
78	72
78	58
78	62
78	45
78	90
78	78
78	8
78	28
78	32
78	31
78	79
78	88
78	7
78	92
78	40
78	11
78	14
79	17
79	15
79	4
79	96
79	64
79	48
79	54
79	59
79	5
79	2
79	58
79	72
79	94
79	23
79	86
79	86
79	66
79	38
79	9
79	9
79	44
79	96
79	29
79	11
79	17
79	36
79	6
79	51
79	51
79	14
79	48
79	91
79	91
79	83
79	54
79	39
79	87
79	87
79	61
79	61
79	90
79	47
79	47
79	52
79	80
79	80
79	60
79	67
79	67
79	21
79	26
79	26
79	20
79	62
79	75
79	32
79	39
79	16
79	16
79	8
79	20
79	99
79	76
79	3
79	3
79	22
79	22
79	6
79	64
79	76
79	88
79	31
79	40
79	84
79	84
79	12
79	12
79	53
79	53
79	77
79	77
79	93
79	66
79	81
79	35
79	35
79	74
79	74
79	27
79	27
79	21
79	36
79	78
79	38
79	44
79	60
79	75
79	70
79	70
79	79
79	85
79	85
79	23
79	43
79	43
79	29
79	83
79	45
79	5
79	52
79	7
79	65
79	99
79	2
79	72
79	58
79	81
79	45
79	59
79	4
79	78
79	69
79	69
80	15
80	92
80	93
80	62
80	90
80	28
80	28
80	65
80	41
80	41
80	8
80	56
80	56
80	16
80	32
80	79
80	31
80	94
80	7
80	40
80	48
80	88
80	9
80	51
80	92
80	11
80	14
80	12
80	41
80	87
80	84
80	47
80	96
80	91
80	26
80	54
80	17
80	85
80	67
80	86
80	77
80	53
80	61
80	22
80	74
80	80
80	39
80	35
80	3
80	20
80	70
80	38
80	6
80	75
80	60
80	64
80	76
80	44
80	66
80	69
80	43
80	27
80	93
80	52
81	59
81	83
81	94
81	90
81	2
81	15
81	72
81	56
81	58
81	81
81	4
81	21
81	5
81	23
81	78
81	16
81	29
81	62
81	8
81	79
81	31
81	77
81	86
81	67
81	64
81	17
81	39
81	61
81	69
81	43
81	88
81	44
81	45
81	28
81	40
81	47
81	96
81	14
81	66
81	21
81	41
81	75
81	74
81	36
81	36
81	22
81	3
81	26
81	23
81	12
81	99
81	70
81	53
81	29
81	9
81	5
81	48
81	99
81	2
81	93
81	92
81	4
81	72
81	58
81	91
81	94
82	59
82	83
82	24
82	38
82	56
82	8
82	6
82	80
82	90
82	51
82	85
82	54
82	45
82	87
82	7
82	16
82	27
82	79
82	31
82	78
82	81
82	84
82	28
82	60
82	7
82	76
82	40
82	48
82	88
82	65
82	65
82	51
82	67
82	85
82	15
82	54
82	24
82	14
82	26
82	91
82	87
82	84
82	77
82	64
82	61
82	44
82	27
82	20
82	20
82	39
82	43
82	6
82	93
82	21
82	66
82	70
82	69
82	96
82	83
82	5
83	53
83	72
83	28
83	45
83	60
83	90
83	8
83	2
83	80
83	59
83	65
83	29
83	75
83	36
83	78
83	4
83	74
83	12
83	99
83	92
83	81
83	47
83	79
83	40
83	58
83	76
83	48
83	41
83	38
83	23
83	14
83	51
83	86
83	22
83	31
83	17
83	92
83	26
83	87
83	52
83	52
83	47
83	85
83	9
83	9
83	56
83	84
83	35
83	35
83	12
83	91
83	24
83	41
83	54
83	3
83	86
83	62
83	62
83	17
83	53
83	7
83	16
83	32
83	32
83	32
83	96
83	67
83	22
83	61
83	80
83	74
83	39
83	94
83	76
83	35
83	38
83	6
83	3
83	44
83	66
83	70
83	27
83	21
83	52
83	36
83	43
83	64
83	94
83	99
83	56
83	81
83	4
83	15
83	45
83	78
84	5
84	72
84	11
84	11
84	11
84	59
84	15
84	29
84	75
84	28
84	2
84	58
84	83
84	23
84	69
84	62
84	20
84	77
84	88
84	8
84	65
84	90
84	93
84	16
84	32
84	79
84	7
84	9
84	51
84	14
84	12
84	92
84	87
84	47
84	24
84	91
84	11
84	96
84	41
84	88
84	26
84	48
84	54
84	17
84	85
84	67
84	84
84	77
84	53
84	40
84	80
84	39
84	74
84	3
84	35
84	60
84	20
84	86
84	64
84	76
84	27
84	61
84	93
84	69
84	6
84	22
84	43
84	56
84	66
84	31
84	36
84	99
84	72
84	58
84	21
85	81
85	23
85	5
85	28
85	38
85	83
85	75
85	59
85	70
85	29
85	44
85	15
85	2
85	8
85	4
85	16
85	32
85	79
85	31
85	40
85	48
85	88
85	9
85	51
85	94
85	90
85	65
85	62
85	52
85	41
85	78
85	45
85	7
85	87
85	47
85	96
85	11
85	91
85	92
85	26
85	24
85	84
85	42
85	12
85	85
85	60
85	67
85	14
85	86
85	17
85	54
85	77
85	61
85	22
85	53
85	39
85	35
85	80
85	20
85	70
85	60
85	76
85	43
85	69
85	66
85	27
85	38
85	64
85	75
85	93
85	36
85	3
85	44
85	52
85	56
85	21
85	4
85	99
85	2
85	6
85	72
85	45
85	23
85	58
85	29
85	83
85	5
85	28
85	94
86	65
86	81
86	90
86	8
86	78
86	59
86	15
86	62
86	31
86	32
86	79
86	16
86	40
86	48
86	92
86	14
86	12
86	51
86	7
86	41
86	11
86	87
86	84
86	88
86	26
86	91
86	24
86	47
86	96
86	67
86	17
86	9
86	77
86	22
86	86
86	42
86	61
86	75
86	64
86	85
86	54
86	80
86	76
86	3
86	44
86	43
86	66
86	20
86	60
86	38
86	70
86	27
86	69
86	93
86	39
86	6
86	52
86	56
86	23
86	29
86	83
86	4
86	5
87	58
87	72
87	81
87	45
87	59
87	94
87	53
87	99
87	2
87	35
87	65
87	21
87	78
87	8
87	90
87	16
87	32
87	31
87	36
87	48
87	88
87	62
87	9
87	12
87	51
87	11
87	41
87	7
87	87
87	84
87	79
87	92
87	40
87	47
87	96
87	28
87	91
87	67
87	54
87	15
87	17
87	24
87	85
87	42
87	26
87	77
87	80
87	14
87	61
87	39
87	35
87	3
87	20
87	70
87	86
87	60
87	75
87	27
87	38
87	64
87	76
87	69
87	52
87	44
87	43
87	21
87	66
87	36
87	23
87	83
87	29
87	4
87	5
87	45
87	59
87	99
88	94
88	15
88	2
88	53
88	58
88	72
88	28
88	65
88	62
88	22
88	6
88	90
88	56
88	78
88	8
88	81
88	16
88	93
88	7
88	32
88	51
88	79
88	92
88	40
88	31
88	12
88	47
88	48
88	24
88	41
88	88
88	14
88	42
88	87
88	11
88	9
88	85
88	67
88	54
88	91
88	26
88	96
88	86
88	17
88	53
88	61
88	22
88	80
88	77
88	39
88	3
88	20
88	38
88	84
88	43
88	66
88	44
88	60
88	69
88	21
88	93
88	36
88	6
88	75
88	76
88	64
88	52
88	56
88	23
88	83
88	29
88	27
88	70
88	4
88	5
88	94
88	99
88	2
88	72
88	58
88	59
88	28
88	78
89	45
89	15
89	35
89	65
89	8
89	16
89	81
89	90
89	40
89	79
89	31
89	7
89	51
89	62
89	92
89	9
89	84
89	14
89	42
89	17
89	85
89	24
89	67
89	87
89	54
89	41
89	32
89	86
89	53
89	96
89	11
89	80
89	20
89	91
89	6
89	76
89	64
89	39
89	88
89	77
89	69
89	66
89	36
89	93
89	12
89	48
89	35
89	99
89	21
89	72
89	3
89	83
90	26
90	5
90	56
90	44
90	70
90	90
90	75
90	43
90	29
90	60
90	59
90	4
90	28
90	45
90	15
90	61
90	94
90	78
90	8
90	48
90	7
90	88
90	27
90	9
90	51
90	23
90	32
90	2
90	41
90	79
90	65
90	11
90	14
90	42
90	12
90	92
90	91
90	26
90	47
90	47
90	52
90	77
90	85
90	39
90	84
90	3
90	81
90	40
90	87
90	53
90	31
90	35
90	20
90	22
90	22
90	66
90	70
90	60
90	67
90	6
90	69
90	36
90	29
90	5
90	27
90	23
90	94
90	16
90	21
91	72
91	83
91	81
91	2
91	59
91	80
91	64
91	76
91	24
91	8
91	99
91	75
91	15
91	96
91	86
91	4
91	58
91	58
91	17
91	45
91	16
91	43
91	79
91	31
91	40
91	93
91	32
91	28
91	92
91	38
91	38
91	14
91	88
91	7
91	41
91	87
91	96
91	12
91	11
91	51
91	42
91	48
91	67
91	54
91	54
91	26
91	22
91	84
91	17
91	53
91	91
91	80
91	62
91	62
91	24
91	39
91	85
91	35
91	3
91	20
91	38
91	70
91	75
91	43
91	66
91	60
91	69
91	93
91	76
91	77
91	86
91	44
91	44
91	21
91	64
91	94
91	99
91	2
91	56
91	56
91	72
91	58
91	81
91	23
91	29
92	90
92	78
92	78
92	65
92	36
92	62
92	90
92	8
92	45
92	59
92	52
92	52
92	5
92	15
92	32
92	4
92	6
92	31
92	83
92	88
92	9
92	51
92	9
92	87
92	40
92	24
92	41
92	7
92	96
92	12
92	65
92	92
92	42
92	26
92	91
92	28
92	27
92	48
92	11
92	17
92	85
92	57
92	14
92	22
92	54
92	39
92	35
92	20
92	80
92	70
92	84
92	38
92	77
92	67
92	6
92	75
92	76
92	44
92	66
92	60
92	27
92	79
92	61
92	61
92	61
92	64
92	69
92	43
92	93
92	56
92	23
92	99
92	2
92	4
93	15
93	3
93	81
93	36
93	5
93	21
93	72
93	28
93	65
93	53
93	8
93	59
93	58
93	94
93	52
93	29
93	78
93	62
93	90
93	79
93	31
93	47
93	47
93	32
93	51
93	7
93	92
93	40
93	88
93	84
93	47
93	14
93	41
93	12
93	96
93	48
93	85
93	11
93	22
93	17
93	45
93	77
93	80
93	9
93	67
93	42
93	87
93	16
93	16
93	39
93	57
93	3
93	20
93	70
93	38
93	6
93	61
93	75
93	60
93	76
93	64
93	91
93	35
93	43
93	44
93	66
93	27
93	53
93	24
93	69
93	52
93	21
93	36
93	26
93	93
93	56
93	23
93	29
93	4
93	5
93	54
93	94
93	99
93	2
93	78
93	72
93	58
93	81
93	45
93	59
93	28
94	65
94	62
94	90
94	8
94	16
94	32
94	79
94	31
94	40
94	7
94	88
94	9
94	51
94	92
94	48
94	11
94	12
94	14
94	41
94	87
94	96
94	47
94	24
94	26
94	91
94	84
94	54
94	67
94	17
94	85
96	12
96	12
96	96
96	23
96	23
96	96
96	54
96	54
96	72
96	72
96	40
96	40
96	65
96	65
96	58
96	58
96	47
96	47
96	90
96	90
96	70
96	70
96	52
96	52
96	9
96	9
96	21
96	21
96	5
96	4
96	4
96	5
96	67
96	67
96	53
96	53
96	61
96	61
96	2
96	2
96	84
96	84
96	61
96	14
96	14
96	39
96	39
96	35
96	35
96	24
96	24
96	69
96	69
96	32
96	32
96	42
96	42
96	42
96	78
96	78
96	88
96	88
96	22
96	22
96	22
96	79
96	79
96	44
96	44
96	48
96	48
96	35
96	81
96	81
96	16
96	16
96	62
96	62
96	77
96	77
96	77
96	17
96	59
96	59
96	53
96	70
96	36
96	36
96	56
96	56
96	39
96	93
96	93
96	38
96	38
96	38
96	44
96	6
96	6
96	6
96	97
96	97
96	94
96	94
96	66
96	66
96	66
96	80
96	80
96	80
96	45
96	45
96	41
96	41
96	11
96	11
96	99
96	99
96	93
96	31
96	31
96	3
96	3
96	3
96	29
96	29
96	64
96	64
96	64
96	69
96	21
96	36
96	91
96	91
96	60
96	60
96	60
96	75
96	75
96	75
96	17
96	7
96	7
96	56
96	23
96	27
96	27
96	27
96	85
96	85
96	52
96	51
96	51
96	4
97	99
97	78
97	72
97	81
97	29
97	87
97	87
97	59
97	92
97	91
97	92
97	92
97	27
98	75
98	52
98	78
98	36
98	43
98	43
98	43
98	43
98	69
98	59
98	70
98	77
98	39
98	81
98	14
98	3
98	45
98	45
98	42
98	96
98	29
98	12
98	97
98	80
98	58
98	58
98	21
98	99
98	51
98	72
98	6
98	66
98	41
98	17
98	28
98	28
98	28
98	28
98	87
98	23
98	88
98	93
98	61
98	67
98	24
98	38
98	76
98	76
98	76
98	76
98	40
98	20
98	20
98	20
98	20
98	48
98	56
98	53
98	47
98	85
98	94
98	94
98	57
98	57
98	57
98	57
98	26
98	26
98	26
98	22
98	44
98	54
98	9
98	40
98	90
98	90
98	84
98	16
98	16
98	92
98	64
98	48
98	12
98	79
98	79
98	26
98	91
98	62
98	62
98	47
98	60
98	17
98	88
98	87
98	9
98	41
98	65
98	65
98	84
98	5
98	5
98	66
98	42
98	85
98	67
98	24
98	51
98	54
98	61
98	22
98	32
98	32
98	36
98	43
98	39
98	70
98	38
98	20
98	69
98	60
98	64
98	5
98	35
98	35
98	56
98	99
98	57
98	31
98	31
98	81
98	78
98	75
98	53
98	14
99	21
99	77
99	23
99	93
99	6
99	94
99	80
99	29
99	44
99	52
99	2
99	2
99	2
99	90
99	7
99	7
99	59
99	58
99	65
99	27
99	72
99	3
99	62
99	45
99	79
99	32
99	96
99	16
99	97
99	76
99	48
99	31
99	88
99	9
99	28
99	96
99	7
99	47
99	40
99	14
99	67
99	42
99	85
99	17
99	12
99	24
99	41
99	26
99	53
99	51
99	91
99	54
99	8
99	8
99	8
99	8
99	8
99	87
99	84
99	39
99	35
99	57
99	20
99	97
99	6
99	76
99	43
99	69
99	66
99	27
99	64
99	3
99	44
99	36
99	92
99	94
99	60
99	61
99	52
99	56
99	70
99	72
99	81
100	29
100	99
100	22
100	45
100	77
100	78
100	21
100	59
100	28
100	80
100	90
100	8
100	4
100	4
100	4
100	23
100	75
100	5
100	58
100	65
100	38
100	16
100	32
100	40
100	79
100	31
100	48
100	62
100	2
100	92
100	7
100	9
100	14
100	12
100	51
100	11
100	11
100	11
100	11
100	47
100	24
100	42
100	96
100	41
100	85
100	88
100	91
100	87
100	26
100	57
100	73
100	84
100	97
100	67
100	17
100	3
100	20
100	70
100	38
100	77
100	66
100	60
100	54
100	53
100	39
100	80
100	27
100	22
100	44
100	21
100	43
100	36
100	56
100	23
100	94
100	72
100	81
101	78
101	59
101	99
101	61
101	52
101	90
101	8
101	29
101	6
101	35
101	76
101	2
101	16
101	32
101	40
101	31
101	11
101	28
101	69
101	62
101	75
101	14
101	51
101	7
101	5
101	58
101	4
101	88
101	12
101	42
101	96
101	41
101	24
101	87
101	91
101	92
101	45
101	26
101	17
101	84
101	67
101	85
101	64
101	79
101	57
101	97
101	77
101	48
101	54
101	61
101	22
101	39
101	6
101	47
101	75
101	76
101	80
101	35
101	70
101	43
101	69
101	20
101	66
101	73
101	44
101	21
101	38
101	65
101	64
101	9
101	53
101	36
101	3
101	52
101	56
101	93
101	93
101	93
101	29
101	4
101	5
101	94
101	23
101	58
101	60
101	78
101	59
102	2
102	72
102	81
102	62
102	90
102	45
102	99
102	27
102	65
102	8
102	32
102	79
102	16
102	7
102	40
102	31
102	48
102	41
102	14
102	26
102	92
102	47
102	12
102	9
102	84
102	67
102	51
102	28
102	54
102	42
102	11
102	17
102	85
102	96
102	53
102	22
102	73
102	87
102	97
102	80
102	3
102	77
102	35
102	57
102	76
102	70
102	39
102	64
102	93
102	21
102	27
102	61
102	88
102	91
102	75
102	6
102	60
102	4
102	69
102	94
102	36
102	59
102	72
102	28
103	2
103	5
103	29
103	58
103	56
103	66
103	90
103	99
103	23
103	24
103	45
103	8
103	81
103	78
103	16
103	32
103	44
103	79
103	31
103	88
103	51
103	43
103	7
103	52
103	40
103	11
103	48
103	92
103	84
103	96
103	47
103	14
103	42
103	9
103	24
103	20
103	62
103	87
103	91
103	85
103	41
103	17
103	12
103	26
103	54
103	73
103	97
103	77
103	67
103	53
103	61
103	57
103	39
103	75
103	22
103	60
103	80
103	76
103	3
103	64
103	44
103	35
103	43
103	69
103	70
103	21
103	20
103	6
103	56
103	66
103	36
103	23
103	27
103	29
103	4
103	94
103	99
103	2
103	45
103	58
103	59
103	78
104	93
104	72
104	8
104	62
104	5
104	90
104	16
104	32
104	31
104	48
104	88
104	9
104	51
104	28
104	7
104	92
104	14
104	12
104	11
104	41
104	79
104	42
104	26
104	87
104	91
104	84
104	96
104	40
104	47
104	24
104	54
104	67
104	53
104	85
104	17
104	52
104	77
104	57
104	73
104	81
104	22
104	39
104	61
104	20
104	35
104	66
104	27
104	3
104	97
104	44
104	60
104	75
104	76
104	64
104	69
104	80
104	36
104	70
104	6
104	93
104	56
104	21
104	72
104	81
104	23
104	94
105	2
105	58
105	4
105	99
105	90
105	8
105	29
105	59
105	16
105	31
105	48
105	88
105	40
105	45
105	62
105	7
105	78
105	32
105	14
105	51
105	28
105	92
105	5
105	87
105	84
105	47
105	12
105	9
105	91
105	67
105	24
105	53
105	42
105	85
105	17
105	79
105	61
105	22
105	43
105	57
105	80
105	52
105	41
105	77
105	39
105	96
105	35
105	73
105	20
105	3
105	97
105	70
105	75
105	66
105	27
105	6
105	76
105	64
105	60
105	11
105	69
105	36
105	93
105	52
105	44
105	43
105	56
105	94
105	99
105	2
105	21
105	72
105	4
105	58
105	23
105	45
106	81
106	29
106	59
106	28
106	62
106	26
106	5
106	9
106	51
106	8
106	32
106	7
106	79
106	40
106	31
106	54
106	78
106	96
106	90
106	92
106	84
106	14
106	12
106	42
106	41
106	26
106	87
106	91
106	47
106	67
106	85
106	53
106	57
106	80
106	16
106	77
106	20
106	66
106	69
106	54
106	60
106	75
106	39
106	76
106	11
106	27
106	36
106	88
106	35
106	73
106	64
106	3
106	70
106	56
106	52
106	23
106	29
106	4
106	5
106	94
106	99
106	2
106	21
107	24
107	78
107	72
107	58
107	81
107	59
107	62
107	32
107	16
107	79
107	40
107	31
107	88
107	92
107	12
107	61
107	41
107	87
107	43
107	84
107	96
107	45
107	11
107	47
107	14
107	91
107	42
107	26
107	67
107	7
107	44
107	53
107	54
107	85
107	22
107	22
107	57
107	77
107	93
107	3
107	24
107	75
107	70
107	17
107	17
107	60
107	8
107	39
107	76
107	35
107	43
107	64
107	73
107	52
107	44
107	80
107	21
107	27
107	97
107	97
107	69
107	9
107	66
107	93
107	51
107	94
107	28
107	2
107	56
107	81
107	4
107	78
107	29
107	90
107	45
107	61
107	28
107	5
108	36
108	59
108	72
108	58
108	20
108	90
108	8
108	99
108	23
108	62
108	16
108	32
108	79
108	31
108	7
108	92
108	87
108	24
108	84
108	47
108	12
108	26
108	88
108	54
108	14
108	51
108	11
108	17
108	42
108	85
108	53
108	9
108	22
108	80
108	73
108	40
108	67
108	97
108	96
108	77
108	76
108	75
108	39
108	70
108	60
108	64
108	35
108	3
108	44
108	20
108	27
108	52
108	43
108	57
108	21
108	69
108	66
108	36
108	41
108	93
108	56
108	99
108	29
108	72
108	81
108	45
108	78
108	23
109	59
109	94
109	5
109	2
109	90
109	62
109	8
109	58
109	28
109	16
109	32
109	79
109	31
109	4
109	91
109	20
109	96
109	69
109	51
109	77
109	39
109	21
109	76
109	11
109	57
109	75
109	70
109	52
109	5
109	29
109	4
109	22
109	7
109	60
109	67
109	23
109	92
109	17
109	56
109	73
110	54
110	27
110	31
110	72
110	58
110	17
110	66
110	90
110	80
110	16
110	53
110	42
110	42
110	3
110	41
110	41
110	2
110	67
110	94
110	87
110	87
110	47
110	47
110	7
110	64
110	59
110	53
110	22
110	9
110	9
110	36
110	77
110	43
110	84
110	84
110	99
110	39
110	80
110	57
110	92
110	20
110	62
110	79
110	8
110	54
110	73
110	64
110	43
110	66
110	60
110	28
110	27
110	40
110	40
110	24
110	24
110	52
110	35
110	35
110	69
110	14
110	14
110	51
110	70
110	96
110	21
110	76
110	81
110	12
110	12
110	56
110	23
110	32
110	75
110	5
110	94
110	2
110	81
110	72
110	11
110	4
110	29
110	28
111	58
111	88
111	88
111	59
111	62
111	45
111	45
111	8
111	97
111	97
111	3
111	93
111	93
111	91
111	91
111	85
111	85
111	16
111	32
111	79
111	31
111	44
111	44
111	26
111	26
111	40
111	90
111	9
111	51
111	7
111	11
111	92
111	14
111	12
111	41
111	87
111	84
111	88
111	96
111	47
111	24
111	36
111	42
111	26
111	91
111	54
111	67
111	17
111	85
111	99
111	53
111	22
111	77
111	57
111	80
111	73
111	39
111	35
111	3
111	20
111	97
111	43
111	75
111	44
111	69
111	27
111	66
111	76
111	64
111	70
111	60
112	9
112	7
112	11
112	40
112	62
112	79
112	99
112	21
112	31
112	5
112	93
112	94
112	28
112	52
112	72
112	92
112	58
112	36
112	4
112	29
112	32
112	23
112	84
112	16
112	59
112	2
112	90
112	8
112	88
112	56
112	81
112	87
112	91
112	14
112	41
112	12
112	51
113	59
113	77
113	8
113	14
113	91
113	80
113	81
113	85
113	3
113	62
113	76
113	66
113	64
113	36
113	39
113	9
113	90
113	24
113	57
113	56
113	72
113	24
113	97
113	60
113	16
113	23
113	99
113	73
113	21
113	20
113	96
113	96
113	31
113	70
113	26
113	26
113	69
113	97
113	42
113	42
113	29
113	58
113	5
113	67
113	67
113	41
113	87
113	2
113	12
113	40
113	39
113	51
113	3
113	73
113	20
113	75
113	75
113	64
113	92
113	27
113	43
113	57
113	4
113	76
113	28
113	43
113	77
113	66
113	27
113	47
113	47
113	54
113	54
113	4
113	29
113	22
113	22
113	70
113	94
113	94
114	80
114	28
114	17
114	17
114	59
114	90
114	62
114	69
114	21
114	99
114	5
114	56
114	23
114	36
114	81
114	84
114	53
114	53
114	60
114	58
114	31
114	85
114	72
114	2
114	79
114	79
114	40
114	44
114	44
114	8
114	52
114	52
114	14
114	9
114	51
114	41
114	35
114	35
114	84
114	12
114	96
114	92
114	47
114	16
114	87
114	85
114	32
114	32
114	91
114	24
114	77
114	73
114	67
114	17
114	53
114	54
114	97
114	22
114	20
114	42
114	11
114	11
114	76
114	3
114	39
114	57
114	80
114	88
114	88
114	69
114	21
114	66
114	56
114	27
114	36
114	4
114	58
114	72
114	35
115	45
115	45
115	45
115	64
115	29
115	44
115	70
115	93
115	93
115	93
115	59
115	99
115	94
115	75
115	43
115	60
115	28
115	90
115	2
115	8
115	52
115	16
115	32
115	79
115	31
115	81
115	9
115	51
115	45
115	92
115	40
115	26
115	87
115	47
115	23
115	62
115	88
115	24
115	14
115	12
115	41
115	5
115	26
115	96
115	17
115	54
115	42
115	85
115	84
115	11
115	53
115	22
115	77
115	57
115	97
115	80
115	39
115	91
115	3
115	20
115	35
115	67
115	43
115	44
115	66
115	27
115	64
115	76
115	60
115	36
115	93
115	21
115	52
115	29
115	4
115	94
115	23
115	2
115	75
115	69
115	81
115	58
116	56
116	45
116	59
116	72
116	73
116	5
116	62
116	99
116	8
116	16
116	79
116	31
116	28
116	32
116	40
116	90
116	14
116	51
116	9
116	41
116	11
116	87
116	84
116	12
116	92
116	47
116	24
116	17
116	42
116	67
116	22
116	85
116	57
116	80
116	96
116	3
116	73
116	20
116	77
116	97
116	53
116	64
116	76
116	39
116	44
116	66
116	27
116	35
116	75
116	60
116	93
116	69
116	21
116	52
116	43
116	4
116	91
116	94
116	99
116	23
116	56
116	5
116	58
116	72
117	2
117	81
117	29
117	59
117	26
117	36
117	90
117	8
117	16
117	54
117	28
117	88
117	40
117	31
117	79
117	88
117	51
117	87
117	12
117	47
117	92
117	11
117	96
117	41
117	9
117	42
117	26
117	14
117	84
117	91
117	67
117	17
117	54
117	22
117	85
117	57
117	80
117	97
117	53
117	77
117	45
117	39
117	73
117	24
117	3
117	44
117	43
117	60
117	66
117	20
117	35
117	21
117	27
117	36
117	75
117	64
117	69
117	56
117	23
117	76
117	4
117	5
117	94
117	93
117	59
118	52
118	99
118	2
118	81
118	45
118	72
118	58
118	29
118	8
118	28
118	31
118	79
118	90
118	16
118	40
118	88
118	51
118	92
118	14
118	9
118	42
118	11
118	47
118	87
118	24
118	84
118	12
118	85
118	26
118	91
118	54
118	67
118	41
118	73
118	96
118	80
118	97
118	53
118	17
118	22
118	20
118	77
118	76
118	39
118	57
118	64
118	35
118	43
118	69
118	52
118	21
118	66
118	44
118	60
118	56
118	36
118	93
118	27
118	23
118	3
118	4
119	72
119	81
119	75
119	59
119	5
119	29
119	94
119	2
119	8
119	90
119	99
119	45
119	58
119	28
119	16
119	40
119	79
119	31
119	88
119	87
119	96
119	47
119	24
119	11
119	12
119	14
119	51
119	9
119	92
119	67
119	17
119	41
119	42
119	54
119	85
119	26
119	91
119	57
119	80
119	39
119	35
119	3
119	73
119	20
119	77
119	53
119	64
119	97
119	27
119	69
119	43
119	21
119	93
119	56
119	66
119	36
119	58
119	23
119	4
119	5
120	99
120	28
120	81
120	72
120	76
120	22
120	90
120	8
120	79
120	31
120	51
120	92
120	40
120	9
120	12
120	14
120	41
120	42
120	47
120	91
120	24
120	54
120	67
120	17
120	22
120	52
120	59
120	29
120	44
120	87
120	75
120	57
120	80
120	73
120	96
120	26
120	53
120	77
120	39
120	88
120	85
120	97
120	93
120	75
120	21
120	94
120	66
120	27
120	69
120	20
120	2
120	3
120	45
120	64
120	52
120	43
120	56
120	23
120	60
120	60
120	72
120	29
120	76
121	58
121	59
121	44
121	5
121	35
121	36
121	45
121	2
121	90
121	94
121	11
121	99
121	4
121	81
121	40
121	31
121	28
121	9
121	51
121	92
121	8
121	12
121	14
121	41
121	79
121	88
121	11
121	42
121	26
121	91
121	47
121	87
121	96
121	24
121	54
121	67
121	17
121	85
121	22
121	57
121	80
121	73
121	77
121	97
121	53
121	39
121	35
121	3
121	20
121	60
121	43
121	44
121	69
121	66
121	27
121	75
121	76
121	93
121	36
121	56
121	29
121	4
121	5
121	23
121	99
121	21
121	94
121	2
121	81
121	72
121	45
121	58
122	52
122	64
122	28
122	59
122	90
122	8
122	79
122	31
122	40
122	88
122	51
122	9
122	87
122	12
122	96
122	92
122	24
122	41
122	11
122	91
122	67
122	17
122	85
122	54
122	53
122	14
122	22
122	77
122	35
122	42
122	73
122	26
122	76
122	97
122	64
122	80
122	39
122	69
122	20
122	60
122	66
122	27
122	57
122	3
122	93
122	52
122	21
122	43
122	56
122	75
122	44
122	23
122	29
122	4
122	5
122	99
122	2
122	36
122	45
123	81
123	59
123	94
123	72
123	58
123	8
123	90
123	28
123	40
123	79
123	31
123	92
123	88
123	51
123	42
123	91
123	87
123	9
123	24
123	12
123	26
123	67
123	14
123	17
123	85
123	22
123	57
123	80
123	41
123	54
123	77
123	53
123	97
123	39
123	76
123	64
123	35
123	3
123	73
123	60
123	44
123	43
123	75
123	20
123	96
123	66
123	27
123	36
123	52
123	93
123	94
123	2
123	56
123	69
123	81
123	45
123	23
123	29
123	28
123	4
123	5
124	59
124	99
124	72
124	90
124	58
124	21
124	8
124	79
124	31
124	41
124	5
124	14
124	24
124	87
124	39
124	96
124	40
124	27
124	54
124	77
124	66
124	21
124	75
124	35
124	69
124	17
124	23
125	22
125	42
125	53
125	56
125	29
125	67
125	94
125	72
125	9
125	80
125	43
125	88
125	97
125	76
125	64
125	45
125	28
125	93
125	91
125	60
125	58
125	20
125	85
125	59
125	3
125	57
125	26
125	44
125	31
125	2
125	8
125	90
125	40
125	9
125	4
125	88
125	12
125	79
125	99
125	14
125	12
125	51
125	51
125	41
125	52
125	81
125	96
125	24
125	92
125	92
125	87
125	42
125	26
125	54
125	67
125	17
125	85
125	53
125	22
125	77
125	57
125	80
125	97
125	91
125	39
125	35
125	3
125	20
126	21
126	69
126	44
126	52
126	91
126	56
126	66
126	29
126	31
126	60
126	93
126	22
126	2
126	85
126	77
126	76
126	64
126	92
126	23
126	58
126	59
126	81
126	72
126	4
126	14
126	40
126	27
126	97
126	60
126	88
126	79
126	17
126	20
126	66
126	67
126	24
126	35
126	3
126	76
126	75
126	75
126	41
126	45
126	9
126	90
126	53
126	80
126	96
126	69
126	52
126	5
126	57
126	64
126	42
126	21
126	44
126	26
126	56
126	23
126	93
126	27
126	5
126	39
126	81
126	72
126	45
126	2
126	8
126	4
126	58
127	99
127	99
127	59
127	29
127	90
127	12
127	94
127	94
128	51
128	51
128	60
128	96
128	99
128	27
128	23
128	26
128	42
128	72
128	31
128	44
128	58
128	85
128	21
128	67
128	52
128	41
128	4
128	81
128	2
128	3
128	45
128	97
128	14
128	22
128	17
128	80
128	91
128	59
128	90
128	76
128	29
128	69
128	24
128	64
128	5
128	87
128	87
128	40
128	79
128	66
128	92
128	93
128	56
128	75
128	53
128	79
128	31
128	94
128	77
128	88
128	33
128	51
128	40
128	92
128	43
128	88
128	43
128	43
128	26
128	28
128	28
128	28
128	17
128	33
128	18
128	67
128	24
128	42
128	91
128	85
128	14
128	75
128	56
128	52
128	4
128	21
128	93
128	43
128	58
128	29
129	22
129	27
129	90
129	28
129	72
129	97
129	66
129	45
129	20
129	20
129	76
129	59
129	96
129	44
129	3
129	41
129	69
129	99
129	23
129	57
129	57
129	5
129	92
129	40
129	79
129	80
129	81
129	12
129	12
129	12
129	94
129	14
130	85
130	29
130	57
130	52
130	27
130	67
130	66
130	24
130	76
130	58
130	44
130	21
130	26
130	69
130	93
130	81
130	20
130	75
130	88
130	51
130	3
130	5
130	17
130	33
130	23
130	80
130	53
130	53
130	22
130	99
130	42
130	18
130	91
130	28
130	97
130	41
130	96
130	45
130	43
130	90
130	72
130	56
130	94
130	59
130	40
130	79
130	92
130	64
130	64
130	24
130	96
130	41
130	12
130	88
130	14
130	33
130	42
130	91
130	60
130	60
130	67
130	51
130	17
130	26
130	85
130	18
130	22
130	57
130	3
130	31
130	31
130	53
130	97
130	75
130	93
130	44
130	43
130	69
130	52
130	20
130	2
130	2
130	5
130	99
130	94
130	2
130	64
130	56
130	66
131	59
131	60
131	29
131	81
131	27
131	23
131	4
131	4
131	21
131	58
131	90
131	76
131	28
131	45
131	72
131	79
131	31
131	92
131	40
131	33
131	42
131	88
131	91
131	24
131	26
131	12
131	67
131	14
131	41
131	85
131	96
131	53
131	51
131	17
131	18
131	22
131	57
131	97
131	76
131	75
131	3
131	60
131	44
131	69
131	20
131	21
131	66
131	43
131	27
131	52
131	56
131	64
131	93
131	23
131	29
131	4
131	5
131	99
131	94
131	2
131	81
131	72
131	28
132	59
132	58
132	45
132	90
132	31
132	51
132	92
132	40
132	88
132	12
132	33
132	18
132	14
132	91
132	24
132	42
132	26
132	41
132	67
132	17
132	85
132	22
132	57
132	96
132	53
132	3
132	76
132	64
132	75
132	60
132	44
132	69
132	97
132	21
132	43
132	27
132	66
132	23
132	29
132	5
132	99
132	94
132	2
133	93
133	4
133	59
133	20
133	56
133	81
133	90
133	58
133	72
133	45
133	49
133	28
133	52
133	31
133	40
133	92
133	88
133	14
133	51
133	55
133	41
133	12
133	33
133	42
133	18
133	26
133	24
133	91
133	17
133	96
133	53
133	57
133	3
133	97
133	20
133	60
133	43
133	44
133	66
133	67
133	22
133	76
133	75
133	69
133	21
133	56
133	52
133	23
133	64
133	81
133	58
133	72
133	93
133	28
133	4
134	5
134	94
134	59
134	2
134	49
134	90
134	45
134	29
134	55
134	31
134	88
134	51
134	92
134	41
134	24
134	96
134	40
134	14
134	33
134	17
134	67
134	18
134	42
134	91
134	26
134	53
134	22
134	3
134	97
134	20
134	43
134	66
134	60
134	76
134	64
134	52
134	57
134	21
134	44
134	4
134	69
134	94
134	93
134	5
134	12
134	81
134	58
134	23
135	45
135	72
135	75
135	56
135	90
135	28
135	59
135	49
135	55
135	29
135	31
135	40
135	51
135	88
135	14
135	42
135	91
135	12
135	24
135	26
135	67
135	96
135	53
135	17
135	92
135	22
135	57
135	18
135	3
135	76
135	64
135	75
135	41
135	20
135	44
135	66
135	43
135	97
135	60
135	93
135	52
135	21
135	56
135	23
135	29
135	5
135	4
136	45
136	58
136	81
136	72
136	90
136	49
136	59
136	94
136	55
136	28
136	92
136	40
136	24
136	88
136	12
136	14
136	51
136	41
136	18
136	96
136	67
136	17
136	91
136	26
136	57
136	53
136	22
136	42
136	3
136	20
136	44
136	66
136	43
136	76
136	75
136	64
136	97
136	56
136	23
136	52
136	29
136	4
136	5
136	94
136	58
136	81
136	72
136	21
136	28
137	59
137	90
137	49
137	45
137	93
137	55
137	40
137	88
137	51
137	12
137	41
137	24
137	18
137	91
137	96
137	67
137	14
137	53
137	17
137	22
137	57
137	26
137	42
137	97
137	3
137	20
137	43
137	44
137	66
137	21
137	64
137	75
137	52
137	56
137	23
137	29
137	76
137	4
137	5
137	37
138	59
138	94
138	72
138	58
138	28
138	45
138	93
138	49
138	90
138	81
138	55
138	88
138	51
138	96
138	14
138	41
138	42
138	18
138	91
138	24
138	12
138	67
138	17
138	22
138	57
138	53
138	3
138	20
138	97
138	37
138	76
138	64
138	75
138	66
138	21
138	52
138	93
138	44
138	56
138	29
138	5
138	4
138	23
138	94
138	58
138	81
139	45
139	72
139	28
139	59
139	90
139	49
139	55
139	88
139	51
139	12
139	14
139	41
139	42
139	18
139	91
139	24
139	67
139	53
139	17
139	22
139	57
139	20
139	96
139	3
139	97
139	64
139	75
139	44
139	52
139	66
139	21
139	76
139	56
139	5
139	23
139	58
139	72
139	29
140	37
140	93
140	59
140	81
140	28
140	4
140	30
140	45
140	49
140	94
140	90
140	55
140	88
140	51
140	14
140	41
140	12
140	18
140	91
140	24
140	17
141	21
141	72
141	29
141	52
141	58
141	20
141	66
141	96
141	94
141	5
141	4
141	93
141	28
141	30
141	53
141	23
141	64
141	67
141	3
141	22
141	59
141	41
141	57
141	56
141	53
141	55
141	76
141	22
141	57
141	91
141	51
141	42
141	42
141	67
141	12
141	75
141	20
141	44
141	14
141	88
141	76
141	64
141	75
141	44
141	66
141	90
141	24
141	37
141	37
141	45
141	93
141	21
141	18
141	96
141	49
141	3
141	30
141	56
141	23
141	81
141	52
141	4
141	29
141	5
141	45
141	72
141	28
142	94
142	59
142	58
142	1
142	90
142	97
142	97
142	14
142	24
142	91
142	96
142	88
142	18
142	42
142	41
142	53
142	81
142	22
142	55
143	56
143	20
143	52
143	72
143	58
143	30
143	66
143	93
143	3
143	37
143	88
143	29
143	45
143	76
143	23
143	75
143	28
143	55
143	82
143	1
143	14
143	44
143	5
143	90
143	21
143	94
143	59
143	96
143	57
143	81
143	64
143	42
143	18
143	91
143	24
143	12
143	12
143	97
143	4
143	51
143	51
143	53
143	41
143	22
143	57
143	97
143	3
143	20
143	76
143	64
143	75
143	44
143	30
143	37
143	66
144	93
144	5
144	94
144	21
144	82
144	81
144	45
144	28
144	90
144	42
144	57
144	56
144	18
144	52
144	53
144	24
144	55
144	4
144	96
144	3
144	88
144	41
144	12
144	14
144	37
144	64
144	51
144	76
144	20
144	66
144	58
144	75
144	52
144	22
144	30
144	1
144	21
144	56
144	4
144	82
144	5
144	93
144	59
144	94
144	81
144	58
144	28
145	97
145	59
145	72
145	72
145	51
145	14
145	88
145	41
145	45
145	55
145	90
145	1
145	12
145	91
145	96
145	44
145	24
145	42
145	18
145	91
145	53
145	22
145	57
145	97
145	20
145	44
145	66
145	3
145	37
145	76
145	21
145	64
145	75
145	30
145	4
145	82
145	5
145	94
145	93
145	81
146	58
146	52
146	59
146	72
146	90
146	28
146	45
146	51
146	1
146	88
146	24
146	41
146	14
146	12
146	96
146	42
146	53
146	91
146	57
146	3
146	97
146	76
146	64
146	75
146	30
146	66
146	22
146	20
146	93
146	37
146	52
146	44
146	21
146	82
146	94
146	58
147	28
147	5
147	59
147	45
147	81
147	90
147	79
147	88
147	1
147	12
147	41
147	24
147	96
147	14
147	53
147	22
147	91
147	57
147	42
147	97
147	3
147	20
147	76
147	37
147	30
147	52
147	66
147	64
147	93
147	44
147	21
147	81
147	45
148	95
148	58
148	28
148	94
148	59
148	90
148	82
148	79
148	14
148	88
148	41
148	1
148	24
148	12
148	42
148	91
148	96
148	22
148	57
148	97
148	44
148	66
148	64
148	37
148	53
148	76
148	21
148	71
148	93
148	99
148	58
149	81
149	94
149	90
149	28
149	45
149	52
149	82
149	59
149	79
149	88
149	1
149	41
149	24
149	96
149	14
149	91
149	12
149	42
149	22
149	97
149	53
149	57
149	93
149	64
149	21
149	71
149	66
149	76
149	44
149	94
149	52
149	81
149	37
149	58
150	28
150	82
150	59
150	99
150	45
150	90
150	14
150	88
150	12
150	41
150	1
150	96
150	42
150	91
150	53
150	22
150	57
150	76
150	64
150	44
150	93
150	66
150	21
150	97
150	82
150	94
150	52
150	99
151	28
151	59
151	71
151	45
151	81
151	1
151	90
151	14
151	12
151	41
151	91
151	42
151	96
151	22
151	57
151	97
151	53
151	76
151	64
151	88
151	44
151	66
151	52
151	21
151	71
151	81
151	94
152	28
152	82
152	45
152	59
152	90
152	88
152	1
152	12
152	96
152	41
152	91
152	42
152	53
152	22
152	57
152	97
152	76
152	64
152	44
152	66
152	52
152	21
152	71
152	82
152	81
153	28
153	45
153	94
153	59
153	90
153	88
153	1
153	12
153	96
153	41
153	42
153	91
153	57
153	97
153	53
153	22
153	76
153	66
153	64
153	52
153	21
153	71
153	82
154	28
154	59
154	94
154	45
154	81
154	90
154	12
154	88
154	41
154	1
154	42
154	91
154	96
154	97
154	22
154	64
154	66
154	21
154	71
154	82
154	76
154	81
155	28
155	90
155	94
155	59
155	52
155	45
155	1
155	12
155	41
155	96
155	42
156	59
156	90
156	28
156	100
156	21
156	81
156	97
156	64
156	76
156	82
156	71
156	66
156	22
156	52
156	91
156	42
156	12
156	41
156	96
156	91
156	45
156	97
156	1
156	22
156	76
156	64
156	21
156	66
156	71
156	82
157	45
157	81
157	28
157	90
157	59
157	100
157	41
157	1
157	96
157	12
157	91
157	22
157	64
157	66
157	42
157	97
157	76
157	21
157	71
157	82
157	81
157	45
158	59
158	28
158	90
158	100
158	1
158	41
158	42
158	96
158	12
159	97
159	21
159	81
159	76
159	28
159	71
159	100
159	91
159	66
159	82
159	22
159	64
159	59
159	90
159	12
159	41
159	1
159	96
159	42
159	91
159	22
159	97
159	76
159	66
159	21
159	71
159	82
159	81
160	28
160	59
160	90
160	100
160	12
160	41
160	1
160	42
160	96
160	91
161	22
161	71
161	21
161	82
161	59
161	28
161	76
161	81
161	22
161	12
161	42
161	1
161	96
161	76
161	41
161	100
161	21
161	97
161	97
161	71
161	91
161	82
161	81
162	72
162	28
162	59
162	90
162	90
162	100
162	12
162	96
162	41
162	91
162	22
162	42
162	97
162	76
162	21
163	59
163	71
163	72
163	82
163	100
163	81
163	96
163	42
163	91
163	22
163	97
163	21
163	71
163	81
164	72
164	59
164	95
164	100
164	96
164	42
164	91
164	22
164	97
164	93
164	21
164	71
165	59
165	95
165	72
165	100
165	96
165	14
165	91
165	42
165	22
165	93
165	21
165	97
165	71
166	72
166	59
166	95
166	100
166	14
166	96
166	42
166	91
166	22
166	97
166	93
166	21
166	71
167	72
167	59
167	95
167	100
167	96
167	91
167	14
167	22
167	42
167	97
167	21
167	93
167	71
168	95
168	72
168	59
168	100
168	96
168	91
168	14
168	22
168	42
168	97
168	21
168	71
168	93
169	72
169	59
169	95
169	94
169	100
169	14
169	42
169	91
169	22
169	97
169	93
169	21
169	94
170	59
170	95
170	72
170	100
170	14
170	88
170	42
170	22
170	97
170	91
170	93
170	94
170	21
171	95
171	72
171	100
171	14
171	88
171	42
171	91
171	97
171	22
171	93
171	94
171	21
172	72
172	95
172	100
172	88
172	91
172	42
172	14
172	22
172	97
172	93
172	21
172	94
173	95
173	72
173	100
173	88
173	14
173	42
174	94
174	22
174	91
174	21
174	95
174	97
175	72
175	72
175	94
175	42
175	100
175	95
175	22
175	97
175	88
175	14
175	100
175	88
175	14
175	42
175	22
176	97
176	95
176	72
176	94
176	100
176	88
176	14
176	42
176	22
176	97
177	100
177	94
177	95
177	72
177	1
177	88
177	14
177	22
177	97
177	42
178	94
178	95
178	72
178	28
178	100
178	88
178	1
178	14
178	42
178	22
178	97
179	72
179	28
179	94
179	95
179	100
179	88
179	1
179	42
179	97
179	22
179	94
180	72
180	95
180	28
180	100
180	88
180	1
180	42
180	22
180	97
180	94
181	28
181	95
181	72
181	100
181	1
181	88
181	42
181	22
181	97
182	72
182	28
182	95
182	100
182	88
182	1
182	22
182	97
182	42
183	95
183	72
183	28
183	100
183	1
183	42
183	97
183	22
184	72
184	59
184	28
184	95
184	100
184	1
184	42
184	22
185	28
185	72
185	100
185	1
185	42
185	22
186	72
186	28
186	100
186	1
186	42
186	22
187	28
187	72
187	100
187	1
187	22
187	42
188	28
188	72
188	100
188	1
188	42
188	22
189	28
189	100
189	72
189	1
189	42
190	22
190	72
190	28
190	100
190	1
190	42
190	22
192	42
192	1
192	1
192	28
192	100
192	100
192	22
192	22
192	42
193	100
193	1
194	22
194	42
194	100
194	1
194	42
194	22
195	100
195	1
195	42
195	22
196	100
196	1
196	42
196	22
196	94
197	100
197	1
197	22
197	42
198	100
198	88
198	1
198	42
198	22
199	100
199	88
199	1
199	42
199	22
200	100
200	88
200	1
201	100
201	88
202	88
212	97
213	42
213	97
214	1
214	97
215	1
215	97
216	1
218	88
219	88
220	88
221	88
231	97
232	1
232	97
233	1
233	97
234	1
234	97
235	97
236	1
236	97
238	1
252	1
253	1
254	1
255	1
271	1
272	1
273	1
274	1
275	1
276	1
277	1
278	1
279	1
280	1
281	1
282	1
283	1
284	1
285	1
286	1
288	1
288	1
289	1
290	1
291	1
292	1
293	1
294	1
295	1
296	1
