0.0	46
0.5	17
0.5999999999985448	8
2.099999999998545	46
2.099999999998545	4
2.3999999999941792	48
3.099999999998545	8
3.099999999998545	17
3.3999999999941792	49
3.3999999999941792	46
3.8999999999941792	4
4.299999999995634	48
5.5	8
4.899999999994179	17
5.099999999998545	46
5.399999999994179	49
5.399999999994179	37
5.5	9
5.599999999998545	4
5.899999999994179	40
6.099999999998545	25
7.299999999995634	48
7.299999999995634	37
7.299999999995634	49
7.299999999995634	46
7.299999999995634	17
7.299999999995634	4
7.399999999994179	8
7.599999999998545	9
8.0	10
7.799999999995634	40
7.899999999994179	25
8.099999999998545	21
8.19999999999709	48
8.299999999995634	50
8.599999999998545	46
8.799999999995634	29
8.89999999999418	8
9.599999999998545	17
9.599999999998545	37
10.39999999999418	22
9.799999999995634	49
9.799999999995634	4
10.0	10
10.099999999998545	25
9.799999999995634	9
10.0	40
10.099999999998545	50
10.099999999998545	48
10.099999999998545	21
10.5	30
10.5	46
10.5	3
10.599999999998545	29
11.099999999998545	4
11.099999999998545	10
11.099999999998545	8
11.19999999999709	37
11.19999999999709	49
11.19999999999709	22
11.299999999995634	25
11.39999999999418	20
11.39999999999418	17
11.599999999998545	7
11.89999999999418	40
12.0	46
12.099999999998545	48
12.099999999998545	9
12.099999999998545	36
12.19999999999709	50
12.19999999999709	32
12.19999999999709	21
12.299999999995634	29
12.299999999995634	30
12.5	3
12.5	4
12.89999999999418	43
12.89999999999418	44
12.89999999999418	49
13.0	22
13.0	2
13.099999999998545	25
13.099999999998545	8
13.099999999998545	10
13.19999999999709	37
13.5	20
13.799999999995634	14
13.799999999995634	46
13.799999999995634	17
13.799999999995634	7
14.0	40
14.0	48
14.099999999998545	29
14.099999999998545	33
14.19999999999709	50
14.19999999999709	21
14.19999999999709	36
14.19999999999709	43
14.299999999995634	4
14.39999999999418	30
14.39999999999418	9
14.39999999999418	11
14.39999999999418	32
14.5	3
15.099999999998545	44
15.39999999999418	22
15.5	25
14.799999999995634	10
14.89999999999418	49
15.0	2
15.099999999998545	37
15.19999999999709	8
15.39999999999418	46
15.599999999998545	20
16.19999999999709	14
15.799999999995634	17
15.799999999995634	29
15.89999999999418	40
15.89999999999418	48
16.0	7
16.0	4
16.099999999998545	43
16.099999999998545	50
16.19999999999709	33
16.19999999999709	30
16.19999999999709	21
16.299999999995634	12
16.299999999995634	36
16.39999999999418	11
16.5	22
16.5	32
16.5	25
16.5	44
16.599999999998545	10
16.799999999995634	9
17.39999999999418	3
16.89999999999418	49
17.0	37
17.099999999998545	2
17.099999999998545	46
17.299999999995634	8
17.299999999995634	35
17.599999999998545	29
18.0	14
17.799999999995634	4
17.799999999995634	40
17.799999999995634	20
17.89999999999418	48
18.0	17
18.0	43
18.099999999998545	50
18.099999999998545	33
18.19999999999709	25
18.19999999999709	30
18.19999999999709	7
18.19999999999709	22
18.299999999995634	21
18.39999999999418	12
18.39999999999418	10
18.5	44
18.5	36
18.599999999998545	11
18.599999999998545	49
19.5	41
18.799999999995634	32
18.89999999999418	9
19.0	46
19.0	3
19.0	13
19.099999999998545	2
19.19999999999709	37
19.19999999999709	35
19.299999999995634	29
19.39999999999418	8
19.5	4
20.0	45
20.39999999999418	14
19.799999999995634	40
19.799999999995634	48
19.799999999995634	43
19.89999999999418	25
20.0	22
20.0	5
20.0	50
20.099999999998545	10
20.099999999998545	17
20.099999999998545	6
20.19999999999709	44
20.19999999999709	30
20.299999999995634	20
20.39999999999418	21
20.39999999999418	33
20.5	31
20.5	12
20.5	7
20.599999999998545	46
20.599999999998545	13
20.799999999995634	1
20.799999999995634	11
20.799999999995634	49
20.799999999995634	36
20.799999999995634	32
20.89999999999418	41
20.89999999999418	35
21.0	28
21.099999999998545	9
21.099999999998545	29
21.099999999998545	37
21.19999999999709	4
21.19999999999709	2
21.299999999995634	3
21.299999999995634	47
21.39999999999418	39
21.39999999999418	45
22.0	10
22.0	43
22.0	22
22.0	25
22.0	40
22.0	42
22.0	8
22.099999999998545	50
22.099999999998545	14
22.099999999998545	44
22.099999999998545	48
22.099999999998545	6
22.19999999999709	5
22.19999999999709	30
22.19999999999709	33
22.19999999999709	31
22.299999999995634	46
22.299999999995634	17
22.299999999995634	12
22.299999999995634	20
22.39999999999418	21
22.5	49
22.599999999998545	35
23.0	36
23.599999999998545	7
22.799999999995634	1
22.799999999995634	28
22.799999999995634	29
22.799999999995634	13
22.89999999999418	4
23.0	11
23.0	32
23.39999999999418	45
23.39999999999418	39
23.39999999999418	41
23.5	2
23.5	37
23.5	47
23.5	25
23.5	27
23.5	3
23.5	18
23.5	22
23.5	43
24.099999999998545	50
24.099999999998545	48
24.099999999998545	10
24.099999999998545	31
24.099999999998545	8
24.099999999998545	44
24.099999999998545	9
24.099999999998545	14
24.19999999999709	40
24.19999999999709	6
24.19999999999709	30
24.19999999999709	46
24.19999999999709	42
24.19999999999709	21
24.19999999999709	33
24.299999999995634	12
24.299999999995634	23
24.39999999999418	35
24.39999999999418	5
24.5	17
24.599999999998545	28
24.599999999998545	49
24.599999999998545	29
24.599999999998545	4
24.799999999995634	20
24.89999999999418	45
24.89999999999418	1
24.89999999999418	39
24.89999999999418	36
24.89999999999418	23
25.89999999999418	44
25.89999999999418	46
26.0	25
26.0	13
26.0	27
26.0	2
26.0	10
26.0	3
26.0	47
26.0	7
26.0	22
26.0	18
26.0	6
26.0	40
26.0	31
26.0	9
26.0	37
26.0	42
26.0	48
26.0	41
26.0	14
26.099999999998545	8
26.19999999999709	30
26.19999999999709	35
26.299999999995634	21
26.299999999995634	29
26.299999999995634	50
26.299999999995634	28
26.299999999995634	49
26.39999999999418	33
26.39999999999418	4
26.39999999999418	12
26.5	11
26.5	45
26.5	5
26.5	32
26.599999999998545	39
27.0	43
27.19999999999709	23
27.39999999999418	17
26.89999999999418	25
26.89999999999418	20
27.0	36
27.0	1
27.0	22
27.099999999998545	37
27.19999999999709	43
27.19999999999709	10
27.299999999995634	11
27.299999999995634	2
27.299999999995634	13
27.39999999999418	18
27.39999999999418	32
27.39999999999418	7
27.5	27
27.5	46
27.5	42
27.5	48
27.5	44
27.599999999998545	41
27.599999999998545	40
27.599999999998545	31
28.19999999999709	15
28.299999999995634	8
27.799999999995634	47
27.89999999999418	6
27.89999999999418	35
27.89999999999418	50
27.89999999999418	9
28.0	3
28.0	14
28.0	29
28.099999999998545	28
28.19999999999709	4
28.19999999999709	49
28.19999999999709	33
28.299999999995634	45
28.299999999995634	30
28.299999999995634	21
28.39999999999418	39
28.5	12
28.5	23
28.5	25
29.19999999999709	5
28.799999999995634	22
28.89999999999418	17
29.0	37
29.0	1
29.0	36
29.099999999998545	43
29.099999999998545	20
29.099999999998545	10
29.099999999998545	46
29.299999999995634	31
29.39999999999418	2
29.39999999999418	44
29.39999999999418	18
29.39999999999418	15
29.5	48
29.5	11
29.5	27
29.5	42
29.5	13
29.599999999998545	32
29.599999999998545	40
29.599999999998545	50
30.099999999998545	7
30.19999999999709	35
29.799999999995634	29
29.799999999995634	4
29.799999999995634	28
29.89999999999418	14
29.89999999999418	41
29.89999999999418	38
29.89999999999418	6
30.0	39
30.0	45
30.0	26
30.0	47
30.099999999998545	49
30.099999999998545	9
30.099999999998545	33
30.19999999999709	12
30.19999999999709	8
30.19999999999709	25
30.19999999999709	30
30.19999999999709	23
30.39999999999418	3
30.39999999999418	21
30.5	22
30.799999999995634	10
30.89999999999418	5
30.89999999999418	37
30.89999999999418	46
31.099999999998545	17
31.099999999998545	43
31.19999999999709	1
31.19999999999709	36
31.19999999999709	15
31.19999999999709	31
31.299999999995634	44
31.299999999995634	18
31.39999999999418	20
31.39999999999418	42
31.39999999999418	48
31.5	35
31.5	2
31.5	50
31.5	40
31.599999999998545	29
31.599999999998545	27
31.799999999995634	39
31.799999999995634	4
31.799999999995634	11
31.89999999999418	45
31.89999999999418	28
32.599999999998545	13
31.799999999995634	32
31.799999999995634	14
31.89999999999418	7
31.89999999999418	38
32.0	49
32.0	26
32.0	23
32.099999999998545	8
32.099999999998545	33
32.19999999999709	25
32.19999999999709	47
32.19999999999709	12
32.19999999999709	22
32.19999999999709	6
32.299999999995634	41
32.299999999995634	30
32.39999999999418	9
32.5	3
32.599999999998545	10
32.599999999998545	46
32.599999999998545	21
32.799999999995634	43
32.89999999999418	37
32.89999999999418	24
32.89999999999418	31
33.0	44
33.0	15
33.099999999998545	5
33.099999999998545	18
33.19999999999709	1
33.19999999999709	17
33.19999999999709	35
33.19999999999709	2
33.299999999995634	29
33.299999999995634	40
33.299999999995634	45
33.299999999995634	36
33.299999999995634	27
33.299999999995634	48
33.39999999999418	4
33.39999999999418	42
33.39999999999418	39
33.5	28
33.599999999998545	19
33.599999999998545	25
33.799999999995634	20
34.099999999998545	49
33.799999999995634	50
33.799999999995634	23
33.799999999995634	14
33.799999999995634	6
33.89999999999418	38
34.0	22
34.0	33
34.0	26
34.099999999998545	11
34.099999999998545	32
34.099999999998545	8
34.099999999998545	7
34.099999999998545	13
34.19999999999709	12
34.299999999995634	46
34.299999999995634	30
34.299999999995634	47
34.39999999999418	10
34.5	41
35.299999999995634	9
34.89999999999418	31
35.0	21
35.599999999998545	3
34.799999999995634	37
34.799999999995634	15
34.799999999995634	43
34.89999999999418	44
35.0	35
35.0	29
35.0	24
35.099999999998545	39
35.099999999998545	45
35.099999999998545	4
35.099999999998545	18
35.099999999998545	48
35.099999999998545	28
35.299999999995634	2
35.299999999995634	5
35.39999999999418	25
35.39999999999418	36
35.39999999999418	42
35.39999999999418	40
35.5	1
35.5	27
35.5	23
35.599999999998545	17
36.39999999999418	6
36.0	49
36.5	22
36.599999999998545	19
35.89999999999418	20
35.89999999999418	14
35.89999999999418	50
35.89999999999418	38
36.0	33
36.0	11
36.099999999998545	46
36.099999999998545	8
36.099999999998545	32
36.099999999998545	26
36.19999999999709	10
36.19999999999709	13
36.299999999995634	12
36.299999999995634	7
36.5	31
36.5	30
36.5	47
36.599999999998545	15
36.599999999998545	43
37.099999999998545	44
37.39999999999418	45
37.5	21
36.799999999995634	4
36.799999999995634	37
36.799999999995634	35
36.799999999995634	41
36.799999999995634	39
36.89999999999418	9
36.89999999999418	28
36.89999999999418	29
37.0	3
37.0	48
37.099999999998545	24
37.099999999998545	25
37.299999999995634	42
37.299999999995634	18
37.299999999995634	23
38.0	17
38.0	49
38.0	38
38.0	6
38.0	5
38.0	1
38.0	10
38.0	36
38.0	50
38.0	19
38.0	22
38.0	27
38.099999999998545	33
38.099999999998545	40
38.099999999998545	2
38.099999999998545	34
38.099999999998545	26
38.099999999998545	20
38.099999999998545	14
38.19999999999709	8
38.19999999999709	11
38.19999999999709	32
38.19999999999709	12
38.19999999999709	31
38.299999999995634	46
38.39999999999418	16
38.39999999999418	43
38.39999999999418	15
38.39999999999418	13
38.39999999999418	45
38.5	30
38.5	4
38.5	29
38.5	39
38.599999999998545	35
38.599999999998545	7
38.599999999998545	44
39.0	28
39.299999999995634	47
39.39999999999418	37
38.799999999995634	21
38.799999999995634	25
39.099999999998545	23
39.099999999998545	41
39.099999999998545	48
39.19999999999709	24
39.19999999999709	9
39.19999999999709	42
39.19999999999709	22
39.299999999995634	3
39.299999999995634	18
39.39999999999418	40
39.799999999995634	50
39.799999999995634	1
39.799999999995634	36
39.799999999995634	10
39.799999999995634	5
39.799999999995634	2
40.39999999999418	11
40.39999999999418	27
40.39999999999418	35
40.39999999999418	29
40.39999999999418	46
40.39999999999418	4
40.39999999999418	8
40.39999999999418	38
40.39999999999418	31
40.39999999999418	34
40.39999999999418	44
40.39999999999418	20
40.39999999999418	45
40.39999999999418	16
40.39999999999418	15
40.5	28
40.5	12
40.5	32
40.5	6
40.5	17
40.5	25
40.5	43
40.5	13
40.5	39
40.5	30
40.799999999995634	21
40.799999999995634	37
40.799999999995634	49
40.799999999995634	7
40.799999999995634	23
41.099999999998545	46
41.19999999999709	42
41.19999999999709	47
41.19999999999709	22
41.19999999999709	24
41.19999999999709	19
41.299999999995634	48
41.299999999995634	14
41.299999999995634	18
41.299999999995634	40
41.39999999999418	26
41.39999999999418	41
41.5	50
41.5	9
41.5	33
41.5	49
41.5	10
41.5	3
41.5	27
41.5	1
41.599999999998545	2
42.19999999999709	6
42.19999999999709	36
41.799999999995634	31
41.799999999995634	45
41.89999999999418	33
41.89999999999418	5
41.89999999999418	38
41.89999999999418	26
42.0	29
42.0	17
42.0	15
42.0	39
42.099999999998545	35
42.099999999998545	43
42.19999999999709	14
42.19999999999709	16
42.19999999999709	4
42.19999999999709	44
42.19999999999709	28
42.39999999999418	25
42.39999999999418	12
42.5	8
42.5	34
42.5	11
42.5	30
42.5	19
42.89999999999418	20
42.89999999999418	23
42.89999999999418	37
42.89999999999418	32
43.0	21
43.5	13
42.799999999995634	48
42.89999999999418	46
42.89999999999418	22
43.099999999998545	47
43.099999999998545	42
43.099999999998545	7
43.19999999999709	10
43.19999999999709	18
43.39999999999418	24
43.39999999999418	40
43.39999999999418	49
43.5	27
43.599999999998545	45
43.599999999998545	50
43.89999999999418	6
44.0	39
44.0	4
44.099999999998545	9
44.19999999999709	41
44.599999999998545	29
43.799999999995634	33
43.799999999995634	2
43.799999999995634	15
43.799999999995634	1
43.89999999999418	38
43.89999999999418	36
43.89999999999418	3
44.0	35
44.0	28
44.0	43
44.0	16
44.0	44
44.099999999998545	26
44.099999999998545	31
44.099999999998545	5
44.099999999998545	17
44.099999999998545	25
44.19999999999709	14
44.39999999999418	23
44.39999999999418	8
44.39999999999418	12
44.5	30
44.599999999998545	37
45.19999999999709	11
45.299999999995634	32
45.39999999999418	19
45.39999999999418	34
44.799999999995634	48
44.799999999995634	22
44.799999999995634	46
44.89999999999418	20
44.89999999999418	21
44.89999999999418	13
45.0	42
45.099999999998545	10
45.299999999995634	45
45.299999999995634	47
45.299999999995634	18
45.299999999995634	40
45.39999999999418	49
45.39999999999418	39
45.39999999999418	7
45.39999999999418	24
45.39999999999418	50
45.5	4
45.5	27
45.599999999998545	15
45.599999999998545	31
45.599999999998545	6
45.89999999999418	29
45.89999999999418	25
46.0	33
46.299999999995634	2
46.39999999999418	1
45.799999999995634	28
45.799999999995634	35
45.799999999995634	43
45.89999999999418	44
46.0	16
46.0	9
46.0	26
46.0	41
46.0	36
46.0	3
46.0	38
46.19999999999709	23
46.19999999999709	5
46.299999999995634	17
46.299999999995634	30
46.39999999999418	14
46.39999999999418	22
46.5	12
46.5	8
46.5	46
46.599999999998545	37
46.799999999995634	10
46.89999999999418	32
46.89999999999418	34
47.0	45
47.0	21
47.0	19
47.0	42
47.0	11
47.099999999998545	39
47.099999999998545	20
47.099999999998545	31
47.099999999998545	4
47.099999999998545	48
47.19999999999709	13
47.19999999999709	49
47.19999999999709	18
47.299999999995634	40
47.299999999995634	50
47.39999999999418	15
47.5	35
47.5	25
47.5	47
47.5	29
47.5	27
47.599999999998545	28
47.599999999998545	6
47.599999999998545	43
47.599999999998545	24
48.0	7
48.0	33
48.0	44
47.799999999995634	2
47.799999999995634	16
47.799999999995634	1
48.0	26
48.0	46
48.0	38
48.0	36
48.099999999998545	14
48.19999999999709	22
48.19999999999709	9
48.19999999999709	23
48.299999999995634	41
48.299999999995634	3
48.299999999995634	5
48.5	17
48.5	30
48.5	12
48.5	10
48.599999999998545	37
49.099999999998545	8
49.5	45
48.799999999995634	48
48.799999999995634	39
48.89999999999418	4
48.89999999999418	31
49.0	18
49.0	42
49.099999999998545	32
49.099999999998545	11
49.099999999998545	25
49.099999999998545	49
49.099999999998545	21
49.19999999999709	40
49.19999999999709	34
49.19999999999709	29
49.299999999995634	50
49.299999999995634	15
49.299999999995634	35
49.299999999995634	28
49.299999999995634	19
49.39999999999418	13
49.39999999999418	20
49.5	43
49.5	27
49.5	44
49.599999999998545	24
49.599999999998545	47
50.099999999998545	33
50.099999999998545	6
49.799999999995634	16
49.799999999995634	46
49.89999999999418	23
49.89999999999418	22
49.89999999999418	2
50.0	1
50.0	26
50.0	38
50.099999999998545	7
50.19999999999709	36
50.39999999999418	45
50.39999999999418	14
50.39999999999418	10
50.5	37
50.5	12
50.5	9
50.5	5
50.5	3
50.5	30
50.5	39
50.599999999998545	4
50.599999999998545	17
51.0	8
51.39999999999418	41
51.5	31
51.5	48
50.89999999999418	42
50.89999999999418	25
50.89999999999418	29
50.89999999999418	18
50.89999999999418	35
51.0	15
51.0	21
51.099999999998545	28
51.099999999998545	40
51.099999999998545	49
51.19999999999709	32
51.299999999995634	43
51.39999999999418	50
51.39999999999418	27
51.39999999999418	6
51.39999999999418	44
51.39999999999418	46
51.5	34
51.5	11
51.5	22
51.599999999998545	33
51.599999999998545	19
51.599999999998545	20
51.599999999998545	23
52.099999999998545	13
52.099999999998545	16
52.19999999999709	24
51.89999999999418	2
51.89999999999418	47
52.0	38
52.0	26
52.099999999998545	45
52.099999999998545	10
52.099999999998545	1
52.19999999999709	7
52.299999999995634	39
52.299999999995634	36
52.299999999995634	4
52.39999999999418	14
52.39999999999418	31
52.5	12
52.5	37
52.599999999998545	30
52.599999999998545	25
52.89999999999418	48
53.19999999999709	5
53.599999999998545	35
52.799999999995634	8
52.799999999995634	29
52.799999999995634	3
52.799999999995634	15
52.799999999995634	9
52.799999999995634	17
52.89999999999418	18
52.89999999999418	21
52.89999999999418	49
53.0	28
53.0	42
53.099999999998545	40
53.099999999998545	41
53.19999999999709	46
53.19999999999709	44
53.19999999999709	43
53.19999999999709	50
53.19999999999709	23
53.299999999995634	6
53.39999999999418	27
53.39999999999418	32
53.39999999999418	11
53.39999999999418	22
53.5	16
53.599999999998545	33
54.39999999999418	34
53.799999999995634	19
53.799999999995634	45
53.799999999995634	38
53.799999999995634	13
53.799999999995634	24
54.599999999998545	31
54.599999999998545	25
54.599999999998545	4
54.599999999998545	20
54.599999999998545	2
54.599999999998545	30
54.599999999998545	35
54.599999999998545	37
54.599999999998545	15
54.599999999998545	47
54.599999999998545	7
55.19999999999709	29
55.5	39
55.299999999995634	26
55.39999999999418	12
55.39999999999418	36
55.5	28
55.5	14
55.099999999998545	43
55.099999999998545	18
55.099999999998545	17
55.099999999998545	9
55.099999999998545	48
55.099999999998545	3
55.099999999998545	5
55.099999999998545	21
55.099999999998545	40
55.599999999998545	6
56.299999999995634	22
56.0	44
56.0	41
56.0	27
56.0	42
56.0	10
56.0	10
56.099999999998545	23
56.099999999998545	16
56.099999999998545	45
56.19999999999709	46
56.599999999998545	49
55.799999999995634	1
55.799999999995634	8
55.799999999995634	39
55.799999999995634	38
55.799999999995634	4
55.89999999999418	24
56.0	2
56.0	29
56.0	34
56.0	50
56.0	13
56.0	25
56.0	31
56.0	19
56.099999999998545	33
56.099999999998545	11
56.099999999998545	20
56.19999999999709	1
56.19999999999709	32
56.19999999999709	47
56.19999999999709	26
56.299999999995634	35
56.299999999995634	37
56.39999999999418	30
56.39999999999418	15
56.39999999999418	28
56.5	14
56.5	36
56.5	12
56.5	48
56.599999999998545	46
56.89999999999418	7
57.39999999999418	42
57.599999999998545	49
56.799999999995634	23
56.799999999995634	40
56.89999999999418	44
56.89999999999418	18
56.89999999999418	43
57.0	22
57.099999999998545	5
57.099999999998545	8
57.099999999998545	50
57.19999999999709	17
57.19999999999709	45
57.19999999999709	21
57.19999999999709	9
57.19999999999709	16
57.299999999995634	6
57.299999999995634	3
57.39999999999418	39
57.39999999999418	27
57.89999999999418	4
57.89999999999418	33
57.89999999999418	11
57.89999999999418	41
57.89999999999418	38
57.89999999999418	29
58.0	2
58.0	31
58.0	35
58.0	24
58.099999999998545	32
58.099999999998545	10
58.19999999999709	28
58.19999999999709	37
58.19999999999709	13
58.19999999999709	15
58.299999999995634	46
58.299999999995634	1
58.299999999995634	25
58.299999999995634	19
58.39999999999418	30
58.39999999999418	20
58.39999999999418	34
58.39999999999418	26
58.39999999999418	47
58.5	48
58.5	23
58.599999999998545	43
58.599999999998545	12
58.599999999998545	36
58.599999999998545	14
58.599999999998545	22
59.0	44
58.799999999995634	42
58.799999999995634	49
58.89999999999418	18
58.89999999999418	40
58.89999999999418	45
58.89999999999418	7
59.0	50
59.099999999998545	8
59.19999999999709	16
59.19999999999709	39
59.299999999995634	5
59.299999999995634	4
59.299999999995634	6
59.299999999995634	21
59.39999999999418	17
59.39999999999418	10
59.39999999999418	25
59.5	9
59.5	33
59.5	29
59.599999999998545	31
59.599999999998545	27
59.599999999998545	3
59.799999999995634	35
59.799999999995634	38
59.89999999999418	28
59.89999999999418	41
59.89999999999418	11
59.89999999999418	15
60.0	46
60.0	2
60.099999999998545	37
60.099999999998545	26
60.099999999998545	24
60.099999999998545	32
60.39999999999418	22
60.39999999999418	23
60.39999999999418	1
60.5	14
60.5	13
60.5	34
60.5	44
60.5	12
60.599999999998545	49
60.599999999998545	48
60.599999999998545	42
60.599999999998545	45
60.599999999998545	43
60.599999999998545	30
60.599999999998545	20
60.89999999999418	47
61.0	19
60.799999999995634	36
60.799999999995634	18
60.89999999999418	50
60.89999999999418	40
60.89999999999418	39
61.0	16
61.0	10
61.099999999998545	4
61.099999999998545	8
61.19999999999709	25
61.19999999999709	6
61.299999999995634	7
61.299999999995634	29
61.299999999995634	21
61.299999999995634	31
61.39999999999418	5
61.5	33
61.5	17
61.599999999998545	35
61.599999999998545	27
62.39999999999418	28
62.5	46
62.599999999998545	15
61.799999999995634	3
61.799999999995634	38
62.099999999998545	26
62.099999999998545	23
62.099999999998545	22
62.099999999998545	32
62.099999999998545	41
62.099999999998545	11
62.099999999998545	2
62.099999999998545	9
62.19999999999709	37
62.299999999995634	43
62.39999999999418	44
62.39999999999418	48
62.39999999999418	14
62.39999999999418	1
62.39999999999418	45
62.5	24
62.599999999998545	49
62.599999999998545	12
63.0	30
63.299999999995634	13
63.39999999999418	4
63.39999999999418	47
62.799999999995634	39
62.799999999995634	50
62.799999999995634	10
62.799999999995634	34
62.799999999995634	42
62.89999999999418	18
62.89999999999418	36
62.89999999999418	19
62.89999999999418	16
62.89999999999418	25
63.0	40
63.0	29
63.099999999998545	20
63.19999999999709	6
63.19999999999709	31
63.19999999999709	8
63.5	35
63.5	28
63.5	46
63.5	7
63.5	21
63.599999999998545	27
63.599999999998545	15
63.799999999995634	5
64.19999999999709	17
64.5	38
63.799999999995634	22
63.799999999995634	23
63.89999999999418	33
64.0	45
64.0	3
64.09999999999854	26
64.09999999999854	9
64.19999999999709	2
64.19999999999709	37
64.19999999999709	44
64.19999999999709	24
64.29999999999563	32
64.29999999999563	48
64.39999999999418	39
64.39999999999418	41
64.39999999999418	43
64.5	14
64.5	49
64.5	42
64.5	10
64.59999999999854	12
64.59999999999854	4
64.59999999999854	1
64.59999999999854	25
64.59999999999854	30
65.09999999999854	29
65.19999999999709	50
65.39999999999418	11
64.79999999999563	16
64.79999999999563	18
64.79999999999563	40
64.79999999999563	13
64.89999999999418	31
64.89999999999418	47
64.89999999999418	36
65.09999999999854	19
65.09999999999854	34
65.19999999999709	46
65.19999999999709	35
65.19999999999709	6
65.19999999999709	20
65.29999999999563	8
65.29999999999563	15
65.39999999999418	21
65.39999999999418	28
65.5	33
65.59999999999854	22
65.59999999999854	23
65.79999999999563	27
66.39999999999418	38
65.79999999999563	45
65.79999999999563	7
65.79999999999563	5
65.89999999999418	17
66.09999999999854	44
66.09999999999854	26
66.09999999999854	37
66.19999999999709	43
66.19999999999709	39
66.19999999999709	2
66.19999999999709	4
66.29999999999563	49
66.29999999999563	48
66.29999999999563	25
66.29999999999563	10
66.29999999999563	9
66.29999999999563	24
66.39999999999418	3
66.5	32
66.5	11
66.5	42
66.5	14
66.5	29
66.59999999999854	40
66.59999999999854	12
66.59999999999854	30
66.59999999999854	1
66.89999999999418	16
67.09999999999854	41
67.39999999999418	31
66.79999999999563	18
66.89999999999418	35
66.89999999999418	46
67.0	28
67.0	13
67.0	50
67.09999999999854	36
67.09999999999854	47
67.09999999999854	6
67.09999999999854	15
67.29999999999563	22
67.29999999999563	34
67.29999999999563	19
67.39999999999418	23
67.39999999999418	20
67.39999999999418	8
67.5	45
67.59999999999854	21
68.5	27
67.79999999999563	33
68.29999999999563	38
68.39999999999418	39
68.0	5
68.0	44
68.0	4
68.0	25
68.0	43
68.0	7
68.0	37
68.09999999999854	10
68.09999999999854	26
68.09999999999854	17
68.19999999999709	49
68.19999999999709	48
68.19999999999709	29
68.29999999999563	2
68.39999999999418	42
68.39999999999418	30
68.39999999999418	24
68.39999999999418	31
68.5	14
68.5	9
68.59999999999854	16
68.59999999999854	12
68.59999999999854	46
68.59999999999854	40
68.59999999999854	32
68.59999999999854	3
68.59999999999854	50
68.59999999999854	35
68.89999999999418	11
69.0	1
69.59999999999854	28
68.79999999999563	18
68.89999999999418	15
69.59999999999854	36
69.59999999999854	13
69.59999999999854	21
69.59999999999854	39
69.59999999999854	34
69.59999999999854	45
69.59999999999854	41
69.59999999999854	19
69.59999999999854	6
69.59999999999854	8
69.59999999999854	47
69.59999999999854	27
69.59999999999854	23
69.59999999999854	33
69.59999999999854	22
69.59999999999854	20
69.59999999999854	4
70.0	44
70.19999999999709	38
70.59999999999854	25
69.89999999999418	10
69.89999999999418	43
70.0	37
70.09999999999854	48
70.09999999999854	49
70.09999999999854	29
70.09999999999854	26
70.09999999999854	5
70.19999999999709	31
70.19999999999709	17
70.19999999999709	7
70.29999999999563	2
70.29999999999563	46
70.29999999999563	42
70.39999999999418	30
70.5	16
70.5	40
70.5	35
70.5	28
70.5	24
70.59999999999854	12
71.29999999999563	15
71.59999999999854	18
71.59999999999854	14
70.79999999999563	22
70.79999999999563	50
70.79999999999563	32
70.79999999999563	1
70.79999999999563	9
70.79999999999563	11
70.89999999999418	3
70.89999999999418	45
71.0	23
71.0	6
71.09999999999854	39
71.29999999999563	36
71.29999999999563	41
71.39999999999418	4
71.5	13
71.5	47
71.5	25
71.5	44
71.59999999999854	33
71.59999999999854	21
71.59999999999854	8
71.59999999999854	27
71.59999999999854	10
72.0	38
72.5	43
71.79999999999563	37
72.39999999999418	35
72.39999999999418	48
72.39999999999418	34
72.39999999999418	20
72.39999999999418	16
72.39999999999418	5
72.39999999999418	42
72.39999999999418	19
72.39999999999418	29
72.39999999999418	28
72.39999999999418	2
72.39999999999418	46
72.39999999999418	49
72.39999999999418	17
72.39999999999418	26
72.39999999999418	31
72.39999999999418	30
72.5	7
72.5	15
72.5	22
72.59999999999854	24
72.59999999999854	12
73.5	23
73.29999999999563	50
73.39999999999418	18
73.59999999999854	45
72.79999999999563	14
72.79999999999563	40
72.89999999999418	39
72.89999999999418	1
72.89999999999418	32
73.0	6
73.19999999999709	3
73.19999999999709	36
73.39999999999418	10
73.39999999999418	11
73.5	27
73.5	9
73.5	44
73.5	25
73.59999999999854	41
73.59999999999854	33
73.59999999999854	43
73.79999999999563	47
74.09999999999854	8
73.89999999999418	21
74.19999999999709	37
74.29999999999563	13
73.79999999999563	31
73.79999999999563	46
73.79999999999563	4
73.89999999999418	38
73.89999999999418	49
73.89999999999418	29
73.89999999999418	48
74.0	35
74.0	42
74.09999999999854	28
74.19999999999709	19
74.19999999999709	2
74.19999999999709	26
74.19999999999709	34
74.29999999999563	20
74.29999999999563	22
74.39999999999418	16
74.39999999999418	15
74.39999999999418	23
74.5	30
74.5	45
74.5	5
74.59999999999854	39
74.59999999999854	17
74.59999999999854	12
74.79999999999563	50
74.79999999999563	40
75.19999999999709	24
74.79999999999563	18
74.79999999999563	14
74.89999999999418	7
74.89999999999418	4
75.0	1
75.0	6
75.09999999999854	25
75.09999999999854	32
75.19999999999709	44
75.29999999999563	33
75.29999999999563	3
75.29999999999563	10
75.29999999999563	36
75.39999999999418	11
75.39999999999418	9
75.39999999999418	43
75.39999999999418	27
75.5	46
75.5	29
75.59999999999854	31
76.5	21
76.39999999999418	35
76.5	48
75.79999999999563	49
75.79999999999563	8
75.89999999999418	38
75.89999999999418	28
75.89999999999418	47
75.89999999999418	41
76.0	37
76.0	42
76.0	22
76.09999999999854	15
76.09999999999854	13
76.09999999999854	16
76.19999999999709	26
76.19999999999709	45
76.19999999999709	2
76.29999999999563	23
76.29999999999563	39
76.39999999999418	34
76.39999999999418	19
76.5	30
76.5	20
76.59999999999854	4
76.59999999999854	40
76.59999999999854	50
76.59999999999854	25
77.09999999999854	5
77.19999999999709	12
76.79999999999563	17
76.89999999999418	24
76.89999999999418	14
76.89999999999418	18
76.89999999999418	6
77.0	29
77.0	7
77.0	1
77.09999999999854	10
77.09999999999854	44
77.19999999999709	46
77.29999999999563	33
77.29999999999563	32
77.29999999999563	43
77.39999999999418	11
77.39999999999418	31
77.5	35
77.59999999999854	27
77.59999999999854	3
77.59999999999854	9
77.59999999999854	49
77.59999999999854	28
77.89999999999418	36
77.79999999999563	21
77.79999999999563	22
77.79999999999563	48
77.79999999999563	8
77.89999999999418	38
77.89999999999418	45
77.89999999999418	37
78.0	15
78.0	23
78.0	16
78.0	47
78.0	39
78.09999999999854	13
78.09999999999854	42
78.19999999999709	26
78.19999999999709	41
78.29999999999563	2
78.29999999999563	25
78.39999999999418	4
78.5	40
78.59999999999854	34
78.59999999999854	19
79.09999999999854	30
79.19999999999709	20
78.79999999999563	10
78.79999999999563	50
78.79999999999563	29
78.79999999999563	12
78.79999999999563	44
78.89999999999418	18
78.89999999999418	5
78.89999999999418	24
78.89999999999418	46
79.0	17
79.0	6
79.09999999999854	31
79.09999999999854	14
79.09999999999854	1
79.19999999999709	33
79.29999999999563	35
79.39999999999418	7
79.39999999999418	28
79.39999999999418	49
79.39999999999418	43
79.5	27
79.5	22
79.59999999999854	45
79.59999999999854	11
79.59999999999854	32
80.0	15
80.39999999999418	23
80.5	48
80.59999999999854	39
79.79999999999563	21
79.79999999999563	9
79.79999999999563	37
79.79999999999563	3
79.79999999999563	36
79.79999999999563	38
79.89999999999418	8
80.0	16
80.0	4
80.09999999999854	25
80.09999999999854	42
80.19999999999709	26
80.29999999999563	47
80.29999999999563	13
80.39999999999418	29
80.5	10
80.5	40
80.59999999999854	50
80.59999999999854	46
80.59999999999854	2
80.59999999999854	41
80.89999999999418	44
81.29999999999563	12
81.39999999999418	30
80.79999999999563	18
80.89999999999418	20
80.89999999999418	31
80.89999999999418	6
80.89999999999418	19
80.89999999999418	34
80.89999999999418	14
81.09999999999854	5
81.09999999999854	24
81.09999999999854	35
81.09999999999854	45
81.09999999999854	28
81.09999999999854	17
81.19999999999709	1
81.19999999999709	33
81.29999999999563	22
81.39999999999418	43
81.39999999999418	39
81.5	15
81.5	23
81.59999999999854	49
81.59999999999854	27
81.59999999999854	7
81.59999999999854	32
82.29999999999563	11
82.29999999999563	37
81.79999999999563	25
81.79999999999563	16
81.79999999999563	48
81.79999999999563	4
81.89999999999418	38
81.89999999999418	21
82.0	36
82.0	8
82.09999999999854	3
82.09999999999854	9
82.09999999999854	42
82.09999999999854	29
82.19999999999709	26
82.29999999999563	10
82.39999999999418	46
82.39999999999418	40
82.5	47
82.5	44
82.5	2
82.59999999999854	13
82.59999999999854	50
82.89999999999418	30
82.89999999999418	12
83.39999999999418	31
82.79999999999563	41
82.79999999999563	35
82.89999999999418	43
82.89999999999418	45
82.89999999999418	6
82.89999999999418	18
82.89999999999418	28
83.0	14
83.09999999999854	24
83.09999999999854	34
83.09999999999854	19
83.19999999999709	20
83.19999999999709	22
83.19999999999709	39
83.29999999999563	15
83.29999999999563	33
83.29999999999563	5
83.29999999999563	23
83.29999999999563	1
83.29999999999563	17
83.5	49
83.5	27
83.5	4
83.5	25
83.79999999999563	48
84.5	37
84.5	16
83.79999999999563	7
83.79999999999563	38
83.89999999999418	29
83.89999999999418	11
84.0	32
84.0	36
84.0	21
84.0	42
84.09999999999854	8
84.19999999999709	46
84.19999999999709	26
84.29999999999563	10
84.29999999999563	3
84.29999999999563	9
84.29999999999563	44
84.39999999999418	40
84.39999999999418	50
84.39999999999418	31
84.5	45
84.59999999999854	47
85.5	15
85.5	1
85.5	2
85.5	19
85.5	17
85.5	28
85.5	39
85.5	30
85.5	4
85.5	13
85.5	33
85.5	23
85.5	18
85.5	6
85.5	22
85.5	49
85.5	35
85.5	20
85.5	43
85.5	24
85.5	41
85.59999999999854	14
85.59999999999854	25
85.59999999999854	16
85.59999999999854	12
85.59999999999854	34
85.79999999999563	27
86.09999999999854	37
86.5	5
86.59999999999854	46
85.79999999999563	29
86.19999999999709	45
86.19999999999709	32
86.29999999999563	21
86.29999999999563	42
86.29999999999563	36
86.29999999999563	7
86.29999999999563	10
86.29999999999563	31
86.29999999999563	44
86.29999999999563	11
86.29999999999563	26
86.89999999999418	30
86.89999999999418	38
86.89999999999418	40
86.89999999999418	28
86.89999999999418	43
86.89999999999418	14
86.89999999999418	18
86.89999999999418	47
86.89999999999418	12
86.89999999999418	22
86.89999999999418	39
86.89999999999418	50
86.89999999999418	23
86.89999999999418	13
86.89999999999418	3
86.89999999999418	6
86.89999999999418	25
86.89999999999418	2
86.89999999999418	35
86.89999999999418	9
86.89999999999418	4
87.0	15
87.0	48
87.09999999999854	8
87.09999999999854	33
87.19999999999709	49
87.29999999999563	24
87.39999999999418	41
87.39999999999418	29
87.5	1
87.5	16
87.5	46
87.5	27
88.0	34
88.09999999999854	10
88.19999999999709	37
88.29999999999563	48
88.29999999999563	17
88.39999999999418	5
88.39999999999418	19
88.09999999999854	31
88.09999999999854	45
88.09999999999854	38
88.09999999999854	32
88.19999999999709	42
88.19999999999709	35
88.19999999999709	36
88.19999999999709	28
88.19999999999709	20
88.19999999999709	44
88.19999999999709	26
88.19999999999709	11
88.29999999999563	22
88.29999999999563	8
88.39999999999418	39
88.39999999999418	40
88.5	7
88.5	43
88.5	21
88.59999999999854	23
89.29999999999563	25
89.59999999999854	15
88.89999999999418	4
89.29999999999563	12
89.59999999999854	2
89.59999999999854	30
88.79999999999563	6
88.79999999999563	18
88.79999999999563	3
88.79999999999563	50
88.89999999999418	9
89.0	47
89.09999999999854	14
89.09999999999854	49
89.09999999999854	29
89.09999999999854	13
89.19999999999709	46
89.29999999999563	33
89.39999999999418	16
89.39999999999418	24
89.5	48
89.5	10
89.5	37
89.59999999999854	27
89.59999999999854	1
89.59999999999854	45
90.0	41
89.79999999999563	31
89.79999999999563	38
89.79999999999563	5
89.79999999999563	17
89.89999999999418	44
89.89999999999418	20
89.89999999999418	42
90.0	34
90.0	21
90.0	35
90.09999999999854	19
90.09999999999854	28
90.09999999999854	22
90.19999999999709	39
90.29999999999563	26
90.29999999999563	43
90.29999999999563	50
90.29999999999563	36
90.39999999999418	23
90.39999999999418	25
90.39999999999418	40
90.39999999999418	8
90.39999999999418	4
90.39999999999418	11
90.5	15
90.5	32
90.59999999999854	7
91.29999999999563	30
91.39999999999418	6
91.39999999999418	2
91.39999999999418	12
90.89999999999418	46
90.89999999999418	18
90.89999999999418	29
91.0	49
91.09999999999854	3
91.19999999999709	9
91.19999999999709	14
91.19999999999709	10
91.19999999999709	16
91.29999999999563	47
91.29999999999563	33
91.29999999999563	48
91.29999999999563	13
91.29999999999563	45
91.39999999999418	24
91.59999999999854	42
91.59999999999854	31
91.59999999999854	27
91.59999999999854	37
92.0	35
92.39999999999418	1
91.89999999999418	44
92.5	28
91.79999999999563	39
91.79999999999563	38
91.79999999999563	22
92.0	5
92.0	41
92.0	17
92.0	21
92.09999999999854	25
92.09999999999854	23
92.09999999999854	43
92.09999999999854	4
92.19999999999709	20
92.19999999999709	34
92.19999999999709	40
92.29999999999563	26
92.29999999999563	50
92.29999999999563	15
92.29999999999563	19
92.39999999999418	36
92.39999999999418	8
92.59999999999854	32
92.59999999999854	18
92.59999999999854	11
92.59999999999854	46
92.59999999999854	29
93.09999999999854	6
93.39999999999418	30
92.79999999999563	2
92.89999999999418	12
92.89999999999418	49
93.0	7
93.0	10
93.09999999999854	45
93.09999999999854	16
93.19999999999709	14
93.79999999999563	24
93.79999999999563	1
93.79999999999563	9
93.79999999999563	28
93.79999999999563	37
93.79999999999563	13
93.79999999999563	31
93.79999999999563	44
93.79999999999563	3
93.79999999999563	39
93.79999999999563	27
93.79999999999563	22
93.89999999999418	23
93.89999999999418	38
93.89999999999418	4
94.0	42
94.0	35
94.0	48
94.09999999999854	15
94.09999999999854	21
94.09999999999854	33
94.09999999999854	5
94.19999999999709	17
94.29999999999563	41
94.29999999999563	26
94.29999999999563	50
94.29999999999563	40
94.29999999999563	46
94.39999999999418	47
94.39999999999418	29
94.39999999999418	19
94.5	43
94.5	20
94.5	34
94.5	36
94.5	30
94.5	8
94.59999999999854	25
94.59999999999854	12
94.59999999999854	18
94.59999999999854	2
95.59999999999854	32
94.79999999999563	6
94.79999999999563	10
94.79999999999563	45
94.79999999999563	11
94.89999999999418	49
95.09999999999854	16
95.09999999999854	31
95.09999999999854	7
95.19999999999709	39
95.19999999999709	35
95.19999999999709	48
95.29999999999563	33
95.29999999999563	28
95.39999999999418	22
95.5	37
95.5	47
95.5	44
95.5	14
95.5	25
95.5	38
95.59999999999854	4
95.59999999999854	24
95.89999999999418	23
96.19999999999709	3
96.19999999999709	42
95.79999999999563	13
95.79999999999563	27
95.79999999999563	1
95.79999999999563	15
95.79999999999563	43
95.89999999999418	9
96.0	46
96.09999999999854	29
96.09999999999854	50
96.09999999999854	21
96.09999999999854	40
96.29999999999563	26
96.39999999999418	5
96.5	17
96.5	10
96.59999999999854	12
96.59999999999854	36
96.59999999999854	8
96.59999999999854	6
96.59999999999854	41
96.79999999999563	20
96.79999999999563	45
96.89999999999418	2
97.5	30
97.59999999999854	34
97.59999999999854	49
96.79999999999563	19
96.79999999999563	18
96.79999999999563	32
96.89999999999418	16
96.89999999999418	39
96.89999999999418	31
97.09999999999854	11
97.09999999999854	35
97.09999999999854	28
97.09999999999854	48
97.19999999999709	22
97.19999999999709	44
97.19999999999709	33
97.29999999999563	25
97.29999999999563	14
97.29999999999563	4
97.29999999999563	37
97.39999999999418	23
97.39999999999418	7
97.5	38
97.59999999999854	42
98.29999999999563	47
98.09999999999854	15
98.19999999999709	24
98.19999999999709	27
97.79999999999563	46
97.89999999999418	29
97.89999999999418	43
97.89999999999418	3
97.89999999999418	9
97.89999999999418	50
98.0	13
98.09999999999854	40
98.29999999999563	21
98.29999999999563	10
98.29999999999563	45
98.5	5
98.5	26
98.59999999999854	17
98.59999999999854	6
98.59999999999854	39
98.59999999999854	49
99.19999999999709	18
99.39999999999418	31
99.29999999999563	8
99.5	35
99.5	36
99.59999999999854	30
98.79999999999563	12
98.79999999999563	22
98.79999999999563	16
98.79999999999563	28
98.89999999999418	41
98.89999999999418	2
98.89999999999418	20
99.0	19
99.0	25
99.0	33
99.0	34
99.0	32
99.0	44
99.09999999999854	4
99.09999999999854	11
99.09999999999854	48
99.19999999999709	23
99.79999999999563	29
99.79999999999563	37
99.79999999999563	27
99.79999999999563	24
99.79999999999563	38
99.79999999999563	15
99.79999999999563	43
99.79999999999563	42
99.79999999999563	46
99.79999999999563	47
99.79999999999563	50
99.89999999999418	7
100.09999999999854	40
100.09999999999854	10
100.09999999999854	3
100.09999999999854	45
100.19999999999709	9
100.19999999999709	13
100.19999999999709	21
100.29999999999563	39
100.39999999999418	31
100.5	35
100.5	22
100.59999999999854	49
100.59999999999854	6
100.59999999999854	28
100.59999999999854	18
101.09999999999854	26
101.0	5
101.09999999999854	25
101.09999999999854	16
101.59999999999854	17
100.79999999999563	30
100.79999999999563	12
100.79999999999563	4
100.79999999999563	8
100.79999999999563	44
100.79999999999563	36
100.89999999999418	23
101.0	48
101.0	2
101.0	33
101.19999999999709	20
101.19999999999709	32
101.19999999999709	41
101.19999999999709	46
101.19999999999709	19
101.19999999999709	15
101.29999999999563	34
101.29999999999563	37
101.29999999999563	11
101.39999999999418	43
101.5	42
101.5	29
102.29999999999563	7
102.29999999999563	10
102.29999999999563	24
102.29999999999563	3
102.29999999999563	28
102.39999999999418	40
102.39999999999418	45
102.39999999999418	21
102.39999999999418	39
102.39999999999418	47
102.39999999999418	27
102.39999999999418	22
102.39999999999418	13
102.39999999999418	35
102.39999999999418	31
102.39999999999418	50
102.39999999999418	25
102.39999999999418	38
102.5	9
102.5	49
102.5	4
102.5	6
102.59999999999854	26
102.59999999999854	16
102.59999999999854	18
102.79999999999563	44
103.19999999999709	23
102.89999999999418	12
103.0	5
103.0	30
103.0	2
103.0	36
103.0	48
103.0	15
103.0	46
103.09999999999854	8
103.19999999999709	17
103.29999999999563	43
103.29999999999563	29
103.29999999999563	37
103.29999999999563	32
103.39999999999418	33
103.39999999999418	20
103.39999999999418	42
103.5	11
103.5	19
103.5	27
103.59999999999854	41
103.59999999999854	45
103.59999999999854	34
103.59999999999854	10
104.09999999999854	38
103.79999999999563	50
103.79999999999563	39
104.0	24
104.0	40
104.0	31
104.09999999999854	35
104.09999999999854	22
104.19999999999709	28
104.29999999999563	7
104.29999999999563	21
104.39999999999418	25
104.39999999999418	49
104.39999999999418	16
104.5	23
104.5	44
104.59999999999854	30
104.59999999999854	18
104.59999999999854	47
104.59999999999854	46
104.59999999999854	12
104.59999999999854	3
105.19999999999709	6
105.29999999999563	9
104.89999999999418	15
104.89999999999418	48
104.89999999999418	13
105.0	8
105.0	26
105.0	29
105.09999999999854	2
105.09999999999854	5
105.09999999999854	36
105.19999999999709	17
105.19999999999709	37
105.19999999999709	45
105.19999999999709	33
105.29999999999563	43
105.39999999999418	42
105.5	10
105.5	39
105.5	32
105.79999999999563	11
105.89999999999418	20
106.0	38
105.79999999999563	31
105.79999999999563	41
105.79999999999563	22
105.79999999999563	34
105.79999999999563	19
105.79999999999563	50
105.79999999999563	35
105.89999999999418	27
105.89999999999418	28
105.89999999999418	25
105.89999999999418	40
106.09999999999854	24
106.19999999999709	23
106.29999999999563	49
106.29999999999563	46
106.29999999999563	44
106.39999999999418	47
106.39999999999418	7
106.59999999999854	18
106.59999999999854	15
106.59999999999854	12
106.59999999999854	26
106.59999999999854	21
107.5	6
106.79999999999563	29
106.79999999999563	3
106.79999999999563	30
106.89999999999418	13
106.89999999999418	45
106.89999999999418	2
107.0	43
107.0	9
107.0	48
107.09999999999854	8
107.09999999999854	33
107.19999999999709	36
107.19999999999709	37
107.29999999999563	17
107.29999999999563	39
107.29999999999563	10
107.39999999999418	42
107.5	31
107.59999999999854	5
107.59999999999854	22
107.59999999999854	25
107.59999999999854	35
108.19999999999709	50
107.79999999999563	38
108.0	32
108.19999999999709	28
108.5	27
107.79999999999563	11
107.89999999999418	40
107.89999999999418	20
108.0	19
108.0	23
108.0	34
108.09999999999854	41
108.19999999999709	24
108.19999999999709	46
108.19999999999709	44
108.19999999999709	49
108.39999999999418	18
108.39999999999418	15
108.39999999999418	21
108.5	29
108.59999999999854	47
108.59999999999854	12
108.59999999999854	6
108.59999999999854	45
108.89999999999418	26
109.5	48
108.79999999999563	30
108.79999999999563	43
108.89999999999418	7
109.0	10
109.0	39
109.09999999999854	33
109.09999999999854	13
109.09999999999854	37
109.09999999999854	3
109.09999999999854	2
109.19999999999709	9
109.29999999999563	22
109.29999999999563	25
109.29999999999563	36
109.29999999999563	35
109.39999999999418	8
109.39999999999418	31
109.5	5
109.5	17
109.5	28
109.59999999999854	50
110.29999999999563	38
110.59999999999854	27
109.79999999999563	23
109.89999999999418	40
109.89999999999418	32
109.89999999999418	46
110.0	44
110.0	11
110.09999999999854	29
110.09999999999854	49
110.19999999999709	20
110.19999999999709	15
110.19999999999709	24
110.29999999999563	19
110.29999999999563	45
110.39999999999418	34
110.39999999999418	41
110.5	21
110.5	18
110.59999999999854	26
110.59999999999854	30
111.29999999999563	12
111.29999999999563	43
111.5	48
111.5	6
110.79999999999563	39
110.79999999999563	47
110.89999999999418	10
111.0	7
111.0	25
111.0	33
111.09999999999854	37
111.09999999999854	31
111.19999999999709	28
111.19999999999709	13
111.19999999999709	8
111.29999999999563	2
111.29999999999563	22
111.29999999999563	35
111.39999999999418	3
111.5	36
111.5	38
111.5	46
111.5	9
111.5	23
111.59999999999854	5
111.59999999999854	50
111.79999999999563	27
111.79999999999563	17
111.79999999999563	40
111.79999999999563	29
111.79999999999563	44
112.0	49
112.0	32
112.0	15
112.19999999999709	45
112.39999999999418	39
112.39999999999418	11
112.39999999999418	24
112.39999999999418	20
112.5	10
112.5	18
112.5	19
112.5	43
112.5	21
112.59999999999854	34
112.59999999999854	48
112.59999999999854	30
112.59999999999854	6
112.79999999999563	12
112.89999999999418	41
112.79999999999563	25
112.79999999999563	26
112.89999999999418	31
112.89999999999418	47
112.89999999999418	28
113.0	22
113.0	33
113.0	2
113.09999999999854	35
113.19999999999709	7
113.29999999999563	23
113.29999999999563	8
113.89999999999418	15
113.89999999999418	27
113.89999999999418	36
113.89999999999418	5
113.89999999999418	50
114.0	40
114.0	3
114.79999999999563	48
114.79999999999563	20
114.79999999999563	10
114.79999999999563	31
114.79999999999563	45
114.79999999999563	29
114.79999999999563	28
114.79999999999563	44
114.79999999999563	13
114.79999999999563	35
114.79999999999563	18
114.79999999999563	22
114.89999999999418	39
114.89999999999418	11
114.89999999999418	38
114.89999999999418	30
114.89999999999418	25
114.89999999999418	21
114.89999999999418	9
114.89999999999418	32
115.0	34
115.0	12
115.0	46
115.0	46
115.0	41
115.0	43
115.0	33
115.0	6
115.0	17
115.0	49
115.09999999999854	23
115.09999999999854	2
115.19999999999709	24
115.19999999999709	47
115.19999999999709	19
115.19999999999709	45
115.29999999999563	26
115.29999999999563	29
115.39999999999418	8
115.39999999999418	38
115.5	7
115.89999999999418	44
115.89999999999418	50
115.89999999999418	15
115.89999999999418	36
115.89999999999418	49
115.89999999999418	3
115.89999999999418	27
115.89999999999418	13
115.89999999999418	39
115.89999999999418	9
116.89999999999418	11
117.0	46
117.0	18
117.0	12
117.09999999999854	22
117.09999999999854	35
117.09999999999854	40
117.19999999999709	24
117.19999999999709	10
117.19999999999709	32
117.29999999999563	26
117.29999999999563	17
117.39999999999418	6
117.39999999999418	43
117.39999999999418	28
117.5	21
117.5	5
117.5	31
116.79999999999563	48
116.79999999999563	30
116.79999999999563	23
116.89999999999418	25
116.89999999999418	20
117.0	45
117.0	33
117.0	19
117.09999999999854	29
117.09999999999854	34
117.19999999999709	2
117.29999999999563	41
117.79999999999563	7
117.79999999999563	36
117.79999999999563	38
117.79999999999563	8
117.79999999999563	40
117.79999999999563	47
117.89999999999418	15
117.89999999999418	44
117.89999999999418	27
117.89999999999418	49
118.0	39
118.0	25
118.0	50
118.0	13
118.09999999999854	43
118.09999999999854	22
118.09999999999854	5
118.19999999999709	3
118.19999999999709	48
118.29999999999563	9
118.29999999999563	17
118.29999999999563	35
118.39999999999418	32
118.39999999999418	28
118.39999999999418	31
118.5	18
118.5	46
118.5	6
118.59999999999854	23
119.59999999999854	45
118.79999999999563	26
118.89999999999418	24
119.19999999999709	12
119.5	11
119.59999999999854	21
118.79999999999563	29
118.79999999999563	30
119.0	33
119.19999999999709	44
119.19999999999709	15
119.19999999999709	20
119.29999999999563	39
119.29999999999563	19
119.39999999999418	2
119.39999999999418	38
119.5	34
119.59999999999854	47
119.59999999999854	50
119.59999999999854	41
119.59999999999854	8
119.59999999999854	25
119.59999999999854	49
120.19999999999709	40
119.79999999999563	27
119.89999999999418	22
119.89999999999418	36
120.0	43
120.0	7
120.0	35
120.09999999999854	13
120.19999999999709	31
120.19999999999709	46
120.19999999999709	28
120.29999999999563	5
120.39999999999418	17
120.39999999999418	45
120.5	6
120.5	3
120.5	18
120.5	23
120.89999999999418	30
120.79999999999563	29
121.19999999999709	24
121.29999999999563	26
121.5	21
121.59999999999854	32
120.89999999999418	33
120.89999999999418	11
120.89999999999418	12
120.89999999999418	39
121.09999999999854	15
121.19999999999709	44
121.29999999999563	25
121.5	38
121.5	2
121.5	20
121.59999999999854	19
121.59999999999854	22
121.59999999999854	40
121.79999999999563	47
121.89999999999418	49
122.0	8
122.0	34
122.5	35
121.79999999999563	31
121.79999999999563	46
121.79999999999563	50
121.79999999999563	27
121.79999999999563	43
121.89999999999418	41
122.0	28
122.0	36
122.09999999999854	45
122.09999999999854	23
122.29999999999563	13
122.29999999999563	7
122.29999999999563	18
122.39999999999418	29
122.39999999999418	6
122.5	17
122.59999999999854	3
122.59999999999854	5
122.79999999999563	30
123.09999999999854	26
123.29999999999563	39
122.79999999999563	15
122.79999999999563	21
122.79999999999563	24
122.89999999999418	33
122.89999999999418	44
122.89999999999418	32
123.0	25
123.09999999999854	12
123.29999999999563	22
123.39999999999418	11
123.39999999999418	49
123.5	46
123.5	38
123.5	35
123.5	50
123.5	31
123.59999999999854	28
123.59999999999854	40
123.79999999999563	43
123.79999999999563	8
123.79999999999563	45
123.79999999999563	27
123.79999999999563	19
123.89999999999418	20
123.89999999999418	34
123.89999999999418	23
124.0	29
124.09999999999854	36
124.19999999999709	41
124.19999999999709	18
124.39999999999418	39
124.5	6
124.59999999999854	7
124.79999999999563	44
124.79999999999563	13
124.89999999999418	30
125.0	5
124.79999999999563	25
124.79999999999563	17
124.79999999999563	21
124.89999999999418	3
124.89999999999418	24
124.89999999999418	33
124.89999999999418	12
125.0	26
125.19999999999709	22
125.19999999999709	49
125.29999999999563	11
125.39999999999418	35
125.39999999999418	46
125.39999999999418	31
125.39999999999418	50
125.39999999999418	38
125.5	45
125.59999999999854	40
125.59999999999854	43
126.0	23
125.79999999999563	29
125.89999999999418	27
125.89999999999418	8
125.89999999999418	20
126.09999999999854	19
126.09999999999854	39
126.19999999999709	34
126.19999999999709	36
126.39999999999418	6
126.39999999999418	18
126.5	41
126.5	25
126.5	44
126.89999999999418	30
126.79999999999563	13
126.79999999999563	26
126.79999999999563	7
126.89999999999418	22
126.89999999999418	5
126.89999999999418	46
126.89999999999418	21
126.89999999999418	17
127.0	12
127.09999999999854	24
127.09999999999854	35
127.09999999999854	31
127.19999999999709	3
127.19999999999709	45
127.29999999999563	49
127.29999999999563	38
127.39999999999418	50
127.39999999999418	11
127.39999999999418	23
127.5	40
127.59999999999854	43
127.59999999999854	29
127.79999999999563	39
127.89999999999418	27
127.89999999999418	8
128.1999999999971	20
128.1999999999971	25
128.29999999999563	44
128.29999999999563	6
128.29999999999563	36
128.39999999999418	19
128.39999999999418	34
128.59999999999854	46
129.5	26
128.79999999999563	41
128.79999999999563	35
128.89999999999418	45
128.89999999999418	13
128.89999999999418	21
128.89999999999418	31
128.89999999999418	30
129.0	12
129.09999999999854	24
129.09999999999854	17
129.09999999999854	5
129.09999999999854	7
129.09999999999854	49
129.1999999999971	23
129.1999999999971	43
129.29999999999563	29
129.29999999999563	50
129.29999999999563	38
129.39999999999418	3
129.39999999999418	40
129.5	39
129.59999999999854	11
129.79999999999563	27
130.0	25
130.0	8
130.1999999999971	44
130.29999999999563	6
130.29999999999563	46
130.79999999999563	31
130.79999999999563	45
130.79999999999563	36
130.79999999999563	12
130.89999999999418	34
130.89999999999418	35
130.89999999999418	30
131.0	21
131.0	23
131.0	29
131.0	49
131.09999999999854	43
131.09999999999854	13
131.09999999999854	19
131.1999999999971	24
131.1999999999971	26
131.1999999999971	5
131.1999999999971	17
131.29999999999563	50
131.29999999999563	7
131.29999999999563	38
131.39999999999418	40
131.5	39
131.89999999999418	25
132.0	44
132.0	27
132.0	11
132.0	3
132.09999999999854	46
132.09999999999854	8
132.29999999999563	6
132.29999999999563	45
132.39999999999418	35
132.39999999999418	31
133.29999999999563	36
133.59999999999854	23
132.79999999999563	12
132.79999999999563	26
132.89999999999418	34
133.0	30
133.0	19
133.0	49
133.39999999999418	40
133.39999999999418	43
133.39999999999418	5
133.39999999999418	39
133.39999999999418	24
133.39999999999418	25
133.39999999999418	50
133.39999999999418	21
133.39999999999418	13
133.5	17
133.5	38
133.59999999999854	7
133.79999999999563	46
133.79999999999563	27
133.79999999999563	44
133.89999999999418	3
134.0	11
134.09999999999854	45
134.1999999999971	31
134.1999999999971	8
134.1999999999971	35
134.29999999999563	6
134.5	23
134.59999999999854	26
134.59999999999854	36
134.79999999999563	43
134.79999999999563	49
134.79999999999563	39
134.89999999999418	30
135.0	12
135.09999999999854	21
135.09999999999854	19
135.1999999999971	50
135.1999999999971	34
135.29999999999563	38
135.29999999999563	25
135.29999999999563	24
135.39999999999418	40
135.5	46
135.5	13
135.59999999999854	5
135.59999999999854	17
135.79999999999563	44
135.79999999999563	7
135.89999999999418	45
136.0	31
136.09999999999854	35
136.1999999999971	11
136.29999999999563	3
136.29999999999563	6
136.29999999999563	23
136.39999999999418	8
136.59999999999854	26
136.59999999999854	43
137.0	39
136.79999999999563	25
136.79999999999563	36
136.89999999999418	49
136.89999999999418	30
137.0	12
137.09999999999854	40
137.09999999999854	21
137.09999999999854	50
137.29999999999563	46
137.29999999999563	38
137.39999999999418	19
137.39999999999418	24
137.5	44
137.5	45
137.79999999999563	35
138.59999999999854	13
137.79999999999563	5
137.79999999999563	31
137.89999999999418	17
138.0	23
138.09999999999854	7
138.1999999999971	6
138.29999999999563	39
138.29999999999563	11
138.39999999999418	8
138.5	43
138.59999999999854	25
138.59999999999854	26
138.59999999999854	49
138.89999999999418	36
138.89999999999418	30
139.0	46
139.0	12
139.09999999999854	40
139.09999999999854	45
139.09999999999854	50
139.1999999999971	21
139.29999999999563	38
139.39999999999418	44
139.39999999999418	35
139.5	31
139.59999999999854	24
139.59999999999854	19
139.89999999999418	23
140.0	13
140.0	5
140.0	17
140.0	39
140.09999999999854	6
140.29999999999563	25
140.39999999999418	43
140.39999999999418	7
140.5	8
140.59999999999854	11
140.59999999999854	46
140.89999999999418	26
140.79999999999563	45
141.0	44
141.0	36
141.0	40
141.0	50
141.1999999999971	12
141.1999999999971	35
141.1999999999971	21
141.29999999999563	31
141.29999999999563	38
141.59999999999854	23
141.79999999999563	24
141.79999999999563	39
141.89999999999418	19
142.0	25
142.09999999999854	5
142.09999999999854	17
142.1999999999971	6
142.29999999999563	43
142.39999999999418	46
142.39999999999418	13
142.59999999999854	45
143.0	11
143.0	7
143.1999999999971	26
142.79999999999563	44
142.79999999999563	12
143.0	40
143.0	35
143.09999999999854	50
143.09999999999854	31
143.09999999999854	36
143.29999999999563	39
143.5	38
143.5	23
143.79999999999563	25
144.1999999999971	24
144.59999999999854	6
144.59999999999854	46
144.59999999999854	45
145.39999999999418	17
145.39999999999418	5
145.5	13
145.59999999999854	19
145.59999999999854	35
144.79999999999563	26
144.79999999999563	44
144.89999999999418	31
144.89999999999418	12
144.89999999999418	11
144.89999999999418	7
144.89999999999418	40
144.89999999999418	43
145.0	39
145.39999999999418	25
145.39999999999418	38
145.79999999999563	46
145.79999999999563	24
145.89999999999418	43
146.09999999999854	45
146.09999999999854	6
146.39999999999418	19
146.89999999999418	26
146.89999999999418	40
146.89999999999418	31
146.89999999999418	35
146.89999999999418	13
147.0	12
147.0	44
147.0	39
147.29999999999563	11
147.29999999999563	25
147.39999999999418	38
147.5	7
147.5	5
147.5	17
147.5	46
147.89999999999418	45
148.29999999999563	43
148.29999999999563	6
148.29999999999563	24
148.39999999999418	39
148.39999999999418	31
148.5	44
148.59999999999854	35
148.89999999999418	17
149.0	5
149.59999999999854	19
148.79999999999563	13
148.89999999999418	26
148.89999999999418	40
148.89999999999418	25
149.09999999999854	12
149.1999999999971	11
149.1999999999971	46
149.39999999999418	45
149.39999999999418	7
149.39999999999418	38
149.59999999999854	43
149.79999999999563	6
150.09999999999854	24
150.09999999999854	35
150.1999999999971	39
150.1999999999971	31
150.29999999999563	44
150.5	25
150.89999999999418	17
150.89999999999418	5
150.89999999999418	26
151.0	40
151.0	46
151.09999999999854	19
151.09999999999854	13
151.1999999999971	12
151.1999999999971	38
151.29999999999563	45
151.39999999999418	11
151.5	43
151.89999999999418	7
151.79999999999563	6
151.79999999999563	35
151.79999999999563	39
152.0	31
152.09999999999854	24
152.1999999999971	44
152.29999999999563	25
152.59999999999854	46
152.89999999999418	26
153.0	45
153.0	40
153.09999999999854	17
153.09999999999854	5
153.1999999999971	12
153.1999999999971	38
153.29999999999563	19
153.29999999999563	43
153.59999999999854	39
153.59999999999854	11
154.39999999999418	35
154.39999999999418	6
153.79999999999563	31
154.0	25
154.0	44
154.1999999999971	24
154.39999999999418	46
154.89999999999418	45
154.89999999999418	40
155.0	26
155.09999999999854	12
155.1999999999971	38
155.1999999999971	43
155.29999999999563	17
155.29999999999563	5
155.39999999999418	35
155.5	31
156.1999999999971	6
155.79999999999563	25
155.79999999999563	11
155.79999999999563	44
156.09999999999854	46
156.29999999999563	45
156.29999999999563	24
157.59999999999854	26
156.89999999999418	40
157.09999999999854	43
157.09999999999854	12
157.1999999999971	35
157.29999999999563	31
157.39999999999418	17
157.5	5
157.5	25
158.09999999999854	44
158.39999999999418	6
157.79999999999563	46
158.0	45
158.0	11
158.5	24
159.29999999999563	31
159.29999999999563	26
159.29999999999563	25
159.39999999999418	40
159.39999999999418	12
159.89999999999418	35
159.89999999999418	44
159.89999999999418	6
159.89999999999418	17
159.89999999999418	46
159.89999999999418	5
160.0	45
160.0	43
160.1999999999971	11
160.39999999999418	24
160.89999999999418	35
160.79999999999563	43
160.79999999999563	40
160.89999999999418	25
160.89999999999418	31
161.0	26
161.1999999999971	12
161.5	46
161.5	45
161.59999999999854	44
162.29999999999563	6
162.29999999999563	5
162.29999999999563	17
162.29999999999563	11
162.39999999999418	35
162.5	24
162.59999999999854	25
162.59999999999854	43
162.59999999999854	31
163.5	40
163.0	12
163.0	26
163.1999999999971	44
163.89999999999418	6
163.89999999999418	17
164.0	5
164.29999999999563	35
164.29999999999563	25
164.5	11
164.5	43
164.5	31
164.59999999999854	24
165.09999999999854	40
165.0	12
165.0	26
166.59999999999854	6
166.0	35
166.0	25
166.09999999999854	17
166.09999999999854	5
166.1999999999971	31
166.29999999999563	43
166.5	40
167.1999999999971	24
167.1999999999971	11
167.0	12
168.1999999999971	6
168.5	25
167.79999999999563	35
168.0	31
168.1999999999971	43
168.29999999999563	17
168.29999999999563	5
168.39999999999418	40
168.79999999999563	24
169.0	12
169.5	25
169.59999999999854	35
170.39999999999418	6
169.79999999999563	31
170.09999999999854	43
170.5	17
170.5	5
170.59999999999854	40
170.89999999999418	24
171.0	12
171.1999999999971	25
171.39999999999418	35
171.5	31
171.79999999999563	6
171.89999999999418	43
172.59999999999854	40
172.59999999999854	17
172.89999999999418	5
173.0	24
173.0	12
173.1999999999971	35
173.1999999999971	25
173.39999999999418	31
174.09999999999854	6
174.1999999999971	43
175.09999999999854	12
175.09999999999854	35
175.09999999999854	17
175.09999999999854	25
175.09999999999854	31
175.09999999999854	5
175.09999999999854	24
175.1999999999971	40
175.79999999999563	43
176.5	6
176.5	25
176.5	40
176.59999999999854	35
177.0	31
177.0	17
177.0	5
177.09999999999854	12
178.0	43
177.79999999999563	24
178.09999999999854	25
178.39999999999418	35
178.5	40
178.59999999999854	31
179.09999999999854	12
179.1999999999971	17
179.1999999999971	5
179.1999999999971	24
179.39999999999418	43
179.79999999999563	25
180.09999999999854	35
180.39999999999418	40
180.39999999999418	31
181.1999999999971	43
181.29999999999563	12
181.29999999999563	24
181.39999999999418	17
181.39999999999418	5
181.5	25
182.1999999999971	31
182.29999999999563	40
183.0	43
183.1999999999971	25
183.29999999999563	12
183.39999999999418	24
183.59999999999854	5
183.59999999999854	17
184.0	31
184.29999999999563	40
184.89999999999418	43
184.89999999999418	25
185.29999999999563	12
186.29999999999563	17
185.79999999999563	5
186.1999999999971	40
186.59999999999854	25
187.29999999999563	43
187.29999999999563	12
187.89999999999418	17
188.1999999999971	40
188.39999999999418	25
188.59999999999854	43
190.09999999999854	17
190.09999999999854	25
190.39999999999418	43
191.79999999999563	25
192.29999999999563	17
192.29999999999563	43
193.5	25
194.09999999999854	43
194.39999999999418	17
195.29999999999563	25
196.59999999999854	17
