0.0	52
0.0	52
2.099999999991269	58
2.099999999991269	58
3.0	13
3.0	13
4.599999999991269	3
4.599999999991269	3
4.899999999994179	52
5.19999999999709	51
5.19999999999709	51
6.30000000000291	11
6.399999999994179	11
7.0	31
7.0	31
7.099999999991269	64
7.099999999991269	64
7.099999999991269	5
7.099999999991269	5
7.099999999991269	27
7.099999999991269	27
7.19999999999709	25
7.19999999999709	25
7.5	58
7.80000000000291	13
7.80000000000291	35
7.80000000000291	35
8.39999999999418	54
8.39999999999418	54
9.30000000000291	20
9.30000000000291	20
9.599999999991269	42
9.599999999991269	42
9.599999999991269	3
9.80000000000291	12
9.80000000000291	12
9.80000000000291	17
9.80000000000291	17
9.89999999999418	52
10.0	59
10.0	59
10.30000000000291	1
10.30000000000291	1
10.5	51
10.599999999991269	11
11.5	34
11.5	34
11.80000000000291	2
11.80000000000291	2
11.80000000000291	14
11.80000000000291	14
11.89999999999418	32
11.89999999999418	32
11.89999999999418	31
12.0	64
12.099999999991269	5
12.19999999999709	27
12.19999999999709	21
12.19999999999709	21
12.39999999999418	25
12.5	50
12.5	50
12.599999999991269	58
13.0	35
13.0	13
13.19999999999709	54
13.30000000000291	8
13.30000000000291	8
14.30000000000291	18
14.30000000000291	18
14.30000000000291	20
14.39999999999418	48
14.39999999999418	48
14.5	23
14.5	23
14.599999999991269	42
15.0	17
15.30000000000291	3
14.89999999999418	12
15.0	52
15.0	39
15.0	60
15.0	60
15.0	39
15.099999999991269	49
15.099999999991269	49
15.099999999991269	36
15.099999999991269	36
15.099999999991269	7
15.099999999991269	7
15.099999999991269	44
15.099999999991269	44
15.19999999999709	59
15.30000000000291	40
15.30000000000291	40
15.39999999999418	55
15.39999999999418	55
15.599999999991269	1
16.0	11
15.80000000000291	51
16.39999999999418	34
17.30000000000291	2
17.39999999999418	14
16.89999999999418	31
17.0	64
17.09999999999127	32
17.09999999999127	5
17.09999999999127	21
17.19999999999709	43
17.19999999999709	43
17.30000000000291	27
17.5	25
17.59999999999127	58
17.59999999999127	50
19.39999999999418	35
19.5	48
19.5	20
19.5	8
19.5	13
19.5	18
19.59999999999127	54
19.80000000000291	23
19.80000000000291	3
19.80000000000291	17
19.80000000000291	42
20.0	56
20.0	56
20.09999999999127	59
20.19999999999709	12
20.19999999999709	52
20.19999999999709	60
20.19999999999709	44
20.30000000000291	39
20.89999999999418	36
20.89999999999418	1
20.89999999999418	40
20.89999999999418	55
20.89999999999418	11
21.0	7
21.0	49
21.0	51
21.80000000000291	2
21.80000000000291	34
21.80000000000291	14
21.89999999999418	31
21.89999999999418	10
21.89999999999418	10
22.0	64
22.0	9
22.0	9
22.0	37
22.0	37
22.09999999999127	32
22.09999999999127	5
22.19999999999709	21
22.30000000000291	43
22.30000000000291	27
22.5	25
22.5	58
22.5	50
23.09999999999127	54
23.5	35
23.5	8
23.59999999999127	24
23.59999999999127	24
23.59999999999127	13
24.0	57
24.0	57
24.39999999999418	48
24.5	20
24.80000000000291	3
24.89999999999418	18
24.89999999999418	59
25.0	53
25.0	53
25.09999999999127	17
25.19999999999709	23
25.19999999999709	60
25.19999999999709	42
25.30000000000291	39
25.30000000000291	44
25.30000000000291	56
25.39999999999418	12
25.39999999999418	52
25.5	49
25.5	55
25.59999999999127	7
25.80000000000291	1
25.80000000000291	36
25.89999999999418	40
26.0	11
26.19999999999709	34
26.19999999999709	45
26.19999999999709	45
26.19999999999709	28
26.19999999999709	28
26.19999999999709	51
26.30000000000291	14
26.39999999999418	33
26.39999999999418	33
26.5	2
27.09999999999127	31
27.5	26
27.5	26
26.89999999999418	9
26.89999999999418	10
27.0	15
27.0	15
27.0	64
27.09999999999127	37
27.09999999999127	5
27.19999999999709	32
27.30000000000291	27
27.39999999999418	43
27.39999999999418	21
27.39999999999418	50
27.39999999999418	4
27.39999999999418	4
27.39999999999418	25
27.59999999999127	58
27.59999999999127	16
27.59999999999127	16
27.80000000000291	6
27.80000000000291	6
28.0	54
28.39999999999418	13
28.39999999999418	35
28.5	24
28.59999999999127	8
29.0	57
29.5	48
29.80000000000291	20
29.80000000000291	3
29.89999999999418	59
30.0	53
30.19999999999709	39
30.30000000000291	56
30.30000000000291	44
30.39999999999418	17
30.39999999999418	60
30.5	18
30.5	23
30.59999999999127	52
30.89999999999418	49
30.89999999999418	42
30.80000000000291	7
30.80000000000291	12
30.80000000000291	55
30.89999999999418	11
31.0	1
31.19999999999709	51
31.19999999999709	14
31.19999999999709	40
31.19999999999709	28
31.19999999999709	45
31.19999999999709	63
31.19999999999709	63
31.39999999999418	34
31.39999999999418	33
31.39999999999418	2
31.39999999999418	36
31.5	31
31.59999999999127	26
32.0	47
32.09999999999127	47
32.19999999999709	10
31.80000000000291	5
31.89999999999418	15
32.0	64
32.19999999999709	25
32.19999999999709	9
32.19999999999709	37
32.30000000000291	30
32.30000000000291	30
32.30000000000291	22
32.30000000000291	22
32.39999999999418	32
32.39999999999418	43
32.5	50
32.5	4
32.5	38
32.5	38
32.5	21
32.5	16
32.5	27
32.5	58
32.80000000000291	6
32.89999999999418	54
32.89999999999418	61
32.89999999999418	61
33.09999999999127	35
33.19999999999709	13
33.19999999999709	46
33.19999999999709	46
33.5	24
33.59999999999127	8
33.80000000000291	62
33.80000000000291	62
34.0	57
34.59999999999127	48
34.80000000000291	3
35.5	56
35.5	59
35.5	53
35.5	39
35.5	44
35.59999999999127	20
35.80000000000291	19
35.80000000000291	19
36.0	60
36.5	18
36.5	23
36.59999999999127	17
35.80000000000291	11
35.89999999999418	52
35.89999999999418	49
36.0	14
36.0	7
36.0	55
36.09999999999127	42
36.09999999999127	12
36.09999999999127	1
36.19999999999709	63
36.19999999999709	28
36.30000000000291	45
36.30000000000291	51
36.30000000000291	40
36.39999999999418	31
36.39999999999418	2
36.39999999999418	33
36.59999999999127	34
36.59999999999127	10
36.59999999999127	36
36.80000000000291	26
36.80000000000291	5
37.39999999999418	47
37.39999999999418	4
37.39999999999418	30
37.39999999999418	50
37.39999999999418	64
37.39999999999418	15
37.39999999999418	16
37.39999999999418	37
38.0	25
38.0	61
38.0	27
38.0	22
38.0	43
38.0	54
38.0	32
38.0	21
38.0	35
38.0	58
38.0	46
38.09999999999127	13
38.09999999999127	9
38.19999999999709	6
38.30000000000291	38
38.5	8
38.5	24
39.59999999999127	62
39.09999999999127	57
40.5	3
39.89999999999418	59
39.89999999999418	48
40.0	39
40.30000000000291	19
40.5	20
41.19999999999709	56
41.30000000000291	53
40.80000000000291	44
40.89999999999418	11
41.0	23
41.0	18
41.09999999999127	14
41.09999999999127	55
41.19999999999709	52
41.19999999999709	60
41.19999999999709	31
41.19999999999709	49
41.30000000000291	7
41.30000000000291	28
41.39999999999418	10
41.39999999999418	12
41.39999999999418	40
41.39999999999418	45
41.39999999999418	42
41.5	17
41.5	63
41.5	1
41.5	33
41.5	2
42.0	36
42.09999999999127	51
41.80000000000291	26
41.80000000000291	34
41.89999999999418	5
42.0	15
42.0	27
42.0	47
42.0	64
42.09999999999127	50
42.09999999999127	16
42.09999999999127	25
42.19999999999709	4
42.19999999999709	32
42.19999999999709	30
42.19999999999709	41
42.19999999999709	41
42.19999999999709	22
42.19999999999709	38
42.30000000000291	54
42.39999999999418	61
42.5	6
42.5	58
42.59999999999127	35
43.0	9
43.5	21
43.30000000000291	43
43.39999999999418	37
42.80000000000291	46
42.89999999999418	13
43.30000000000291	8
43.39999999999418	24
43.59999999999127	62
44.09999999999127	57
44.80000000000291	3
44.89999999999418	39
45.0	59
45.19999999999709	48
45.59999999999127	19
46.39999999999418	20
46.0	53
46.09999999999127	55
46.09999999999127	11
46.09999999999127	44
46.19999999999709	56
46.30000000000291	31
46.30000000000291	18
46.30000000000291	23
46.39999999999418	52
46.39999999999418	10
46.39999999999418	14
46.5	40
46.5	28
46.5	45
46.59999999999127	17
46.59999999999127	49
46.59999999999127	60
46.59999999999127	7
47.0	51
47.19999999999709	2
47.19999999999709	5
47.59999999999127	12
46.80000000000291	63
46.80000000000291	42
46.80000000000291	36
46.89999999999418	1
46.89999999999418	34
46.89999999999418	26
46.89999999999418	33
46.89999999999418	15
46.89999999999418	64
46.89999999999418	27
46.89999999999418	47
47.09999999999127	50
47.09999999999127	61
47.09999999999127	25
47.09999999999127	54
47.09999999999127	4
47.19999999999709	32
47.19999999999709	38
47.30000000000291	41
47.30000000000291	16
47.30000000000291	6
47.30000000000291	29
47.30000000000291	29
47.30000000000291	35
47.30000000000291	30
47.39999999999418	9
47.5	46
47.5	21
47.5	22
47.5	58
47.80000000000291	43
47.80000000000291	13
47.89999999999418	37
47.89999999999418	8
48.19999999999709	24
48.39999999999418	62
49.09999999999127	57
50.09999999999127	39
50.0	3
50.0	59
50.80000000000291	48
51.0	19
51.0	20
51.30000000000291	53
51.30000000000291	55
51.39999999999418	11
51.39999999999418	56
51.5	31
51.5	40
51.5	10
51.59999999999127	18
51.59999999999127	52
51.59999999999127	5
51.59999999999127	44
51.89999999999418	33
52.19999999999709	23
52.30000000000291	14
52.59999999999127	7
52.59999999999127	45
51.80000000000291	28
51.80000000000291	54
51.80000000000291	2
51.80000000000291	47
51.89999999999418	12
51.89999999999418	34
51.89999999999418	38
51.89999999999418	60
51.89999999999418	49
51.89999999999418	17
51.89999999999418	61
51.89999999999418	36
51.89999999999418	51
51.89999999999418	1
51.89999999999418	15
52.0	26
52.0	64
52.0	27
52.0	50
52.0	35
52.0	63
52.09999999999127	42
52.09999999999127	41
52.09999999999127	30
52.09999999999127	25
52.09999999999127	16
52.19999999999709	32
52.19999999999709	22
52.19999999999709	29
52.19999999999709	6
52.19999999999709	4
52.30000000000291	46
52.30000000000291	21
52.80000000000291	8
52.80000000000291	13
52.80000000000291	9
53.39999999999418	62
53.5	43
53.5	24
53.5	58
53.59999999999127	37
54.30000000000291	57
54.5	39
55.09999999999127	59
55.19999999999709	3
56.09999999999127	48
56.5	19
56.5	20
56.5	55
57.0	53
57.0	54
57.30000000000291	11
57.39999999999418	10
57.5	31
56.80000000000291	40
56.80000000000291	5
56.80000000000291	61
56.80000000000291	64
56.89999999999418	41
56.89999999999418	52
56.89999999999418	47
56.89999999999418	56
56.89999999999418	7
56.89999999999418	35
56.89999999999418	12
56.89999999999418	29
57.0	34
57.0	33
57.0	18
57.0	15
57.0	2
57.0	38
57.09999999999127	44
57.09999999999127	51
57.09999999999127	14
57.09999999999127	21
57.09999999999127	1
57.09999999999127	36
57.09999999999127	28
57.09999999999127	49
57.09999999999127	6
57.19999999999709	17
57.19999999999709	32
57.19999999999709	25
57.19999999999709	16
57.19999999999709	8
57.19999999999709	45
57.19999999999709	50
57.19999999999709	30
57.30000000000291	42
57.30000000000291	22
57.30000000000291	27
57.30000000000291	60
57.30000000000291	46
57.30000000000291	9
57.30000000000291	63
57.30000000000291	58
57.39999999999418	4
57.5	23
57.5	26
57.59999999999127	13
57.59999999999127	24
57.89999999999418	43
57.89999999999418	37
58.0	62
58.80000000000291	57
59.19999999999709	39
60.30000000000291	59
60.59999999999127	3
61.5	48
62.30000000000291	41
62.5	19
61.80000000000291	29
61.89999999999418	8
61.89999999999418	54
61.89999999999418	12
61.89999999999418	20
61.89999999999418	5
62.0	64
62.0	21
62.0	10
62.0	50
62.0	61
62.0	15
62.09999999999127	26
62.09999999999127	34
62.09999999999127	16
62.09999999999127	56
62.09999999999127	38
62.09999999999127	7
62.09999999999127	55
62.09999999999127	40
62.09999999999127	35
62.09999999999127	27
62.09999999999127	11
62.09999999999127	49
62.19999999999709	52
62.19999999999709	17
62.19999999999709	1
62.19999999999709	53
62.19999999999709	36
62.19999999999709	32
62.19999999999709	4
62.30000000000291	25
62.30000000000291	42
62.30000000000291	2
62.30000000000291	28
62.30000000000291	31
62.30000000000291	18
62.30000000000291	6
62.30000000000291	63
62.30000000000291	9
62.30000000000291	47
62.30000000000291	58
62.30000000000291	14
62.30000000000291	30
62.30000000000291	22
62.30000000000291	24
62.30000000000291	46
62.39999999999418	51
62.39999999999418	33
62.39999999999418	45
62.5	23
62.5	44
62.5	13
62.59999999999127	60
62.59999999999127	62
63.19999999999709	37
62.80000000000291	43
63.5	57
64.0	39
65.5	59
66.09999999999127	3
67.09999999999127	41
67.39999999999418	29
66.80000000000291	8
66.80000000000291	48
68.5	51
68.5	36
68.5	7
68.59999999999127	58
68.59999999999127	10
68.59999999999127	6
68.59999999999127	2
68.59999999999127	27
68.59999999999127	15
68.59999999999127	43
68.59999999999127	33
68.59999999999127	17
68.59999999999127	26
67.80000000000291	30
67.80000000000291	38
67.80000000000291	16
67.80000000000291	61
67.80000000000291	1
67.80000000000291	49
67.80000000000291	42
67.80000000000291	52
67.80000000000291	23
67.80000000000291	54
67.80000000000291	46
67.80000000000291	32
67.80000000000291	12
67.80000000000291	50
67.80000000000291	44
67.80000000000291	4
67.80000000000291	31
67.80000000000291	24
67.80000000000291	53
67.80000000000291	62
67.80000000000291	25
67.80000000000291	55
67.80000000000291	14
67.80000000000291	28
67.80000000000291	19
67.80000000000291	64
67.80000000000291	22
67.80000000000291	47
67.80000000000291	63
67.89999999999418	11
67.89999999999418	9
67.89999999999418	60
67.89999999999418	45
67.89999999999418	35
67.89999999999418	5
67.89999999999418	56
67.89999999999418	21
68.0	34
68.0	40
68.0	20
68.19999999999709	57
68.19999999999709	37
69.39999999999418	18
69.39999999999418	39
68.80000000000291	13
71.0	59
72.0	3
71.80000000000291	41
71.89999999999418	29
72.0	8
72.0	12
72.19999999999709	42
72.19999999999709	24
72.19999999999709	62
72.19999999999709	37
72.19999999999709	48
72.19999999999709	21
72.19999999999709	17
72.19999999999709	15
72.19999999999709	51
72.30000000000291	47
72.30000000000291	38
72.30000000000291	13
72.30000000000291	58
72.30000000000291	27
72.39999999999418	9
72.39999999999418	30
72.39999999999418	52
72.39999999999418	31
72.39999999999418	43
72.39999999999418	19
72.39999999999418	4
72.5	54
72.5	33
72.5	61
72.5	16
72.5	35
72.5	6
72.5	18
72.5	28
72.5	36
72.5	22
72.5	10
72.5	46
72.5	63
72.5	56
72.5	25
72.5	34
72.59999999999127	23
72.59999999999127	2
72.59999999999127	49
72.59999999999127	14
72.59999999999127	50
72.59999999999127	1
72.89999999999418	40
73.19999999999709	26
73.59999999999127	45
73.59999999999127	5
73.59999999999127	20
72.80000000000291	11
72.80000000000291	32
72.80000000000291	53
72.80000000000291	55
72.80000000000291	44
72.89999999999418	57
73.0	64
73.0	60
73.0	7
73.19999999999709	39
76.39999999999418	59
77.09999999999127	41
77.09999999999127	37
77.19999999999709	29
77.19999999999709	62
77.19999999999709	3
77.19999999999709	12
77.30000000000291	43
77.30000000000291	56
77.39999999999418	30
77.39999999999418	54
77.39999999999418	52
77.5	17
77.5	58
77.5	24
77.5	57
77.5	25
77.5	46
77.5	21
77.5	36
77.5	33
77.5	14
77.5	13
77.5	27
77.5	42
77.59999999999127	49
77.59999999999127	20
77.59999999999127	4
77.59999999999127	34
77.59999999999127	15
77.59999999999127	51
77.59999999999127	1
77.59999999999127	31
77.59999999999127	48
77.59999999999127	16
77.59999999999127	22
77.59999999999127	10
77.59999999999127	38
77.59999999999127	50
78.19999999999709	40
78.39999999999418	63
77.89999999999418	18
77.89999999999418	44
78.0	19
78.30000000000291	61
78.5	26
78.5	28
77.80000000000291	5
77.80000000000291	2
77.80000000000291	8
77.80000000000291	11
77.80000000000291	9
77.80000000000291	23
77.80000000000291	6
77.80000000000291	47
77.89999999999418	32
77.89999999999418	35
77.89999999999418	39
77.89999999999418	55
77.89999999999418	60
78.0	53
78.0	64
78.0	45
78.09999999999127	7
82.0	59
82.19999999999709	37
82.19999999999709	43
82.39999999999418	62
82.39999999999418	20
82.39999999999418	57
82.39999999999418	41
82.5	52
82.5	25
82.5	56
82.5	36
82.5	30
82.5	61
82.5	40
82.59999999999127	42
82.59999999999127	46
82.59999999999127	12
82.59999999999127	29
82.59999999999127	17
82.59999999999127	45
82.59999999999127	54
82.59999999999127	18
82.59999999999127	34
82.59999999999127	48
82.59999999999127	22
82.59999999999127	14
82.59999999999127	31
82.89999999999418	44
82.89999999999418	16
83.0	13
83.0	1
83.09999999999127	49
83.09999999999127	8
83.09999999999127	38
83.09999999999127	23
83.09999999999127	39
83.19999999999709	32
83.19999999999709	50
83.19999999999709	3
83.19999999999709	47
83.30000000000291	33
83.30000000000291	63
83.30000000000291	51
83.5	4
83.5	27
82.80000000000291	11
82.80000000000291	9
82.80000000000291	15
82.80000000000291	7
82.80000000000291	58
82.80000000000291	28
82.80000000000291	5
82.80000000000291	19
82.80000000000291	26
82.80000000000291	53
82.80000000000291	2
82.80000000000291	35
82.80000000000291	60
82.80000000000291	24
82.80000000000291	6
82.80000000000291	21
82.80000000000291	64
82.89999999999418	10
82.89999999999418	55
87.39999999999418	39
87.39999999999418	43
87.39999999999418	37
87.5	20
87.59999999999127	62
87.59999999999127	36
87.59999999999127	61
87.59999999999127	59
87.59999999999127	57
87.80000000000291	52
87.80000000000291	40
88.19999999999709	34
88.59999999999127	60
88.59999999999127	25
87.80000000000291	44
87.80000000000291	53
88.19999999999709	48
88.30000000000291	46
88.30000000000291	35
87.80000000000291	32
87.80000000000291	5
87.80000000000291	23
87.80000000000291	18
87.80000000000291	28
87.80000000000291	31
87.80000000000291	30
87.80000000000291	16
87.80000000000291	14
87.80000000000291	15
87.89999999999418	50
87.89999999999418	47
87.89999999999418	4
87.89999999999418	2
87.89999999999418	1
87.89999999999418	9
87.89999999999418	41
87.89999999999418	12
87.89999999999418	6
88.0	58
88.0	13
88.0	24
88.0	26
88.0	55
88.0	7
88.0	19
88.0	3
88.0	42
88.09999999999127	10
88.09999999999127	45
88.09999999999127	29
88.09999999999127	56
88.09999999999127	21
88.09999999999127	8
88.09999999999127	38
88.09999999999127	64
88.09999999999127	54
88.09999999999127	33
88.09999999999127	63
88.09999999999127	49
88.09999999999127	22
88.19999999999709	51
88.30000000000291	17
88.30000000000291	11
88.30000000000291	27
92.39999999999418	39
92.80000000000291	37
92.89999999999418	60
93.30000000000291	43
93.39999999999418	53
93.39999999999418	20
93.39999999999418	25
93.59999999999127	40
93.59999999999127	61
93.59999999999127	1
92.89999999999418	26
92.89999999999418	64
92.89999999999418	57
92.89999999999418	62
92.89999999999418	48
92.89999999999418	35
92.89999999999418	7
92.89999999999418	32
92.89999999999418	31
92.89999999999418	11
92.89999999999418	23
92.89999999999418	36
92.89999999999418	18
92.89999999999418	9
93.0	28
93.0	46
93.0	15
93.0	2
93.0	5
93.0	51
93.0	47
93.0	4
93.0	63
93.0	44
93.0	13
93.0	27
93.0	19
93.09999999999127	38
93.09999999999127	30
93.09999999999127	16
93.09999999999127	22
93.09999999999127	14
93.09999999999127	8
93.09999999999127	33
93.09999999999127	59
93.09999999999127	50
93.09999999999127	42
93.09999999999127	52
93.09999999999127	3
93.09999999999127	55
93.09999999999127	29
93.09999999999127	58
93.19999999999709	17
93.19999999999709	54
93.19999999999709	21
93.19999999999709	56
93.19999999999709	45
93.19999999999709	12
93.19999999999709	41
93.30000000000291	10
93.30000000000291	6
93.30000000000291	49
93.30000000000291	34
93.30000000000291	24
98.5	60
98.5	39
97.80000000000291	53
97.80000000000291	20
97.89999999999418	26
97.89999999999418	64
97.89999999999418	55
97.89999999999418	6
98.30000000000291	33
98.30000000000291	5
98.30000000000291	4
98.30000000000291	24
98.30000000000291	35
98.30000000000291	21
98.30000000000291	11
98.30000000000291	62
98.30000000000291	47
98.30000000000291	22
98.30000000000291	14
98.30000000000291	2
98.30000000000291	52
98.30000000000291	43
98.30000000000291	29
98.30000000000291	18
98.30000000000291	10
98.30000000000291	32
98.30000000000291	19
98.30000000000291	51
98.30000000000291	50
98.30000000000291	25
98.30000000000291	1
98.30000000000291	9
98.30000000000291	54
98.30000000000291	49
98.30000000000291	37
98.39999999999418	31
98.39999999999418	16
98.39999999999418	23
98.39999999999418	28
98.39999999999418	58
98.39999999999418	30
98.39999999999418	36
98.39999999999418	13
98.39999999999418	44
98.39999999999418	42
98.39999999999418	15
98.39999999999418	41
98.39999999999418	56
98.39999999999418	38
98.5	61
98.5	7
98.5	40
98.5	17
98.5	59
98.59999999999127	45
98.59999999999127	27
98.59999999999127	48
98.59999999999127	63
98.59999999999127	57
98.59999999999127	46
98.59999999999127	34
98.59999999999127	12
99.0	3
98.80000000000291	8
103.0	55
103.0	60
103.0	6
103.0	4
103.0	3
103.0	21
103.0	64
103.0	53
103.09999999999127	39
103.09999999999127	51
103.09999999999127	7
103.09999999999127	20
103.09999999999127	5
103.09999999999127	19
103.09999999999127	32
103.19999999999709	26
103.19999999999709	17
103.19999999999709	45
103.19999999999709	1
103.19999999999709	49
103.19999999999709	10
103.19999999999709	2
103.19999999999709	14
103.30000000000291	34
103.30000000000291	13
103.30000000000291	15
103.30000000000291	61
103.30000000000291	54
103.30000000000291	62
103.30000000000291	29
103.39999999999418	12
103.39999999999418	63
103.39999999999418	28
103.39999999999418	18
103.39999999999418	56
103.39999999999418	41
103.39999999999418	38
103.39999999999418	44
103.39999999999418	52
103.39999999999418	46
103.39999999999418	35
103.39999999999418	24
103.5	23
103.5	30
103.5	36
103.5	31
103.5	58
103.5	40
103.59999999999127	43
103.59999999999127	37
103.59999999999127	59
103.59999999999127	8
103.59999999999127	47
103.59999999999127	57
103.59999999999127	42
103.80000000000291	50
103.80000000000291	25
103.80000000000291	27
103.89999999999418	33
104.5	16
104.5	11
103.80000000000291	9
103.80000000000291	48
103.80000000000291	22
108.09999999999127	21
108.19999999999709	59
108.19999999999709	2
108.19999999999709	3
108.30000000000291	19
108.30000000000291	13
108.30000000000291	55
108.30000000000291	24
108.30000000000291	32
108.30000000000291	5
108.30000000000291	58
108.39999999999418	54
108.39999999999418	8
108.39999999999418	27
108.39999999999418	64
108.39999999999418	6
108.39999999999418	18
108.39999999999418	42
108.39999999999418	38
108.39999999999418	56
108.39999999999418	52
108.5	31
108.5	4
108.5	53
108.5	29
108.5	63
108.5	9
108.5	47
108.5	51
108.5	48
108.5	1
108.5	12
108.5	60
108.5	22
108.5	16
108.5	44
108.5	41
108.5	62
108.5	30
108.5	7
108.5	10
108.5	15
108.59999999999127	25
108.59999999999127	28
108.59999999999127	46
108.59999999999127	37
108.59999999999127	36
108.59999999999127	11
108.59999999999127	50
108.59999999999127	61
108.59999999999127	14
108.59999999999127	20
108.59999999999127	34
108.59999999999127	35
109.19999999999709	49
109.19999999999709	43
109.19999999999709	23
109.19999999999709	39
110.0	57
110.09999999999127	26
110.09999999999127	33
110.09999999999127	40
110.09999999999127	17
110.09999999999127	45
113.39999999999418	52
113.39999999999418	29
113.39999999999418	19
113.39999999999418	21
113.5	56
113.5	41
113.5	54
113.5	24
113.5	3
113.5	15
113.5	38
113.59999999999127	63
113.59999999999127	25
113.59999999999127	51
113.59999999999127	30
113.59999999999127	31
113.59999999999127	22
113.59999999999127	49
113.59999999999127	11
113.80000000000291	1
114.0	6
114.0	47
114.39999999999418	16
113.80000000000291	35
113.80000000000291	42
113.80000000000291	55
113.89999999999418	34
114.0	57
114.0	39
114.0	64
114.09999999999127	26
114.09999999999127	4
114.19999999999709	20
114.19999999999709	61
114.19999999999709	28
114.19999999999709	45
114.19999999999709	32
114.19999999999709	5
114.19999999999709	10
114.30000000000291	36
114.30000000000291	53
114.39999999999418	46
114.39999999999418	37
114.39999999999418	27
114.39999999999418	8
114.39999999999418	43
114.39999999999418	58
114.5	7
113.89999999999418	23
113.89999999999418	59
113.89999999999418	48
113.89999999999418	40
113.89999999999418	14
113.89999999999418	33
113.89999999999418	18
113.89999999999418	44
113.89999999999418	2
113.89999999999418	12
114.09999999999127	60
114.09999999999127	13
114.09999999999127	50
114.30000000000291	9
114.30000000000291	62
114.39999999999418	17
118.5	41
118.5	29
118.59999999999127	43
118.59999999999127	19
118.59999999999127	37
118.59999999999127	25
118.59999999999127	52
118.59999999999127	18
118.59999999999127	44
118.59999999999127	4
118.59999999999127	54
118.59999999999127	21
119.5	24
119.0	34
119.0	31
119.09999999999127	8
119.30000000000291	9
118.80000000000291	49
118.80000000000291	3
118.80000000000291	20
118.80000000000291	51
118.80000000000291	1
118.80000000000291	6
118.80000000000291	61
118.89999999999418	42
118.89999999999418	7
118.89999999999418	50
118.89999999999418	47
118.89999999999418	64
118.89999999999418	38
118.89999999999418	22
118.89999999999418	56
118.89999999999418	15
118.89999999999418	16
118.89999999999418	39
118.89999999999418	5
118.89999999999418	60
118.89999999999418	53
118.89999999999418	33
118.89999999999418	13
118.89999999999418	40
119.0	2
119.0	27
119.0	58
119.0	14
119.0	26
119.0	10
119.0	36
119.0	35
119.0	59
119.0	30
119.0	62
119.0	45
119.0	48
119.0	11
119.09999999999127	23
119.09999999999127	32
119.09999999999127	63
119.09999999999127	46
119.09999999999127	12
119.09999999999127	57
119.19999999999709	28
119.19999999999709	17
119.19999999999709	55
124.0	29
124.0	41
124.09999999999127	25
124.59999999999127	43
123.80000000000291	52
123.80000000000291	19
123.89999999999418	7
123.89999999999418	31
123.89999999999418	20
123.89999999999418	57
123.89999999999418	54
123.89999999999418	37
123.89999999999418	49
123.89999999999418	14
123.89999999999418	48
123.89999999999418	34
124.0	12
124.0	1
124.0	21
124.0	44
124.0	13
124.0	8
124.0	36
124.0	58
124.0	17
124.0	50
124.0	59
124.0	3
124.0	27
124.0	60
124.0	35
124.09999999999127	24
124.09999999999127	26
124.09999999999127	64
124.09999999999127	46
124.09999999999127	51
124.09999999999127	18
124.09999999999127	9
124.09999999999127	2
124.09999999999127	15
124.09999999999127	4
124.09999999999127	42
124.09999999999127	53
124.09999999999127	38
124.09999999999127	16
124.09999999999127	56
124.09999999999127	22
124.09999999999127	30
124.09999999999127	40
124.19999999999709	62
124.19999999999709	6
124.19999999999709	33
124.19999999999709	10
124.19999999999709	23
124.19999999999709	39
124.19999999999709	32
124.19999999999709	61
124.19999999999709	28
124.19999999999709	5
124.19999999999709	63
124.19999999999709	45
124.19999999999709	47
124.30000000000291	55
124.39999999999418	11
128.89999999999418	20
128.89999999999418	7
128.89999999999418	41
128.89999999999418	29
129.0	64
129.0	25
129.0	14
129.09999999999127	17
129.09999999999127	31
129.09999999999127	43
129.09999999999127	10
129.09999999999127	49
129.09999999999127	53
129.09999999999127	55
129.09999999999127	60
129.09999999999127	48
129.09999999999127	44
129.09999999999127	42
129.1999999999971	1
129.1999999999971	54
129.1999999999971	34
129.1999999999971	52
129.1999999999971	12
129.1999999999971	3
129.1999999999971	35
129.1999999999971	22
129.1999999999971	63
129.1999999999971	50
129.1999999999971	58
129.1999999999971	59
129.1999999999971	27
129.1999999999971	36
129.3000000000029	8
129.3000000000029	13
129.3000000000029	37
129.3000000000029	9
129.3000000000029	23
129.3000000000029	32
129.3000000000029	11
129.3000000000029	61
129.3000000000029	26
129.3000000000029	38
129.3000000000029	21
129.3000000000029	51
129.3000000000029	47
129.3000000000029	18
129.3000000000029	45
129.3000000000029	24
129.3000000000029	46
129.3000000000029	62
129.3000000000029	57
129.3000000000029	56
129.3000000000029	40
129.3000000000029	6
129.3000000000029	28
129.3000000000029	19
129.3000000000029	15
129.3000000000029	5
129.3000000000029	4
129.3000000000029	39
129.3000000000029	30
129.3000000000029	16
129.3000000000029	2
129.39999999999418	33
134.09999999999127	20
134.1999999999971	17
134.1999999999971	64
134.1999999999971	60
134.1999999999971	7
134.1999999999971	14
134.3000000000029	55
134.3000000000029	49
134.3000000000029	62
134.3000000000029	1
134.39999999999418	31
134.39999999999418	29
134.39999999999418	61
134.39999999999418	34
134.39999999999418	42
134.39999999999418	36
134.39999999999418	12
134.39999999999418	35
134.39999999999418	51
134.39999999999418	22
134.5	37
134.5	9
134.5	59
134.5	23
134.5	3
134.5	11
134.5	44
134.5	2
134.5	58
134.5	43
134.5	41
134.5	53
134.5	33
134.5	24
134.5	54
134.5	52
134.59999999999127	8
134.59999999999127	25
134.59999999999127	6
134.59999999999127	26
134.59999999999127	30
134.59999999999127	38
134.59999999999127	16
134.59999999999127	50
134.59999999999127	39
134.59999999999127	48
134.59999999999127	32
134.59999999999127	4
134.59999999999127	46
134.59999999999127	27
134.59999999999127	21
134.59999999999127	10
134.59999999999127	19
134.89999999999418	47
135.1999999999971	63
135.3000000000029	45
135.39999999999418	15
134.8000000000029	18
134.8000000000029	28
134.8000000000029	13
134.8000000000029	5
135.0	57
135.0	56
135.09999999999127	40
139.39999999999418	60
139.5	64
139.5	55
139.5	17
139.5	14
139.5	62
139.5	33
139.5	36
139.59999999999127	13
139.59999999999127	31
139.59999999999127	34
139.59999999999127	52
139.59999999999127	47
139.8000000000029	22
139.8000000000029	49
139.8000000000029	3
139.8000000000029	38
139.8000000000029	30
139.89999999999418	9
139.89999999999418	44
140.0	32
140.09999999999127	12
140.09999999999127	54
140.09999999999127	29
140.1999999999971	59
140.1999999999971	58
140.1999999999971	42
140.1999999999971	35
140.1999999999971	25
140.1999999999971	6
139.8000000000029	1
139.8000000000029	4
139.8000000000029	2
139.8000000000029	43
139.8000000000029	15
139.8000000000029	19
139.8000000000029	5
140.0	50
140.0	39
140.0	45
140.0	57
140.09999999999127	23
140.09999999999127	26
140.09999999999127	56
140.09999999999127	40
140.3000000000029	37
144.8000000000029	37
144.8000000000029	62
144.8000000000029	2
144.8000000000029	31
144.8000000000029	1
144.8000000000029	35
144.8000000000029	30
144.8000000000029	34
144.89999999999418	14
144.89999999999418	5
144.89999999999418	26
144.89999999999418	23
144.89999999999418	55
144.89999999999418	54
144.89999999999418	22
144.89999999999418	44
144.89999999999418	33
144.89999999999418	57
145.0	6
145.0	4
145.0	56
145.0	38
145.0	32
145.0	29
145.0	42
145.0	45
145.0	40
145.0	25
145.09999999999127	50
145.09999999999127	60
149.89999999999418	56
150.0	37
150.0	45
150.0	28
150.0	38
150.09999999999127	30
150.09999999999127	57
150.09999999999127	55
150.09999999999127	63
150.09999999999127	25
150.09999999999127	40
150.09999999999127	26
150.09999999999127	14
150.1999999999971	60
150.1999999999971	5
150.3000000000029	44
150.3000000000029	32
150.3000000000029	23
150.3000000000029	4
150.39999999999418	35
156.09999999999127	32
156.09999999999127	37
156.09999999999127	45
156.09999999999127	30
156.1999999999971	35
156.1999999999971	14
156.8000000000029	44
156.8000000000029	57
156.8000000000029	26
156.89999999999418	63
156.89999999999418	4
161.39999999999418	36
161.39999999999418	32
160.8000000000029	44
160.8000000000029	4
160.8000000000029	14
160.8000000000029	26
160.8000000000029	35
160.8000000000029	63
160.8000000000029	30
161.0	45
165.5	44
165.59999999999127	12
165.59999999999127	32
165.59999999999127	26
165.59999999999127	14
166.09999999999127	36
166.1999999999971	17
165.89999999999418	63
171.1999999999971	40
171.1999999999971	41
171.1999999999971	14
170.89999999999418	12
171.0	17
175.89999999999418	41
175.89999999999418	14
176.0	17
176.09999999999127	12
176.1999999999971	40
179.39999999999418	20
179.39999999999418	51
179.59999999999127	21
179.59999999999127	16
179.59999999999127	41
179.59999999999127	28
179.59999999999127	48
179.59999999999127	63
179.59999999999127	8
181.1999999999971	17
181.1999999999971	40
181.1999999999971	53
181.1999999999971	12
181.3000000000029	14
181.39999999999418	41
184.8000000000029	20
184.8000000000029	47
184.89999999999418	17
185.1999999999971	58
184.8000000000029	48
184.8000000000029	64
184.8000000000029	21
184.8000000000029	12
184.8000000000029	16
184.8000000000029	36
184.8000000000029	39
184.8000000000029	43
184.89999999999418	8
184.89999999999418	63
184.89999999999418	19
185.0	41
186.0	17
186.09999999999127	14
186.1999999999971	53
186.1999999999971	41
186.1999999999971	26
186.3000000000029	40
186.39999999999418	59
186.39999999999418	12
189.8000000000029	46
189.89999999999418	6
189.89999999999418	36
189.89999999999418	61
189.89999999999418	58
190.0	17
190.0	20
190.0	8
190.0	12
190.0	39
190.0	31
190.0	24
190.0	33
190.09999999999127	62
190.09999999999127	41
191.0	17
191.1999999999971	41
191.3000000000029	26
191.39999999999418	53
191.39999999999418	12
191.39999999999418	59
191.59999999999127	30
195.0	46
195.09999999999127	39
195.1999999999971	5
195.1999999999971	56
195.1999999999971	40
195.1999999999971	8
195.3000000000029	33
195.3000000000029	12
195.3000000000029	62
195.3000000000029	24
195.3000000000029	17
195.3000000000029	38
195.3000000000029	55
195.3000000000029	41
195.39999999999418	31
195.39999999999418	36
195.39999999999418	61
195.8000000000029	17
196.0	46
196.0	53
196.3000000000029	41
196.3000000000029	12
196.3000000000029	26
196.5	59
196.5	5
196.89999999999418	30
200.3000000000029	56
200.3000000000029	46
200.39999999999418	40
200.39999999999418	33
200.39999999999418	41
200.39999999999418	12
200.39999999999418	5
200.39999999999418	39
200.5	31
200.5	55
200.5	61
200.5	62
200.5	17
200.5	37
200.59999999999127	38
200.8000000000029	46
200.89999999999418	17
201.0	35
201.09999999999127	41
201.1999999999971	12
201.3000000000029	5
201.3000000000029	59
202.0	56
202.0	30
205.5	29
205.5	40
205.5	39
205.5	41
205.5	56
205.5	46
205.59999999999127	43
205.59999999999127	4
205.59999999999127	62
206.3000000000029	53
205.8000000000029	31
206.0	45
206.5	61
206.5	16
205.8000000000029	46
205.89999999999418	41
205.89999999999418	28
206.0	17
206.09999999999127	5
206.1999999999971	59
206.1999999999971	63
206.1999999999971	12
206.3000000000029	56
206.3000000000029	62
207.1999999999971	30
210.59999999999127	29
210.59999999999127	16
210.59999999999127	44
210.8000000000029	30
210.8000000000029	63
210.8000000000029	5
210.8000000000029	43
210.8000000000029	38
210.8000000000029	59
210.8000000000029	39
210.8000000000029	46
210.8000000000029	12
210.8000000000029	4
210.89999999999418	41
210.89999999999418	37
210.89999999999418	31
210.89999999999418	21
210.89999999999418	26
210.89999999999418	53
210.89999999999418	56
210.89999999999418	32
210.89999999999418	55
210.89999999999418	34
210.89999999999418	61
210.89999999999418	63
210.89999999999418	48
210.89999999999418	36
210.89999999999418	59
210.89999999999418	40
211.0	19
211.0	28
211.0	53
211.09999999999127	56
211.09999999999127	17
211.1999999999971	62
211.3000000000029	45
211.3000000000029	30
211.39999999999418	35
211.59999999999127	44
216.09999999999127	5
216.5	19
215.8000000000029	44
215.89999999999418	29
215.89999999999418	31
215.89999999999418	59
215.89999999999418	59
215.89999999999418	38
216.0	21
216.0	53
216.0	39
216.0	37
216.0	26
216.0	32
216.0	56
216.0	56
216.0	62
216.09999999999127	61
216.09999999999127	45
216.09999999999127	46
216.09999999999127	48
216.1999999999971	40
216.3000000000029	55
216.3000000000029	4
216.3000000000029	28
219.5	61
219.5	46
219.5	11
219.59999999999127	24
221.3000000000029	63
221.3000000000029	19
221.39999999999418	40
221.39999999999418	35
221.39999999999418	46
221.39999999999418	28
221.39999999999418	26
221.39999999999418	48
221.39999999999418	39
221.39999999999418	29
221.39999999999418	4
221.39999999999418	56
221.39999999999418	32
221.39999999999418	59
221.39999999999418	59
221.39999999999418	5
221.39999999999418	31
221.59999999999127	62
221.59999999999127	38
224.89999999999418	46
224.89999999999418	61
225.0	52
224.8000000000029	59
224.8000000000029	24
224.8000000000029	49
225.89999999999418	49
226.0	31
226.09999999999127	50
226.1999999999971	38
226.1999999999971	56
226.39999999999418	61
226.39999999999418	39
226.39999999999418	32
226.39999999999418	63
226.39999999999418	46
226.39999999999418	28
226.5	47
229.89999999999418	52
230.0	43
230.0	49
230.1999999999971	29
230.1999999999971	16
230.1999999999971	59
231.0	40
231.09999999999127	31
231.09999999999127	32
231.1999999999971	14
231.1999999999971	38
231.1999999999971	38
231.1999999999971	48
231.3000000000029	46
231.3000000000029	28
231.3000000000029	61
231.39999999999418	62
231.5	39
235.09999999999127	6
235.1999999999971	43
235.1999999999971	49
235.1999999999971	59
235.3000000000029	29
235.5	16
236.0	40
236.09999999999127	28
236.09999999999127	48
236.09999999999127	56
236.09999999999127	38
237.3000000000029	62
236.8000000000029	39
236.89999999999418	38
237.0	31
237.0	14
237.09999999999127	56
237.09999999999127	32
237.09999999999127	61
240.3000000000029	49
240.3000000000029	59
240.39999999999418	6
240.39999999999418	29
240.8000000000029	16
240.89999999999418	64
241.09999999999127	28
241.09999999999127	40
241.1999999999971	32
241.1999999999971	31
241.1999999999971	39
241.1999999999971	48
241.3000000000029	38
241.3000000000029	38
241.39999999999418	14
241.39999999999418	26
241.5	61
241.5	62
245.5	49
245.5	28
245.8000000000029	35
246.3000000000029	11
246.09999999999127	39
246.09999999999127	38
246.09999999999127	38
246.1999999999971	35
246.1999999999971	48
246.1999999999971	32
246.3000000000029	26
246.3000000000029	38
246.39999999999418	31
246.39999999999418	14
246.59999999999127	61
246.59999999999127	6
251.59999999999127	35
250.8000000000029	11
250.8000000000029	28
250.8000000000029	62
250.8000000000029	50
250.89999999999418	24
250.89999999999418	46
250.89999999999418	27
250.89999999999418	49
251.0	38
251.0	32
251.0	26
251.0	39
251.09999999999127	14
251.09999999999127	43
251.3000000000029	50
251.39999999999418	48
251.39999999999418	14
251.39999999999418	32
251.39999999999418	62
251.5	5
251.5	6
255.89999999999418	41
255.89999999999418	50
255.89999999999418	35
255.89999999999418	38
256.0	49
256.0	62
256.0	24
256.0	26
256.0	63
256.0	63
256.09999999999127	17
256.09999999999127	39
256.09999999999127	14
256.09999999999127	32
256.09999999999127	27
256.1999999999971	50
256.1999999999971	46
256.1999999999971	35
256.3000000000029	14
256.3000000000029	28
256.3000000000029	5
256.3000000000029	32
256.3000000000029	48
256.3999999999942	17
256.3999999999942	6
257.09999999999127	62
260.8000000000029	49
260.8999999999942	14
261.0	63
261.0	50
261.09999999999127	27
261.1999999999971	21
261.1999999999971	17
261.1999999999971	35
261.1999999999971	55
261.3999999999942	6
265.8999999999942	17
266.0	48
266.0	14
266.0	39
266.0	59
266.0	16
266.0	63
266.3999999999942	6
266.3999999999942	6
266.3999999999942	21
266.5	55
266.5	45
266.5	16
267.3000000000029	31
270.0	48
270.0	50
270.0	21
270.8999999999942	17
271.09999999999127	31
271.09999999999127	59
271.09999999999127	49
271.09999999999127	6
271.09999999999127	50
271.09999999999127	16
271.1999999999971	63
271.3000000000029	16
271.3000000000029	63
271.3000000000029	40
271.3000000000029	24
271.3999999999942	45
271.3999999999942	55
275.1999999999971	50
275.1999999999971	48
275.1999999999971	21
276.0	40
276.09999999999127	52
276.09999999999127	31
276.09999999999127	6
276.1999999999971	16
276.1999999999971	50
276.1999999999971	59
276.1999999999971	39
276.1999999999971	49
276.3000000000029	16
276.3000000000029	55
276.3000000000029	63
276.3999999999942	63
276.5	24
280.3999999999942	43
280.3999999999942	48
280.3999999999942	50
280.3999999999942	21
280.8999999999942	40
281.0	53
281.0	39
281.09999999999127	58
281.1999999999971	6
281.1999999999971	50
281.1999999999971	16
281.3000000000029	63
281.3000000000029	11
281.3000000000029	49
281.3000000000029	59
281.3000000000029	55
281.5	16
281.5	24
285.59999999999127	30
285.59999999999127	64
285.59999999999127	59
285.59999999999127	33
285.59999999999127	1
285.59999999999127	21
285.59999999999127	16
285.59999999999127	11
286.1999999999971	55
285.8000000000029	64
285.8999999999942	40
285.8999999999942	53
286.09999999999127	39
286.09999999999127	12
286.09999999999127	64
286.09999999999127	53
286.09999999999127	58
286.09999999999127	27
286.1999999999971	27
286.1999999999971	50
286.3999999999942	24
286.3999999999942	49
286.3999999999942	5
286.3999999999942	11
286.59999999999127	17
286.59999999999127	27
291.3000000000029	5
291.3999999999942	33
291.59999999999127	11
290.8000000000029	64
290.8000000000029	48
290.8999999999942	16
291.0	64
291.0	50
291.0	11
291.0	12
291.09999999999127	27
291.09999999999127	55
291.09999999999127	58
291.09999999999127	6
291.1999999999971	39
291.1999999999971	32
291.1999999999971	27
291.1999999999971	11
291.1999999999971	53
291.1999999999971	27
291.1999999999971	64
291.1999999999971	49
291.1999999999971	31
291.1999999999971	24
291.3999999999942	17
291.3999999999942	24
291.3999999999942	58
291.3999999999942	21
291.5	61
291.5	38
294.8999999999942	43
294.8999999999942	52
296.0	12
295.8999999999942	27
295.8999999999942	5
295.8999999999942	33
295.8999999999942	11
296.0	64
296.0	30
296.0	48
296.0	24
296.0	55
296.0	52
296.0	43
296.09999999999127	32
296.09999999999127	11
296.09999999999127	64
296.09999999999127	53
296.09999999999127	49
296.09999999999127	52
296.09999999999127	27
296.09999999999127	50
296.09999999999127	12
296.09999999999127	11
296.1999999999971	27
296.1999999999971	31
296.1999999999971	39
296.3000000000029	58
296.3000000000029	6
296.3000000000029	24
296.3000000000029	61
296.3999999999942	16
296.3999999999942	63
296.3999999999942	53
296.3999999999942	58
296.3999999999942	38
296.59999999999127	21
299.8000000000029	27
299.8000000000029	52
299.8000000000029	43
300.59999999999127	12
300.8000000000029	4
301.0	46
301.0	38
301.0	39
301.09999999999127	17
301.09999999999127	64
301.09999999999127	32
301.09999999999127	14
301.09999999999127	52
301.09999999999127	64
301.09999999999127	55
301.09999999999127	5
301.09999999999127	61
301.09999999999127	31
301.09999999999127	52
301.09999999999127	52
301.3000000000029	48
301.3000000000029	11
301.3000000000029	11
301.3000000000029	12
301.3000000000029	6
301.3000000000029	16
301.3000000000029	30
301.3000000000029	38
301.3000000000029	53
301.3000000000029	39
301.3000000000029	52
301.3999999999942	58
301.3999999999942	58
301.3999999999942	50
301.3999999999942	50
301.3999999999942	50
301.3999999999942	27
301.3999999999942	27
301.3999999999942	45
304.5	43
304.5	39
304.5	4
305.09999999999127	52
305.59999999999127	53
304.8000000000029	11
304.8999999999942	27
305.0	29
305.59999999999127	12
305.8999999999942	17
305.8999999999942	5
305.8999999999942	29
305.8999999999942	46
306.0	14
306.09999999999127	12
306.09999999999127	48
306.09999999999127	52
306.09999999999127	40
306.09999999999127	64
306.09999999999127	64
306.1999999999971	32
306.1999999999971	5
306.1999999999971	27
306.1999999999971	64
306.1999999999971	48
306.1999999999971	6
306.1999999999971	27
306.1999999999971	29
306.1999999999971	29
306.3000000000029	31
306.3000000000029	38
306.3000000000029	12
306.3999999999942	58
306.3999999999942	58
306.3999999999942	32
306.3999999999942	5
306.3999999999942	50
306.3999999999942	53
306.3999999999942	52
306.3999999999942	52
306.3999999999942	11
306.3999999999942	50
306.3999999999942	11
306.3999999999942	39
306.3999999999942	30
306.3999999999942	38
306.3999999999942	4
306.3999999999942	4
306.5	63
309.3000000000029	4
309.59999999999127	64
309.8999999999942	39
309.8000000000029	29
310.0	11
310.0	1
310.0	27
310.0	64
311.0	12
311.0	4
311.0	29
311.0	14
311.0	14
311.0	49
311.0	6
311.0	27
311.09999999999127	33
311.09999999999127	39
311.09999999999127	64
311.09999999999127	48
312.0	48
312.0	48
312.0	6
312.0	64
312.0	21
312.0	12
312.0	12
312.0	29
312.0	11
312.0	11
312.0	11
312.0	39
312.0	39
312.0	50
312.0	50
312.0	50
312.0	58
312.0	58
312.0	27
312.0	27
312.0	31
312.0	53
312.0	55
312.0	14
312.0	61
312.0	24
312.0	4
312.0	4
312.0	63
312.0	5
312.0	5
312.0	5
312.0	52
312.0	52
312.0	52
312.0	46
312.09999999999127	30
312.09999999999127	32
312.09999999999127	32
314.3000000000029	43
314.8999999999942	29
314.8000000000029	39
315.09999999999127	52
315.09999999999127	27
315.1999999999971	1
315.1999999999971	11
315.1999999999971	64
315.8000000000029	49
315.8000000000029	12
315.8999999999942	39
315.8999999999942	11
315.8999999999942	64
316.0	14
316.09999999999127	43
316.09999999999127	43
316.09999999999127	55
316.09999999999127	58
316.09999999999127	17
316.1999999999971	33
316.1999999999971	24
316.1999999999971	31
316.1999999999971	48
316.1999999999971	14
316.1999999999971	52
316.1999999999971	6
316.1999999999971	6
316.3000000000029	53
316.3000000000029	58
316.3000000000029	29
316.3999999999942	32
316.3999999999942	32
316.3999999999942	4
316.3999999999942	4
316.3999999999942	46
316.3999999999942	14
316.3999999999942	11
316.3999999999942	11
316.3999999999942	50
316.3999999999942	50
316.3999999999942	50
316.3999999999942	58
316.3999999999942	52
316.3999999999942	30
316.3999999999942	39
316.3999999999942	12
316.3999999999942	12
316.5	27
316.5	27
316.5	27
316.5	4
316.5	64
316.5	5
316.5	5
316.59999999999127	21
316.59999999999127	61
320.3000000000029	27
320.3000000000029	1
320.3999999999942	11
320.3999999999942	64
320.3999999999942	58
320.5	53
320.59999999999127	33
320.8000000000029	11
320.8999999999942	6
320.8999999999942	39
320.8999999999942	12
320.8999999999942	55
321.0	52
321.0	11
321.0	21
321.0	53
321.0	50
321.0	63
321.0	6
321.0	64
321.09999999999127	14
321.09999999999127	17
321.1999999999971	31
321.3000000000029	24
321.3000000000029	24
321.3000000000029	43
321.3000000000029	14
321.3000000000029	11
321.3000000000029	32
321.3000000000029	32
321.3000000000029	39
321.3000000000029	33
321.3000000000029	46
321.3000000000029	30
321.3000000000029	38
321.3000000000029	64
321.3000000000029	4
321.3000000000029	12
321.3000000000029	50
321.3000000000029	58
321.3000000000029	27
321.3000000000029	27
321.3000000000029	27
321.3999999999942	12
321.3999999999942	5
321.3999999999942	5
321.3999999999942	5
321.3999999999942	53
321.3999999999942	1
321.3999999999942	4
321.5	29
321.5	4
321.8000000000029	21
321.8000000000029	61
326.3999999999942	16
326.3999999999942	16
326.3999999999942	53
326.3999999999942	53
326.3999999999942	14
326.3999999999942	14
326.3999999999942	14
326.3999999999942	6
326.3999999999942	6
326.3999999999942	6
326.3999999999942	52
326.3999999999942	63
326.3999999999942	63
326.3999999999942	59
326.3999999999942	59
326.3999999999942	31
326.3999999999942	1
326.3999999999942	58
326.3999999999942	58
326.3999999999942	50
326.3999999999942	50
326.3999999999942	27
326.3999999999942	5
326.3999999999942	39
326.3999999999942	39
326.3999999999942	55
326.3999999999942	12
326.3999999999942	12
326.3999999999942	4
326.3999999999942	4
326.3999999999942	30
326.3999999999942	40
326.3999999999942	38
326.3999999999942	43
326.3999999999942	43
326.3999999999942	21
326.3999999999942	21
326.3999999999942	32
326.3999999999942	32
326.3999999999942	45
326.3999999999942	17
326.5	24
326.5	4
326.5	11
326.5	11
326.5	46
326.5	46
326.59999999999127	29
326.59999999999127	21
326.59999999999127	33
326.8000000000029	61
331.1999999999971	49
330.8000000000029	6
330.8999999999942	29
330.8999999999942	52
331.0	55
331.0	14
331.0	21
331.0	50
331.0	46
331.0	1
331.1999999999971	1
331.1999999999971	55
331.1999999999971	12
331.1999999999971	12
331.1999999999971	31
331.3000000000029	53
331.3000000000029	53
331.3000000000029	4
331.3000000000029	14
331.3000000000029	40
331.3000000000029	11
331.3000000000029	58
331.3000000000029	59
331.3000000000029	59
331.3000000000029	27
331.3000000000029	50
331.3000000000029	39
331.3000000000029	46
331.3000000000029	17
331.3999999999942	21
331.3999999999942	32
331.3999999999942	5
331.3999999999942	5
331.3999999999942	21
331.5	43
331.5	6
331.5	33
331.5	4
331.5	38
331.5	24
331.5	63
331.5	16
331.5	16
331.5	30
331.5	49
331.59999999999127	45
332.5	61
334.3999999999942	52
334.1999999999971	35
334.1999999999971	35
334.3999999999942	35
335.59999999999127	29
335.59999999999127	16
335.8999999999942	6
335.8999999999942	11
335.8999999999942	43
335.8999999999942	52
336.0	49
336.0	46
336.0	12
336.0	55
336.09999999999127	29
336.1999999999971	21
336.1999999999971	1
336.1999999999971	1
336.1999999999971	14
336.1999999999971	21
336.1999999999971	49
336.1999999999971	52
336.1999999999971	52
336.1999999999971	53
336.3000000000029	14
336.3000000000029	4
336.3000000000029	21
336.3000000000029	6
336.3999999999942	50
336.3999999999942	50
336.3999999999942	24
336.3999999999942	4
336.3999999999942	53
336.3999999999942	32
336.3999999999942	55
336.3999999999942	43
336.3999999999942	11
336.3999999999942	46
336.3999999999942	12
336.3999999999942	33
336.3999999999942	40
336.3999999999942	17
336.3999999999942	59
336.5	58
336.5	27
336.5	31
336.5	5
336.5	5
336.59999999999127	39
336.59999999999127	61
336.59999999999127	35
336.59999999999127	45
336.59999999999127	30
336.59999999999127	16
336.59999999999127	16
336.59999999999127	38
338.8999999999942	52
339.1999999999971	35
339.1999999999971	35
339.5	53
340.0	35
341.59999999999127	58
340.8000000000029	27
340.8000000000029	16
340.8999999999942	29
340.8999999999942	29
340.8999999999942	21
340.8999999999942	12
341.0	1
341.09999999999127	1
341.09999999999127	43
341.8999999999942	64
341.8999999999942	17
341.8999999999942	11
341.8999999999942	11
341.8999999999942	11
341.8999999999942	32
341.8999999999942	32
341.8999999999942	32
341.8999999999942	27
341.8999999999942	50
341.8999999999942	12
341.8999999999942	40
341.8999999999942	46
341.8999999999942	46
341.8999999999942	61
341.8999999999942	4
341.8999999999942	4
341.8999999999942	53
341.8999999999942	53
341.8999999999942	53
341.8999999999942	1
341.8999999999942	55
341.8999999999942	55
341.8999999999942	45
341.8999999999942	45
341.8999999999942	52
341.8999999999942	31
341.8999999999942	24
342.0	24
342.0	24
342.0	38
342.0	16
342.0	16
342.0	30
342.0	5
342.0	5
342.0	21
342.0	21
342.0	21
342.0	33
342.0	33
342.0	33
342.0	33
342.0	33
342.0	43
342.0	14
342.0	14
342.0	6
342.0	6
342.0	49
342.0	49
342.0	35
342.0	58
342.09999999999127	59
342.09999999999127	39
344.0	1
344.09999999999127	33
344.1999999999971	52
344.1999999999971	33
344.3999999999942	43
344.5	35
344.59999999999127	33
345.09999999999127	35
345.59999999999127	58
346.3999999999942	21
345.8000000000029	4
345.8999999999942	27
345.8999999999942	29
345.8999999999942	55
346.09999999999127	53
346.09999999999127	33
346.09999999999127	33
346.09999999999127	1
346.09999999999127	43
346.09999999999127	43
346.09999999999127	35
346.09999999999127	16
346.1999999999971	33
346.1999999999971	6
346.1999999999971	33
346.1999999999971	64
346.1999999999971	33
346.1999999999971	49
346.1999999999971	31
346.1999999999971	24
346.1999999999971	14
346.1999999999971	14
346.1999999999971	24
346.1999999999971	43
346.3000000000029	61
346.3000000000029	46
346.3000000000029	6
346.3000000000029	4
346.3000000000029	24
346.3000000000029	29
346.3000000000029	50
346.3000000000029	27
346.3000000000029	58
346.3000000000029	58
346.3000000000029	55
346.3999999999942	21
346.3999999999942	21
346.3999999999942	50
346.3999999999942	27
346.3999999999942	46
346.3999999999942	64
346.3999999999942	40
346.3999999999942	53
346.3999999999942	16
346.3999999999942	16
346.3999999999942	45
346.3999999999942	45
346.3999999999942	49
346.3999999999942	30
346.3999999999942	59
346.3999999999942	55
346.3999999999942	38
346.3999999999942	12
346.3999999999942	1
346.3999999999942	17
346.3999999999942	17
346.5	52
346.5	52
346.5	21
346.5	5
346.5	5
346.5	39
346.5	39
346.59999999999127	32
346.59999999999127	11
346.59999999999127	11
346.59999999999127	11
347.1999999999971	35
347.1999999999971	35
347.3000000000029	35
347.3000000000029	35
348.0	35
348.0	35
349.1999999999971	1
349.3000000000029	33
349.5	33
350.0	35
350.0	53
350.59999999999127	58
350.59999999999127	35
351.3000000000029	4
350.8999999999942	33
350.8999999999942	61
350.8999999999942	53
350.8999999999942	59
351.0	16
351.0	27
351.0	1
351.0	55
351.0	35
351.0	64
351.0	17
351.09999999999127	46
351.09999999999127	46
351.09999999999127	24
351.09999999999127	29
351.1999999999971	40
351.1999999999971	4
351.1999999999971	6
351.1999999999971	31
351.1999999999971	49
351.1999999999971	33
351.1999999999971	6
351.1999999999971	14
351.3000000000029	61
351.3000000000029	53
351.3000000000029	33
351.3000000000029	21
351.3000000000029	43
351.3000000000029	58
351.3000000000029	21
351.3999999999942	59
351.3999999999942	52
351.3999999999942	24
351.3999999999942	29
351.3999999999942	64
351.3999999999942	33
351.3999999999942	5
351.3999999999942	5
351.3999999999942	32
351.3999999999942	32
351.3999999999942	58
351.3999999999942	50
351.5	43
351.5	16
351.5	16
351.5	30
351.5	38
351.5	17
351.5	17
351.5	52
351.5	27
351.5	12
351.5	40
351.5	11
351.5	11
351.5	29
351.5	1
351.5	49
351.5	49
351.5	46
351.59999999999127	39
351.59999999999127	35
351.8000000000029	55
351.8000000000029	55
352.3000000000029	45
352.3000000000029	45
351.8999999999942	35
352.1999999999971	35
352.8999999999942	35
354.5	58
355.59999999999127	35
355.59999999999127	53
355.8999999999942	58
355.8999999999942	58
356.3000000000029	4
356.3999999999942	61
355.8000000000029	33
355.8999999999942	53
356.59999999999127	53
356.59999999999127	50
356.59999999999127	12
356.59999999999127	35
356.59999999999127	21
356.59999999999127	21
356.59999999999127	14
356.59999999999127	33
356.59999999999127	33
356.59999999999127	33
356.59999999999127	35
356.59999999999127	52
356.59999999999127	52
356.59999999999127	38
356.59999999999127	38
356.59999999999127	32
356.59999999999127	32
356.59999999999127	61
356.59999999999127	31
356.59999999999127	35
356.59999999999127	27
356.59999999999127	27
356.59999999999127	43
356.59999999999127	43
356.59999999999127	55
356.59999999999127	55
356.59999999999127	55
356.59999999999127	17
356.59999999999127	17
356.59999999999127	17
357.0	49
357.3000000000029	49
357.59999999999127	49
356.8000000000029	59
356.8000000000029	59
357.3999999999942	30
357.3999999999942	29
357.3999999999942	29
357.3999999999942	29
357.3999999999942	46
357.3999999999942	46
357.3999999999942	46
357.3999999999942	6
357.3999999999942	6
357.3999999999942	45
357.3999999999942	45
357.3999999999942	45
357.3999999999942	39
357.3999999999942	5
357.3999999999942	5
357.3999999999942	40
357.3999999999942	40
357.3999999999942	24
357.3999999999942	24
357.3999999999942	1
357.3999999999942	1
357.3999999999942	11
357.3999999999942	11
357.3999999999942	4
357.5	16
357.5	64
357.5	64
357.5	35
357.5	35
357.5	35
357.5	58
360.59999999999127	61
360.8000000000029	4
360.8000000000029	49
360.8000000000029	45
360.8999999999942	58
361.0	53
361.0	14
361.0	1
361.09999999999127	46
361.09999999999127	55
361.09999999999127	24
361.09999999999127	64
361.09999999999127	17
361.09999999999127	40
361.09999999999127	31
361.1999999999971	35
361.1999999999971	49
361.1999999999971	61
361.1999999999971	52
361.1999999999971	33
361.1999999999971	6
361.3000000000029	55
361.3000000000029	35
361.3000000000029	32
361.3999999999942	17
361.3999999999942	24
361.3999999999942	35
361.3999999999942	53
361.3999999999942	43
361.3999999999942	52
361.3999999999942	64
361.3999999999942	39
361.3999999999942	59
361.3999999999942	58
361.3999999999942	50
361.3999999999942	27
361.3999999999942	14
361.3999999999942	50
361.3999999999942	55
361.3999999999942	32
361.3999999999942	49
361.3999999999942	31
361.3999999999942	59
361.5	29
361.5	4
361.5	1
361.5	52
361.5	29
361.5	46
361.5	17
361.5	11
361.5	5
361.5	38
361.5	21
361.5	35
361.59999999999127	12
361.59999999999127	40
361.59999999999127	33
361.59999999999127	43
361.8000000000029	35
361.8000000000029	27
362.3999999999942	30
362.5	16
362.3000000000029	30
362.3999999999942	45
362.3999999999942	45
362.3999999999942	45
362.5	49
362.59999999999127	6
361.8999999999942	33
362.1999999999971	35
365.3999999999942	61
365.5	27
365.59999999999127	6
365.59999999999127	58
366.59999999999127	33
365.8000000000029	29
365.8999999999942	4
365.8999999999942	45
365.8999999999942	33
365.8999999999942	49
365.8999999999942	1
366.0	32
366.09999999999127	17
366.09999999999127	24
366.09999999999127	40
366.09999999999127	64
366.09999999999127	49
366.09999999999127	52
366.1999999999971	58
366.1999999999971	61
366.1999999999971	1
366.1999999999971	52
366.3000000000029	43
366.3000000000029	55
366.3000000000029	55
366.3000000000029	31
366.3000000000029	64
366.3000000000029	35
366.3000000000029	55
366.3000000000029	24
366.3000000000029	5
366.3000000000029	50
366.3000000000029	58
366.5	61
366.5	14
366.5	50
366.5	46
366.5	35
366.5	39
366.5	1
366.5	27
366.5	40
366.5	59
366.5	32
366.5	29
366.5	29
366.5	29
366.5	52
366.5	17
366.5	30
366.5	35
366.5	21
366.59999999999127	31
366.59999999999127	5
366.59999999999127	38
366.59999999999127	38
366.59999999999127	53
366.59999999999127	6
366.59999999999127	35
366.59999999999127	35
366.59999999999127	43
366.59999999999127	30
366.59999999999127	4
366.59999999999127	35
366.59999999999127	49
367.09999999999127	55
367.09999999999127	49
366.8000000000029	33
366.8000000000029	33
366.8000000000029	35
366.8000000000029	35
366.8999999999942	11
366.8999999999942	12
367.0	64
367.0	16
367.0	16
367.0	45
367.0	45
370.5	61
370.8000000000029	6
371.0	1
371.0	58
371.0	58
371.0	17
371.09999999999127	45
371.09999999999127	38
371.09999999999127	52
371.1999999999971	4
371.1999999999971	29
371.1999999999971	52
371.3000000000029	55
371.3000000000029	40
371.3000000000029	64
371.3000000000029	64
371.3000000000029	31
371.3999999999942	59
371.3999999999942	61
371.3999999999942	39
371.3999999999942	24
371.3999999999942	46
371.3999999999942	40
371.3999999999942	29
371.5	31
371.5	35
371.5	46
371.5	35
371.5	52
371.5	64
371.5	1
371.5	30
371.5	16
371.59999999999127	43
371.59999999999127	50
371.59999999999127	6
371.59999999999127	21
371.59999999999127	17
371.59999999999127	49
371.59999999999127	29
371.59999999999127	58
371.59999999999127	27
371.59999999999127	61
371.59999999999127	4
371.59999999999127	30
371.59999999999127	16
371.59999999999127	40
371.59999999999127	45
371.59999999999127	45
371.59999999999127	32
371.59999999999127	12
371.59999999999127	53
371.59999999999127	11
371.59999999999127	33
371.59999999999127	38
371.59999999999127	55
371.59999999999127	5
371.59999999999127	35
371.59999999999127	14
371.59999999999127	59
371.8000000000029	35
371.8000000000029	35
371.8000000000029	35
371.8000000000029	35
371.8000000000029	35
374.5	24
375.09999999999127	35
375.8999999999942	35
375.8999999999942	35
376.0	61
375.8999999999942	58
375.8999999999942	1
375.8999999999942	33
375.8999999999942	35
376.0	6
376.0	30
376.0	58
376.09999999999127	38
376.09999999999127	64
376.09999999999127	59
376.1999999999971	45
376.1999999999971	29
376.1999999999971	35
376.1999999999971	43
376.1999999999971	24
376.3000000000029	17
376.3000000000029	4
376.3000000000029	59
376.59999999999127	35
376.59999999999127	1
376.59999999999127	49
376.59999999999127	40
376.59999999999127	40
376.59999999999127	40
376.59999999999127	43
376.59999999999127	53
376.59999999999127	12
376.59999999999127	33
376.59999999999127	21
376.59999999999127	17
376.59999999999127	35
376.59999999999127	4
376.59999999999127	52
376.59999999999127	64
376.59999999999127	64
376.59999999999127	55
376.59999999999127	55
376.59999999999127	46
376.59999999999127	46
376.59999999999127	50
376.59999999999127	6
376.59999999999127	11
376.59999999999127	31
376.59999999999127	31
376.59999999999127	35
376.59999999999127	39
376.59999999999127	45
376.59999999999127	30
377.1999999999971	30
376.8000000000029	38
376.8000000000029	16
377.5	16
376.8000000000029	24
376.8000000000029	59
376.8999999999942	35
376.8999999999942	61
376.8999999999942	61
376.8999999999942	14
376.8999999999942	35
376.8999999999942	27
377.0	5
377.09999999999127	29
377.09999999999127	29
376.8999999999942	32
376.8999999999942	35
377.0	45
377.0	35
377.0	58
379.0	24
379.3000000000029	35
379.59999999999127	35
381.5	30
380.8000000000029	35
380.8000000000029	24
380.8000000000029	61
381.0	49
381.0	59
381.09999999999127	6
381.1999999999971	64
381.1999999999971	45
381.1999999999971	35
381.1999999999971	1
381.1999999999971	5
381.1999999999971	43
381.3000000000029	29
381.3000000000029	46
381.3000000000029	38
381.3000000000029	59
381.3000000000029	35
381.3999999999942	31
381.3999999999942	55
381.3999999999942	31
381.3999999999942	49
381.3999999999942	64
381.3999999999942	17
381.3999999999942	33
381.3999999999942	35
381.3999999999942	40
381.3999999999942	4
381.3999999999942	4
381.3999999999942	53
381.3999999999942	40
381.3999999999942	35
381.5	40
381.5	59
381.5	5
381.5	24
381.59999999999127	6
381.59999999999127	43
381.59999999999127	17
381.59999999999127	16
381.59999999999127	64
381.59999999999127	55
381.59999999999127	29
381.59999999999127	61
381.59999999999127	21
381.59999999999127	35
381.59999999999127	1
381.59999999999127	35
381.59999999999127	11
382.3999999999942	39
381.8000000000029	35
381.8000000000029	50
381.8999999999942	61
381.8999999999942	46
382.0	38
382.0	16
382.0	14
382.0	27
382.3999999999942	35
382.5	52
382.59999999999127	45
382.59999999999127	45
381.8000000000029	35
381.8000000000029	12
381.8000000000029	30
381.8000000000029	58
384.3999999999942	35
384.3999999999942	35
386.3000000000029	4
385.8000000000029	30
385.8000000000029	35
385.8999999999942	49
386.0	1
386.0	61
386.09999999999127	35
386.09999999999127	45
386.09999999999127	45
386.1999999999971	46
386.1999999999971	61
386.1999999999971	40
386.1999999999971	31
386.1999999999971	55
386.3000000000029	43
386.3000000000029	53
386.3999999999942	59
386.3999999999942	1
386.3999999999942	1
386.3999999999942	40
386.3999999999942	4
386.3999999999942	31
386.5	24
386.5	53
386.5	45
386.5	38
386.5	30
386.5	5
386.5	35
386.5	35
386.5	59
386.5	35
386.5	29
386.5	61
386.5	35
386.59999999999127	40
386.59999999999127	33
386.59999999999127	35
386.59999999999127	17
386.59999999999127	30
386.59999999999127	43
386.59999999999127	35
386.59999999999127	49
386.59999999999127	27
386.59999999999127	61
386.59999999999127	35
386.59999999999127	35
386.59999999999127	35
386.59999999999127	55
386.59999999999127	21
386.59999999999127	46
386.59999999999127	64
386.59999999999127	1
386.8000000000029	38
386.8999999999942	14
386.8999999999942	16
387.3000000000029	6
387.5	39
387.5	52
387.59999999999127	35
387.59999999999127	12
387.59999999999127	11
386.8000000000029	50
386.8000000000029	58
391.0	35
391.0	64
391.0	35
391.0	61
391.0	45
391.0	1
391.0	35
391.09999999999127	45
391.09999999999127	43
391.1999999999971	43
391.1999999999971	31
391.1999999999971	53
391.3999999999942	1
391.3999999999942	31
391.3999999999942	59
391.3999999999942	35
391.5	43
391.5	35
391.5	4
391.5	35
391.5	59
391.5	24
391.5	53
391.5	35
391.5	61
391.5	55
391.5	35
391.5	29
391.5	1
391.5	52
391.59999999999127	14
391.59999999999127	40
391.59999999999127	17
391.59999999999127	21
391.59999999999127	27
391.59999999999127	5
391.59999999999127	46
391.59999999999127	12
392.09999999999127	11
392.5	30
392.59999999999127	45
391.8000000000029	35
391.8000000000029	35
391.8999999999942	58
391.8999999999942	50
392.0	49
392.0	35
392.3000000000029	64
392.3000000000029	39
392.3999999999942	16
392.3999999999942	33
392.59999999999127	6
391.8000000000029	1
395.8999999999942	45
395.8999999999942	29
395.8999999999942	64
395.8999999999942	35
395.8999999999942	61
396.0	1
396.0	53
396.0	45
396.0	16
396.09999999999127	16
396.09999999999127	35
396.1999999999971	31
396.3000000000029	35
396.3000000000029	59
396.3000000000029	1
396.3999999999942	52
396.3999999999942	43
396.3999999999942	31
396.5	1
396.5	35
396.5	24
396.59999999999127	17
396.59999999999127	1
396.59999999999127	43
396.59999999999127	35
396.59999999999127	64
396.59999999999127	55
396.59999999999127	61
396.59999999999127	40
396.59999999999127	53
396.59999999999127	35
396.59999999999127	46
396.59999999999127	29
396.59999999999127	35
396.59999999999127	35
396.59999999999127	27
396.59999999999127	4
396.59999999999127	58
397.3000000000029	59
397.3000000000029	21
397.3999999999942	50
396.8000000000029	11
396.8999999999942	35
396.8000000000029	33
396.8000000000029	30
396.8000000000029	16
396.8000000000029	12
396.8000000000029	45
396.8000000000029	35
396.8000000000029	35
396.8000000000029	39
396.8000000000029	5
396.8999999999942	6
396.8999999999942	49
400.8000000000029	29
400.8999999999942	45
401.0	1
401.0	61
401.09999999999127	16
401.09999999999127	16
401.1999999999971	31
401.1999999999971	1
401.3000000000029	59
401.3000000000029	35
401.3000000000029	46
401.3000000000029	21
401.3000000000029	43
401.3000000000029	58
401.3999999999942	52
401.5	61
401.5	31
401.5	24
401.5	1
401.5	55
401.59999999999127	17
401.59999999999127	35
401.59999999999127	64
401.59999999999127	58
401.59999999999127	43
401.59999999999127	27
401.59999999999127	35
402.3000000000029	35
402.3999999999942	53
402.3999999999942	46
402.59999999999127	12
401.8999999999942	40
402.0	5
402.3000000000029	6
402.3000000000029	35
402.3000000000029	29
402.3999999999942	35
401.8000000000029	11
401.8000000000029	4
401.8000000000029	59
401.8000000000029	33
401.8000000000029	49
401.8000000000029	35
401.8000000000029	35
401.8000000000029	30
401.8999999999942	39
401.8999999999942	16
401.8999999999942	45
402.0	21
402.0	35
405.8000000000029	45
407.09999999999127	30
407.09999999999127	35
407.09999999999127	33
407.09999999999127	12
407.09999999999127	21
407.09999999999127	59
407.09999999999127	59
407.09999999999127	4
407.09999999999127	6
407.09999999999127	31
407.09999999999127	31
407.09999999999127	35
407.09999999999127	55
407.09999999999127	27
407.09999999999127	17
407.09999999999127	35
407.09999999999127	11
407.09999999999127	29
407.09999999999127	61
407.09999999999127	49
407.09999999999127	39
407.09999999999127	35
407.09999999999127	52
407.09999999999127	58
407.09999999999127	1
407.09999999999127	16
407.09999999999127	46
407.09999999999127	46
407.09999999999127	40
407.09999999999127	40
407.09999999999127	35
407.1999999999971	5
407.1999999999971	43
407.1999999999971	64
407.1999999999971	35
407.1999999999971	45
407.1999999999971	35
410.8000000000029	30
410.8999999999942	45
410.8999999999942	49
411.09999999999127	31
411.59999999999127	6
411.59999999999127	52
411.59999999999127	35
411.8000000000029	39
411.8999999999942	12
412.0	35
412.0	33
412.1999999999971	61
411.8000000000029	1
411.8000000000029	27
411.8000000000029	58
411.8000000000029	35
411.8000000000029	35
411.8000000000029	55
411.8000000000029	31
411.8000000000029	29
411.8000000000029	43
411.8000000000029	21
411.8000000000029	17
411.8000000000029	4
411.8000000000029	64
411.8000000000029	5
411.8999999999942	16
411.8999999999942	49
411.8999999999942	35
411.8999999999942	11
411.8999999999942	35
412.0	46
412.0	35
412.09999999999127	59
412.09999999999127	45
416.0	49
416.09999999999127	43
416.09999999999127	31
416.59999999999127	35
416.8000000000029	4
416.8000000000029	52
416.8000000000029	35
416.8000000000029	33
416.8000000000029	35
416.8000000000029	12
416.8000000000029	6
416.8000000000029	39
416.8000000000029	35
416.8000000000029	5
416.8000000000029	1
416.8000000000029	29
416.8000000000029	35
416.8000000000029	11
416.8000000000029	27
416.8000000000029	58
416.8999999999942	55
416.8999999999942	59
416.8999999999942	49
416.8999999999942	46
416.8999999999942	64
416.8999999999942	61
416.8999999999942	21
417.0	17
417.0	35
417.0	31
417.0	35
417.0	45
417.0	43
417.09999999999127	16
421.09999999999127	49
421.09999999999127	31
421.1999999999971	61
421.1999999999971	43
422.0	35
422.0	46
422.0	43
422.0	4
422.0	64
422.0	55
422.0	16
422.0	31
422.0	39
422.0	35
422.0	29
422.0	33
422.0	1
422.0	35
422.0	35
422.0	61
422.0	12
422.0	17
422.0	52
422.09999999999127	35
422.8000000000029	21
422.8000000000029	58
422.8000000000029	27
422.8000000000029	35
422.8000000000029	45
422.8000000000029	6
422.8000000000029	49
422.8999999999942	35
422.8999999999942	11
423.0	5
426.09999999999127	43
426.1999999999971	49
426.8999999999942	31
426.8999999999942	35
426.8999999999942	64
426.8999999999942	55
426.8999999999942	17
426.8999999999942	43
426.8999999999942	35
426.8999999999942	29
426.8999999999942	1
426.8999999999942	35
426.8999999999942	6
427.0	4
427.0	35
427.0	21
427.0	12
427.0	46
427.09999999999127	33
427.09999999999127	39
427.09999999999127	16
427.09999999999127	58
427.09999999999127	52
427.09999999999127	61
427.09999999999127	35
427.09999999999127	27
427.09999999999127	35
427.1999999999971	49
427.1999999999971	11
427.1999999999971	45
427.3000000000029	35
430.59999999999127	21
431.09999999999127	43
431.09999999999127	21
431.8999999999942	43
431.8999999999942	29
432.0	64
432.0	1
432.0	6
432.0	17
432.0	55
432.0	35
432.0	31
432.0	35
432.09999999999127	16
432.09999999999127	35
432.09999999999127	61
432.09999999999127	46
432.09999999999127	11
432.09999999999127	39
432.09999999999127	35
432.09999999999127	35
432.09999999999127	52
432.09999999999127	12
432.09999999999127	45
432.09999999999127	4
432.1999999999971	58
432.1999999999971	35
432.1999999999971	33
432.1999999999971	35
437.3999999999942	35
437.3999999999942	29
437.5	16
437.5	58
437.5	35
437.5	55
437.5	33
437.5	12
437.5	61
437.5	6
437.5	4
437.5	35
437.5	31
437.5	1
437.5	11
437.5	64
437.5	17
437.5	43
437.5	52
437.5	45
437.5	46
437.5	35
437.5	39
437.59999999999127	35
437.59999999999127	35
437.59999999999127	35
442.09999999999127	58
442.09999999999127	29
442.09999999999127	46
442.1999999999971	52
442.1999999999971	61
442.1999999999971	35
442.3000000000029	4
442.3000000000029	31
442.3000000000029	35
442.3000000000029	17
442.3000000000029	12
442.3000000000029	35
442.3999999999942	33
442.3999999999942	35
442.3999999999942	11
442.3999999999942	1
442.3999999999942	35
442.3999999999942	35
442.3999999999942	64
442.3999999999942	16
442.3999999999942	55
442.3999999999942	35
442.5	45
442.59999999999127	6
446.0	1
447.1999999999971	58
447.1999999999971	29
447.3000000000029	35
447.3999999999942	33
447.3999999999942	52
447.3999999999942	46
447.3999999999942	4
447.3999999999942	35
447.3999999999942	35
447.3999999999942	61
447.3999999999942	35
447.3999999999942	31
447.3999999999942	55
447.3999999999942	35
447.3999999999942	17
447.3999999999942	35
447.3999999999942	35
447.3999999999942	6
447.3999999999942	11
447.3999999999942	12
447.59999999999127	1
451.09999999999127	1
453.3999999999942	6
453.3999999999942	46
453.3999999999942	35
453.3999999999942	4
453.3999999999942	11
453.3999999999942	1
453.3999999999942	29
453.3999999999942	33
453.3999999999942	61
453.3999999999942	35
453.3999999999942	17
453.3999999999942	12
453.3999999999942	58
453.3999999999942	35
453.3999999999942	35
453.3999999999942	31
453.3999999999942	52
453.3999999999942	35
453.3999999999942	35
453.5	55
456.1999999999971	1
457.5	35
457.59999999999127	35
457.59999999999127	1
457.59999999999127	55
457.59999999999127	35
457.59999999999127	12
457.59999999999127	31
457.59999999999127	35
458.3000000000029	33
457.8000000000029	6
457.8999999999942	35
458.09999999999127	4
458.09999999999127	35
458.1999999999971	17
458.3000000000029	52
457.8000000000029	29
457.8000000000029	11
457.8000000000029	46
457.8000000000029	61
457.8999999999942	58
461.1999999999971	1
463.3999999999942	35
463.59999999999127	35
463.59999999999127	55
462.8000000000029	6
462.8000000000029	35
462.8000000000029	35
462.8000000000029	12
462.8999999999942	31
462.8999999999942	1
462.8999999999942	35
462.8999999999942	29
462.8999999999942	46
462.8999999999942	4
462.8999999999942	17
462.8999999999942	58
462.8999999999942	61
462.8999999999942	52
462.8999999999942	35
463.0	11
468.0	35
468.0	1
468.0	17
468.0	35
468.0	35
468.0	35
468.0	12
468.09999999999127	29
468.09999999999127	6
468.09999999999127	52
468.09999999999127	35
468.09999999999127	55
468.09999999999127	46
468.09999999999127	61
468.09999999999127	4
468.09999999999127	11
468.09999999999127	58
468.09999999999127	31
468.09999999999127	35
473.09999999999127	29
473.09999999999127	17
473.09999999999127	52
473.1999999999971	35
473.1999999999971	35
473.1999999999971	35
473.1999999999971	35
473.3000000000029	61
473.3000000000029	6
473.3000000000029	1
473.3000000000029	35
473.3000000000029	46
473.3000000000029	31
473.3000000000029	58
473.3000000000029	11
473.3000000000029	35
473.3000000000029	12
473.3999999999942	4
473.3999999999942	55
478.3999999999942	52
478.3999999999942	17
478.3999999999942	31
478.3999999999942	35
478.3999999999942	61
478.3999999999942	12
478.3999999999942	11
478.3999999999942	35
478.5	35
478.5	4
478.5	55
478.5	6
478.5	35
478.5	29
478.5	35
478.5	35
478.5	58
483.3999999999942	4
483.5	58
483.5	52
483.5	35
484.5	35
483.8000000000029	35
484.0	31
484.09999999999127	17
484.09999999999127	55
484.09999999999127	61
484.1999999999971	35
484.1999999999971	12
484.1999999999971	35
484.1999999999971	29
484.1999999999971	35
484.3000000000029	6
484.3000000000029	11
489.3000000000029	4
488.8000000000029	35
488.8000000000029	11
488.8000000000029	35
488.8000000000029	61
488.8000000000029	35
488.8999999999942	52
488.8999999999942	31
488.8999999999942	55
488.8999999999942	35
488.8999999999942	17
488.8999999999942	29
488.8999999999942	35
488.8999999999942	35
488.8999999999942	58
494.0	61
494.0	35
494.0	55
494.0	35
494.0	35
494.0	35
494.0	52
494.0	35
494.09999999999127	17
494.09999999999127	35
494.09999999999127	58
499.09999999999127	35
499.09999999999127	35
499.09999999999127	55
499.59999999999127	35
499.59999999999127	35
499.59999999999127	35
504.3999999999942	35
