0.0	6
0.0	6
5.100000000005821	6
6.399999999994179	43
6.399999999994179	43
8.60000000000582	8
8.60000000000582	8
9.19999999999709	40
10.39999999999418	64
10.39999999999418	64
10.39999999999418	6
11.19999999999709	43
12.39999999999418	7
12.39999999999418	7
12.39999999999418	62
12.39999999999418	62
12.39999999999418	29
12.39999999999418	14
12.39999999999418	14
12.39999999999418	16
12.39999999999418	16
12.69999999999709	10
13.10000000000582	4
13.10000000000582	4
13.80000000000291	58
13.89999999999418	56
13.89999999999418	56
14.0	8
14.39999999999418	40
15.19999999999709	26
15.19999999999709	26
15.19999999999709	17
15.19999999999709	17
15.60000000000582	64
15.80000000000291	6
16.0	31
16.0	31
16.10000000000582	46
16.10000000000582	46
16.19999999999709	43
16.39999999999418	34
16.39999999999418	34
16.60000000000582	16
16.60000000000582	19
16.60000000000582	19
16.69999999999709	62
16.80000000000291	11
16.80000000000291	11
16.80000000000291	5
16.80000000000291	5
16.89999999999418	30
16.89999999999418	2
16.89999999999418	2
16.89999999999418	29
17.30000000000291	37
17.30000000000291	37
17.39999999999418	14
17.39999999999418	54
17.39999999999418	54
17.39999999999418	13
18.30000000000291	3
18.30000000000291	3
17.89999999999418	4
17.89999999999418	56
18.30000000000291	8
18.60000000000582	51
18.60000000000582	51
18.69999999999709	58
18.89999999999418	35
19.0	35
19.0	50
20.19999999999709	40
20.0	26
20.69999999999709	17
20.69999999999709	64
20.89999999999418	31
21.10000000000582	46
21.10000000000582	6
21.39999999999418	43
22.0	11
22.19999999999709	62
22.19999999999709	34
21.60000000000582	41
21.60000000000582	61
21.60000000000582	61
21.60000000000582	59
21.60000000000582	59
21.60000000000582	19
21.69999999999709	42
21.69999999999709	42
21.69999999999709	5
21.80000000000291	16
21.80000000000291	30
21.80000000000291	53
21.80000000000291	53
21.89999999999418	29
21.89999999999418	49
22.0	54
22.19999999999709	37
22.19999999999709	2
22.30000000000291	14
22.39999999999418	3
22.39999999999418	13
22.39999999999418	40
22.80000000000291	39
22.89999999999418	39
22.69999999999709	4
22.80000000000291	56
23.0	57
23.0	57
23.30000000000291	8
24.39999999999418	51
23.60000000000582	58
23.69999999999709	50
23.89999999999418	35
24.30000000000291	33
24.60000000000582	40
25.0	36
25.0	36
25.19999999999709	26
25.89999999999418	64
26.0	46
26.0	31
26.30000000000291	17
26.30000000000291	11
26.39999999999418	6
27.10000000000582	22
27.10000000000582	22
26.60000000000582	24
26.60000000000582	24
26.60000000000582	62
26.60000000000582	18
26.60000000000582	18
26.60000000000582	5
26.69999999999709	29
26.69999999999709	54
26.69999999999709	19
26.80000000000291	43
26.80000000000291	34
26.80000000000291	30
26.89999999999418	29
26.89999999999418	49
26.89999999999418	59
26.89999999999418	61
27.0	58
27.0	37
27.10000000000582	53
27.19999999999709	13
27.19999999999709	3
27.39999999999418	4
27.39999999999418	39
28.0	57
28.89999999999418	25
28.89999999999418	58
28.89999999999418	51
28.89999999999418	8
29.0	35
29.0	27
29.10000000000582	50
29.19999999999709	33
29.19999999999709	1
30.19999999999709	9
30.19999999999709	9
30.39999999999418	36
31.0	30
31.10000000000582	26
30.80000000000291	13
31.0	46
31.30000000000291	31
31.30000000000291	64
32.10000000000582	11
31.60000000000582	54
31.60000000000582	62
31.69999999999709	18
31.69999999999709	22
31.69999999999709	49
31.80000000000291	7
31.80000000000291	7
31.80000000000291	7
31.80000000000291	7
31.80000000000291	19
32.0	37
32.0	30
32.0	29
32.10000000000582	61
32.10000000000582	2
32.10000000000582	16
32.10000000000582	43
32.19999999999709	34
32.30000000000291	13
32.39999999999418	3
33.10000000000582	56
33.30000000000291	4
33.30000000000291	39
32.60000000000582	10
32.60000000000582	10
32.60000000000582	10
33.19999999999709	27
33.39999999999418	51
33.39999999999418	50
33.60000000000582	47
33.89999999999418	50
35.19999999999709	49
35.30000000000291	9
35.69999999999709	36
36.10000000000582	46
37.19999999999709	41
36.60000000000582	31
36.69999999999709	54
36.69999999999709	49
36.80000000000291	62
36.80000000000291	7
36.89999999999418	19
36.89999999999418	11
37.0	37
37.10000000000582	2
37.10000000000582	59
37.10000000000582	61
37.10000000000582	14
37.19999999999709	30
37.19999999999709	12
37.30000000000291	53
37.30000000000291	15
37.30000000000291	15
37.39999999999418	56
38.10000000000582	13
38.30000000000291	43
38.30000000000291	10
37.60000000000582	34
37.69999999999709	3
38.0	1
38.10000000000582	27
38.10000000000582	50
38.19999999999709	51
38.60000000000582	47
38.60000000000582	58
39.30000000000291	33
40.19999999999709	55
40.19999999999709	55
40.69999999999709	9
41.0	36
41.10000000000582	23
41.60000000000582	23
41.69999999999709	46
41.69999999999709	54
41.69999999999709	2
42.39999999999418	19
42.39999999999418	14
42.39999999999418	14
42.39999999999418	22
42.39999999999418	56
42.39999999999418	37
42.39999999999418	11
42.39999999999418	30
42.39999999999418	29
42.39999999999418	42
42.39999999999418	42
42.39999999999418	42
42.39999999999418	49
42.39999999999418	18
42.39999999999418	2
42.39999999999418	15
42.80000000000291	31
42.80000000000291	59
42.89999999999418	10
43.10000000000582	12
43.39999999999418	53
42.60000000000582	13
42.60000000000582	62
42.69999999999709	56
42.69999999999709	3
42.69999999999709	50
42.69999999999709	1
42.80000000000291	4
42.80000000000291	27
42.80000000000291	39
42.80000000000291	43
42.80000000000291	7
42.89999999999418	34
43.0	51
43.39999999999418	47
43.80000000000291	52
43.80000000000291	52
45.30000000000291	58
45.39999999999418	55
45.39999999999418	59
45.60000000000582	14
45.60000000000582	53
45.89999999999418	10
45.89999999999418	10
47.19999999999709	9
46.60000000000582	17
46.60000000000582	17
46.60000000000582	17
46.60000000000582	21
46.60000000000582	21
46.60000000000582	24
46.60000000000582	24
46.60000000000582	24
46.60000000000582	23
46.60000000000582	21
46.60000000000582	21
46.69999999999709	2
46.69999999999709	6
46.69999999999709	32
46.69999999999709	32
46.89999999999418	6
46.89999999999418	6
46.89999999999418	14
46.89999999999418	7
46.89999999999418	24
46.89999999999418	54
47.0	36
47.10000000000582	18
47.10000000000582	29
47.10000000000582	62
47.10000000000582	19
47.10000000000582	56
47.19999999999709	42
47.19999999999709	21
47.30000000000291	22
47.30000000000291	37
47.30000000000291	49
47.30000000000291	58
47.30000000000291	59
47.39999999999418	5
47.39999999999418	5
47.39999999999418	5
47.39999999999418	5
47.39999999999418	31
47.39999999999418	4
47.39999999999418	30
47.39999999999418	1
47.89999999999418	50
47.89999999999418	17
48.10000000000582	25
48.30000000000291	11
48.30000000000291	25
47.60000000000582	3
47.60000000000582	10
47.60000000000582	12
47.60000000000582	13
47.60000000000582	15
47.69999999999709	25
47.69999999999709	25
47.69999999999709	25
47.80000000000291	57
47.80000000000291	43
47.80000000000291	39
47.89999999999418	53
47.89999999999418	51
48.10000000000582	60
48.10000000000582	60
48.30000000000291	34
48.30000000000291	47
48.30000000000291	8
48.30000000000291	52
48.30000000000291	1
49.0	35
48.60000000000582	47
50.10000000000582	18
50.19999999999709	55
50.30000000000291	22
51.30000000000291	4
50.89999999999418	26
51.60000000000582	9
51.69999999999709	64
51.69999999999709	64
51.69999999999709	64
51.69999999999709	2
51.80000000000291	32
51.80000000000291	23
52.0	24
52.10000000000582	7
52.10000000000582	54
52.10000000000582	38
52.10000000000582	38
52.10000000000582	38
52.10000000000582	38
52.10000000000582	36
52.10000000000582	19
52.10000000000582	56
52.19999999999709	12
52.19999999999709	46
52.19999999999709	59
52.19999999999709	27
52.30000000000291	48
52.30000000000291	48
52.30000000000291	29
52.30000000000291	25
52.30000000000291	42
52.39999999999418	49
52.39999999999418	30
52.39999999999418	1
52.39999999999418	11
52.39999999999418	3
52.60000000000582	4
52.60000000000582	10
53.19999999999709	5
53.30000000000291	18
53.30000000000291	12
53.30000000000291	64
52.60000000000582	50
52.69999999999709	13
52.69999999999709	31
52.69999999999709	37
52.69999999999709	57
52.69999999999709	39
52.69999999999709	15
52.80000000000291	43
52.80000000000291	6
52.89999999999418	51
53.0	60
53.10000000000582	52
53.10000000000582	58
53.10000000000582	34
54.10000000000582	33
54.10000000000582	33
54.10000000000582	33
54.10000000000582	33
55.10000000000582	55
57.0	27
57.10000000000582	9
57.10000000000582	42
57.10000000000582	27
57.10000000000582	21
57.10000000000582	24
57.10000000000582	19
57.19999999999709	2
57.19999999999709	23
57.19999999999709	32
57.19999999999709	38
57.30000000000291	11
57.30000000000291	56
57.30000000000291	30
57.30000000000291	48
57.30000000000291	10
57.39999999999418	54
57.39999999999418	5
57.39999999999418	28
57.39999999999418	14
57.69999999999709	1
57.60000000000582	62
57.60000000000582	25
57.69999999999709	47
57.80000000000291	36
57.89999999999418	59
58.39999999999418	42
58.39999999999418	12
57.60000000000582	46
57.60000000000582	13
57.60000000000582	50
57.69999999999709	53
58.30000000000291	18
58.39999999999418	34
58.39999999999418	31
58.39999999999418	6
58.39999999999418	15
58.39999999999418	49
58.39999999999418	37
58.69999999999709	39
59.19999999999709	43
58.80000000000291	1
59.89999999999418	40
59.89999999999418	40
59.89999999999418	40
59.89999999999418	40
59.89999999999418	40
61.30000000000291	46
61.39999999999418	55
61.69999999999709	58
62.0	27
62.10000000000582	21
62.19999999999709	61
62.19999999999709	47
62.30000000000291	19
62.30000000000291	61
62.30000000000291	61
62.30000000000291	61
62.39999999999418	11
62.39999999999418	10
62.39999999999418	38
62.39999999999418	48
62.60000000000582	30
62.80000000000291	20
62.80000000000291	12
62.80000000000291	42
62.80000000000291	43
62.80000000000291	53
62.80000000000291	27
62.80000000000291	40
62.80000000000291	60
62.80000000000291	15
62.80000000000291	39
62.80000000000291	62
62.80000000000291	28
62.80000000000291	2
62.80000000000291	50
62.80000000000291	7
62.80000000000291	54
62.89999999999418	64
62.89999999999418	52
62.89999999999418	20
62.89999999999418	20
62.89999999999418	20
62.89999999999418	32
62.89999999999418	33
62.89999999999418	49
62.89999999999418	18
62.89999999999418	31
62.89999999999418	3
62.89999999999418	22
63.0	25
63.0	1
63.30000000000291	8
63.39999999999418	8
63.39999999999418	8
63.39999999999418	8
63.39999999999418	8
64.19999999999709	35
64.30000000000291	35
63.60000000000582	35
63.60000000000582	35
65.60000000000582	62
65.60000000000582	38
66.10000000000582	53
67.30000000000291	21
67.30000000000291	21
67.30000000000291	26
67.30000000000291	47
67.30000000000291	27
67.39999999999418	26
67.39999999999418	33
67.39999999999418	10
67.39999999999418	16
67.39999999999418	16
67.39999999999418	16
67.39999999999418	16
67.89999999999418	52
68.10000000000582	22
68.19999999999709	60
68.19999999999709	43
67.60000000000582	15
67.60000000000582	58
67.60000000000582	8
67.60000000000582	35
67.60000000000582	41
67.60000000000582	41
67.60000000000582	41
67.60000000000582	41
67.60000000000582	41
67.60000000000582	41
67.60000000000582	41
67.60000000000582	41
67.60000000000582	16
67.60000000000582	3
67.69999999999709	64
67.69999999999709	12
67.69999999999709	13
67.69999999999709	57
67.69999999999709	57
67.69999999999709	42
67.69999999999709	31
67.69999999999709	17
67.69999999999709	17
67.69999999999709	17
67.69999999999709	17
67.80000000000291	28
67.80000000000291	39
67.80000000000291	59
67.80000000000291	56
67.80000000000291	53
67.80000000000291	32
67.89999999999418	50
67.89999999999418	62
67.89999999999418	23
68.19999999999709	7
68.30000000000291	38
68.39999999999418	49
70.30000000000291	45
70.30000000000291	45
70.69999999999709	7
70.69999999999709	22
70.69999999999709	28
70.80000000000291	55
72.39999999999418	47
72.69999999999709	4
72.80000000000291	3
72.80000000000291	19
72.80000000000291	53
72.60000000000582	43
72.60000000000582	17
72.60000000000582	52
72.60000000000582	10
72.60000000000582	15
72.60000000000582	12
72.60000000000582	41
72.60000000000582	51
72.60000000000582	25
72.60000000000582	58
72.69999999999709	64
72.69999999999709	64
72.69999999999709	38
72.69999999999709	42
72.69999999999709	29
72.69999999999709	29
72.69999999999709	29
72.69999999999709	46
72.69999999999709	35
72.69999999999709	2
72.69999999999709	50
72.69999999999709	59
72.80000000000291	60
72.80000000000291	36
72.80000000000291	48
72.80000000000291	52
72.80000000000291	22
72.80000000000291	58
72.89999999999418	54
72.89999999999418	29
72.89999999999418	32
73.0	23
73.0	28
73.10000000000582	40
73.69999999999709	51
73.69999999999709	51
75.80000000000291	40
75.80000000000291	45
76.0	58
76.39999999999418	55
76.69999999999709	36
77.39999999999418	35
78.30000000000291	8
77.60000000000582	2
77.60000000000582	53
77.60000000000582	61
77.60000000000582	15
77.60000000000582	3
77.60000000000582	16
77.60000000000582	25
77.60000000000582	62
77.60000000000582	50
77.60000000000582	6
77.60000000000582	19
77.60000000000582	46
77.60000000000582	23
77.60000000000582	6
77.69999999999709	9
77.69999999999709	47
77.69999999999709	61
77.69999999999709	60
77.69999999999709	52
77.69999999999709	5
77.69999999999709	5
77.69999999999709	5
77.80000000000291	17
77.80000000000291	61
77.80000000000291	46
77.80000000000291	41
77.80000000000291	54
77.80000000000291	11
77.89999999999418	64
77.89999999999418	32
77.89999999999418	48
77.89999999999418	8
78.0	37
78.0	23
78.0	37
78.0	9
78.0	37
78.0	37
78.10000000000582	35
78.10000000000582	9
78.10000000000582	9
78.10000000000582	58
79.19999999999709	35
79.0	55
80.69999999999709	16
80.69999999999709	41
80.69999999999709	16
81.0	25
81.0	46
81.0	22
81.19999999999709	45
81.19999999999709	54
81.19999999999709	2
82.30000000000291	26
82.30000000000291	26
82.30000000000291	26
82.30000000000291	26
82.30000000000291	26
82.39999999999418	16
82.39999999999418	34
82.39999999999418	34
82.39999999999418	34
82.39999999999418	34
82.39999999999418	11
83.0	19
82.69999999999709	57
82.69999999999709	39
82.69999999999709	33
82.69999999999709	33
82.69999999999709	33
82.69999999999709	33
82.69999999999709	2
82.69999999999709	46
82.80000000000291	54
82.80000000000291	57
82.80000000000291	15
82.80000000000291	62
82.80000000000291	28
82.80000000000291	12
82.80000000000291	48
82.80000000000291	3
82.80000000000291	34
82.80000000000291	53
82.89999999999418	17
82.89999999999418	61
82.89999999999418	42
82.89999999999418	23
82.89999999999418	52
82.89999999999418	9
83.0	33
83.0	41
83.0	43
83.0	64
83.10000000000582	5
83.10000000000582	18
83.10000000000582	30
83.10000000000582	8
83.10000000000582	30
83.10000000000582	30
83.10000000000582	40
83.19999999999709	1
83.19999999999709	1
83.19999999999709	1
85.80000000000291	21
85.89999999999418	3
85.89999999999418	8
86.0	11
86.0	62
86.60000000000582	45
87.30000000000291	55
87.39999999999418	37
87.39999999999418	4
87.39999999999418	4
87.39999999999418	4
87.39999999999418	4
87.39999999999418	4
88.39999999999418	16
87.60000000000582	60
87.69999999999709	54
87.69999999999709	31
87.69999999999709	39
87.69999999999709	27
87.69999999999709	27
87.69999999999709	27
87.80000000000291	62
87.80000000000291	25
87.80000000000291	56
87.80000000000291	9
87.89999999999418	64
87.89999999999418	16
87.89999999999418	47
87.89999999999418	23
87.89999999999418	33
87.89999999999418	53
87.89999999999418	48
88.0	42
88.10000000000582	46
88.10000000000582	39
88.10000000000582	8
88.10000000000582	5
88.10000000000582	17
88.10000000000582	13
88.10000000000582	13
88.10000000000582	1
88.30000000000291	21
88.30000000000291	4
88.30000000000291	35
88.69999999999709	51
91.0	42
91.19999999999709	21
92.39999999999418	45
92.39999999999418	54
93.19999999999709	55
93.19999999999709	30
93.19999999999709	43
93.19999999999709	43
93.19999999999709	64
93.30000000000291	42
93.30000000000291	47
93.30000000000291	23
93.30000000000291	20
93.30000000000291	29
93.30000000000291	59
93.30000000000291	49
93.30000000000291	49
93.30000000000291	49
93.30000000000291	49
93.30000000000291	15
93.30000000000291	37
93.30000000000291	14
93.30000000000291	14
93.30000000000291	14
93.30000000000291	60
93.30000000000291	33
93.30000000000291	59
93.30000000000291	59
93.30000000000291	59
93.30000000000291	40
93.30000000000291	62
93.30000000000291	25
93.39999999999418	5
93.39999999999418	5
93.39999999999418	4
93.39999999999418	28
93.60000000000582	6
93.60000000000582	6
93.60000000000582	6
94.19999999999709	50
93.60000000000582	9
93.60000000000582	36
93.60000000000582	36
93.60000000000582	36
93.60000000000582	36
93.60000000000582	36
93.69999999999709	1
95.80000000000291	37
96.10000000000582	50
96.19999999999709	60
96.19999999999709	1
96.80000000000291	55
97.39999999999418	54
97.39999999999418	45
97.60000000000582	30
97.69999999999709	25
97.80000000000291	57
97.80000000000291	57
97.80000000000291	57
97.80000000000291	57
97.80000000000291	57
97.80000000000291	57
97.80000000000291	57
97.80000000000291	47
97.80000000000291	32
97.80000000000291	32
97.80000000000291	32
97.89999999999418	46
97.89999999999418	9
97.89999999999418	37
98.0	22
98.0	1
98.0	3
98.0	15
98.10000000000582	39
98.10000000000582	55
98.10000000000582	39
98.10000000000582	30
98.19999999999709	50
98.19999999999709	58
98.19999999999709	58
98.19999999999709	58
98.19999999999709	58
98.19999999999709	35
98.39999999999418	26
98.39999999999418	26
99.60000000000582	63
101.10000000000582	3
101.30000000000291	50
101.39999999999418	52
102.0	44
102.0	44
102.10000000000582	44
102.10000000000582	44
102.39999999999418	54
102.69999999999709	31
102.69999999999709	31
102.69999999999709	31
102.69999999999709	31
102.69999999999709	31
102.80000000000291	19
102.80000000000291	19
102.89999999999418	33
102.89999999999418	57
103.0	12
103.0	56
103.0	11
103.0	3
103.0	12
103.10000000000582	38
103.10000000000582	23
103.10000000000582	60
103.10000000000582	60
103.10000000000582	61
103.10000000000582	61
103.10000000000582	52
103.10000000000582	18
103.10000000000582	18
103.10000000000582	18
103.10000000000582	18
103.10000000000582	18
103.10000000000582	18
103.10000000000582	10
103.10000000000582	12
103.10000000000582	12
103.10000000000582	10
103.10000000000582	15
103.10000000000582	15
103.30000000000291	55
103.30000000000291	1
103.30000000000291	30
103.30000000000291	30
103.39999999999418	63
103.39999999999418	26
103.39999999999418	63
103.39999999999418	63
103.39999999999418	63
103.39999999999418	63
103.39999999999418	13
103.39999999999418	44
106.0	39
107.89999999999418	54
109.0	30
109.0	62
109.0	42
109.0	52
109.0	52
109.10000000000582	63
109.10000000000582	39
109.19999999999709	3
109.19999999999709	29
109.19999999999709	29
109.19999999999709	29
109.19999999999709	29
109.39999999999418	51
109.39999999999418	51
109.39999999999418	51
109.39999999999418	51
109.39999999999418	51
109.39999999999418	48
109.39999999999418	60
109.39999999999418	12
109.69999999999709	2
109.69999999999709	2
109.69999999999709	2
109.69999999999709	2
110.19999999999709	16
109.60000000000582	18
109.60000000000582	1
109.60000000000582	11
109.60000000000582	11
109.80000000000291	6
111.10000000000582	23
111.30000000000291	48
111.30000000000291	48
111.30000000000291	48
111.30000000000291	48
111.30000000000291	26
112.60000000000582	40
112.60000000000582	40
112.60000000000582	40
112.60000000000582	40
112.60000000000582	40
112.60000000000582	22
112.60000000000582	22
112.80000000000291	54
112.80000000000291	62
112.80000000000291	13
112.89999999999418	13
112.89999999999418	21
112.89999999999418	21
112.89999999999418	21
113.0	13
113.0	42
113.0	28
113.0	60
113.0	47
113.10000000000582	2
113.10000000000582	43
113.10000000000582	43
113.10000000000582	32
113.10000000000582	32
113.10000000000582	12
113.30000000000291	49
113.30000000000291	49
113.30000000000291	26
113.39999999999418	8
113.39999999999418	8
116.19999999999709	38
116.19999999999709	9
116.19999999999709	12
117.89999999999418	45
117.89999999999418	45
117.89999999999418	45
117.89999999999418	62
118.0	42
118.0	12
118.10000000000582	24
118.19999999999709	2
118.30000000000291	27
118.30000000000291	27
118.30000000000291	27
119.0	45
123.0	12
123.0	23
123.10000000000582	20
123.10000000000582	20
123.10000000000582	2
123.10000000000582	21
123.19999999999709	16
124.10000000000582	45
128.1999999999971	39
127.80000000000291	63
128.0	25
128.0	25
128.0	25
128.0	60
128.10000000000582	37
128.39999999999418	40
128.39999999999418	20
130.89999999999418	40
130.89999999999418	40
132.8000000000029	6
132.8000000000029	6
133.1999999999971	27
136.60000000000582	20
141.39999999999418	12
141.39999999999418	25
143.10000000000582	59
143.10000000000582	47
143.10000000000582	44
143.10000000000582	44
143.10000000000582	19
143.10000000000582	44
146.1999999999971	47
147.6999999999971	9
147.8000000000029	6
147.8000000000029	6
147.8000000000029	2
147.89999999999418	64
147.89999999999418	57
148.0	11
148.0	3
148.10000000000582	9
148.10000000000582	47
148.10000000000582	15
148.10000000000582	33
151.1999999999971	57
152.8000000000029	41
152.8000000000029	41
152.8000000000029	41
152.8000000000029	41
152.8000000000029	41
152.89999999999418	39
152.89999999999418	39
152.89999999999418	39
152.89999999999418	49
153.39999999999418	30
153.39999999999418	9
153.39999999999418	39
153.39999999999418	5
153.39999999999418	32
153.39999999999418	32
153.39999999999418	21
153.39999999999418	21
153.39999999999418	6
153.39999999999418	35
153.39999999999418	28
153.39999999999418	28
154.10000000000582	63
153.89999999999418	43
153.89999999999418	43
153.60000000000582	49
153.60000000000582	49
153.60000000000582	18
156.8000000000029	10
156.8000000000029	10
157.8000000000029	39
157.8000000000029	56
157.8000000000029	56
157.8000000000029	45
157.8000000000029	56
157.89999999999418	56
157.89999999999418	56
157.89999999999418	56
157.89999999999418	35
157.89999999999418	21
157.89999999999418	4
158.0	30
158.0	58
158.0	58
158.0	35
158.0	35
158.0	54
158.0	59
158.0	28
158.10000000000582	57
158.10000000000582	24
158.10000000000582	24
158.10000000000582	24
158.10000000000582	24
158.10000000000582	24
158.10000000000582	24
158.10000000000582	63
158.1999999999971	42
158.1999999999971	9
158.1999999999971	53
158.3000000000029	49
158.3000000000029	35
158.3000000000029	59
158.3000000000029	44
158.39999999999418	44
158.39999999999418	44
158.39999999999418	44
158.39999999999418	44
162.60000000000582	39
162.8000000000029	60
162.89999999999418	43
162.89999999999418	16
163.0	16
163.10000000000582	9
163.10000000000582	28
163.10000000000582	45
163.10000000000582	32
163.1999999999971	41
163.1999999999971	20
163.3000000000029	20
163.3000000000029	20
163.3000000000029	62
163.3000000000029	54
163.39999999999418	44
163.39999999999418	60
164.1999999999971	19
163.60000000000582	35
166.1999999999971	33
166.1999999999971	33
166.1999999999971	33
166.1999999999971	33
167.39999999999418	3
167.8000000000029	32
167.8000000000029	43
167.8000000000029	9
167.8000000000029	28
167.89999999999418	60
168.0	25
168.0	63
168.0	25
168.0	43
168.0	30
168.10000000000582	28
168.10000000000582	32
168.10000000000582	35
168.10000000000582	42
168.10000000000582	15
168.10000000000582	15
168.10000000000582	15
168.10000000000582	33
168.1999999999971	28
168.1999999999971	64
169.1999999999971	60
169.3000000000029	44
169.3000000000029	45
169.3000000000029	49
169.3000000000029	23
170.89999999999418	40
172.60000000000582	9
172.8000000000029	6
172.8000000000029	6
173.0	40
173.0	44
173.0	2
173.0	58
173.10000000000582	44
173.10000000000582	5
173.1999999999971	12
173.1999999999971	60
173.3000000000029	28
173.3000000000029	64
173.3000000000029	60
173.3000000000029	30
173.3000000000029	45
173.39999999999418	15
173.39999999999418	17
173.60000000000582	35
173.6999999999971	49
173.6999999999971	32
173.6999999999971	32
173.60000000000582	20
173.6999999999971	27
176.6999999999971	42
178.0	35
178.0	6
178.1999999999971	42
178.1999999999971	45
178.3000000000029	30
178.3000000000029	44
178.3000000000029	60
178.39999999999418	15
178.39999999999418	28
178.8000000000029	27
178.60000000000582	60
178.60000000000582	8
178.6999999999971	17
182.60000000000582	19
182.60000000000582	19
182.6999999999971	40
183.8000000000029	63
183.8000000000029	28
183.8000000000029	17
183.89999999999418	15
183.89999999999418	15
183.89999999999418	15
183.89999999999418	45
183.89999999999418	45
183.89999999999418	60
186.1999999999971	46
186.6999999999971	63
187.89999999999418	6
187.89999999999418	6
187.89999999999418	29
187.89999999999418	29
188.0	17
188.0	17
188.0	17
188.0	17
188.3000000000029	35
188.3000000000029	63
188.3000000000029	55
188.6999999999971	60
188.89999999999418	17
192.3000000000029	39
192.3000000000029	39
192.3000000000029	39
192.60000000000582	39
193.0	29
193.1999999999971	47
193.1999999999971	55
193.1999999999971	35
193.3000000000029	32
193.3000000000029	32
193.3000000000029	63
193.3000000000029	32
193.39999999999418	6
197.6999999999971	63
197.89999999999418	35
197.89999999999418	60
197.89999999999418	18
197.89999999999418	35
198.0	24
198.0	24
198.0	24
198.0	24
198.0	5
198.0	32
198.0	57
198.0	6
198.0	35
198.10000000000582	47
198.1999999999971	9
198.1999999999971	32
198.1999999999971	23
198.1999999999971	18
198.1999999999971	3
198.3000000000029	60
198.3000000000029	6
201.60000000000582	6
201.60000000000582	42
201.60000000000582	42
202.89999999999418	9
203.0	16
203.0	16
203.0	35
203.10000000000582	29
203.1999999999971	57
203.1999999999971	23
203.1999999999971	47
203.1999999999971	20
203.3000000000029	20
203.3000000000029	20
203.3000000000029	33
203.3000000000029	6
203.3000000000029	3
203.60000000000582	44
207.8000000000029	63
208.0	28
208.1999999999971	39
208.1999999999971	9
208.1999999999971	23
208.1999999999971	9
208.1999999999971	30
208.1999999999971	47
208.3000000000029	33
208.39999999999418	62
208.39999999999418	17
208.39999999999418	59
208.39999999999418	59
208.39999999999418	29
211.39999999999418	35
212.6999999999971	29
212.89999999999418	23
212.89999999999418	33
212.89999999999418	17
213.10000000000582	25
213.10000000000582	35
213.10000000000582	57
213.10000000000582	29
213.1999999999971	28
213.1999999999971	9
213.39999999999418	46
213.6999999999971	39
213.8000000000029	44
213.8000000000029	45
216.3000000000029	32
218.1999999999971	40
218.1999999999971	12
218.1999999999971	6
218.1999999999971	29
218.1999999999971	44
218.1999999999971	25
218.3000000000029	35
218.3000000000029	42
218.3000000000029	28
218.6999999999971	46
218.8000000000029	45
218.8000000000029	44
221.3000000000029	25
221.3000000000029	35
221.39999999999418	30
222.6999999999971	62
222.89999999999418	64
222.89999999999418	46
222.89999999999418	12
222.89999999999418	40
223.0	35
223.10000000000582	30
223.10000000000582	44
223.10000000000582	63
223.1999999999971	45
223.1999999999971	24
223.3000000000029	28
223.3000000000029	6
224.0	46
223.60000000000582	44
223.60000000000582	44
226.3000000000029	15
227.39999999999418	37
227.6999999999971	45
227.8000000000029	12
228.0	35
228.10000000000582	35
228.10000000000582	44
228.1999999999971	45
228.1999999999971	63
228.3000000000029	64
228.39999999999418	28
228.39999999999418	12
228.39999999999418	46
231.10000000000582	64
232.1999999999971	5
232.1999999999971	5
231.60000000000582	5
232.8000000000029	62
232.89999999999418	24
232.89999999999418	45
232.89999999999418	17
233.60000000000582	63
233.60000000000582	59
233.60000000000582	59
233.60000000000582	59
233.60000000000582	59
233.60000000000582	45
233.60000000000582	45
233.60000000000582	28
233.60000000000582	25
233.6999999999971	32
233.6999999999971	32
233.6999999999971	32
233.6999999999971	32
233.6999999999971	32
233.6999999999971	5
233.6999999999971	44
233.6999999999971	54
233.6999999999971	20
233.6999999999971	20
236.3000000000029	35
236.6999999999971	54
237.8000000000029	24
237.89999999999418	55
238.1999999999971	45
238.1999999999971	64
238.1999999999971	37
238.3000000000029	55
238.3000000000029	63
238.39999999999418	32
238.39999999999418	29
238.39999999999418	62
238.89999999999418	54
242.3000000000029	28
241.60000000000582	42
242.89999999999418	5
243.0	59
243.0	45
243.10000000000582	63
243.10000000000582	20
243.10000000000582	46
243.10000000000582	46
243.10000000000582	46
243.10000000000582	64
243.10000000000582	6
243.3000000000029	6
243.3000000000029	54
243.3000000000029	18
243.3000000000029	18
243.3000000000029	63
243.3000000000029	24
243.39999999999418	62
243.39999999999418	28
243.39999999999418	20
243.39999999999418	20
243.6999999999971	32
243.8000000000029	55
248.3000000000029	12
248.3000000000029	12
248.3000000000029	46
248.3000000000029	5
248.3000000000029	24
248.3000000000029	63
248.3000000000029	63
248.3000000000029	6
248.3000000000029	29
248.3000000000029	29
249.0	55
249.0	32
249.0	54
249.0	28
249.10000000000582	35
249.10000000000582	16
249.10000000000582	24
249.10000000000582	20
249.10000000000582	59
249.10000000000582	59
249.10000000000582	59
249.10000000000582	59
249.10000000000582	59
249.10000000000582	59
249.10000000000582	59
249.10000000000582	59
249.10000000000582	3
249.10000000000582	3
249.10000000000582	3
249.10000000000582	18
249.10000000000582	18
251.39999999999418	45
251.39999999999418	33
251.39999999999418	23
251.39999999999418	35
251.39999999999418	35
251.39999999999418	35
251.89999999999418	32
252.89999999999418	25
252.89999999999418	18
252.89999999999418	29
253.0	6
253.10000000000582	29
253.10000000000582	63
253.10000000000582	44
253.10000000000582	44
253.1999999999971	16
253.3000000000029	35
253.3000000000029	44
253.3000000000029	44
253.3000000000029	63
253.3000000000029	18
253.3000000000029	59
253.3000000000029	32
253.3000000000029	33
253.3000000000029	24
253.3000000000029	3
253.39999999999418	20
253.39999999999418	32
253.39999999999418	33
253.39999999999418	62
253.39999999999418	24
254.0	47
254.3000000000029	59
253.6999999999971	55
256.3000000000029	24
256.3000000000029	30
256.3999999999942	33
257.1000000000058	32
256.6000000000058	45
256.6000000000058	23
258.1000000000058	55
257.8000000000029	33
257.8000000000029	17
257.8000000000029	23
257.8999999999942	29
258.0	63
258.0	25
258.0	15
258.0	62
258.1000000000058	25
258.1000000000058	35
258.1000000000058	32
258.1999999999971	63
258.1999999999971	29
258.1999999999971	18
258.3000000000029	24
258.3000000000029	16
258.3000000000029	44
258.3000000000029	18
258.3999999999942	64
258.3999999999942	57
258.3999999999942	23
258.6000000000058	32
258.6000000000058	20
258.6000000000058	47
258.6000000000058	33
258.6000000000058	33
258.8000000000029	55
261.3999999999942	46
261.3999999999942	30
261.6999999999971	33
261.6000000000058	45
261.6000000000058	62
261.6999999999971	23
261.6999999999971	32
262.8999999999942	23
262.8999999999942	25
263.0	62
263.0	33
263.0	55
263.0	29
263.0	15
263.0	57
263.0	42
263.0	32
263.1000000000058	29
263.1000000000058	29
263.1999999999971	30
263.1999999999971	5
263.1999999999971	18
263.1999999999971	6
263.1999999999971	45
263.3000000000029	57
263.3000000000029	16
263.3000000000029	29
263.3000000000029	25
263.3000000000029	33
263.3000000000029	32
263.3000000000029	42
263.3000000000029	42
263.3000000000029	42
263.3000000000029	45
263.3999999999942	64
263.3999999999942	12
263.3999999999942	12
263.3999999999942	12
263.3999999999942	12
263.3999999999942	47
263.3999999999942	12
263.6999999999971	33
263.8000000000029	23
263.6999999999971	12
263.6999999999971	12
263.6999999999971	12
263.6999999999971	12
263.6999999999971	12
263.6999999999971	12
263.6999999999971	12
263.8000000000029	55
266.3000000000029	15
266.6999999999971	18
266.6999999999971	45
266.6999999999971	30
266.8000000000029	44
267.3999999999942	37
267.6999999999971	23
267.8000000000029	55
267.8000000000029	29
267.8999999999942	33
267.8999999999942	40
268.1000000000058	15
268.1000000000058	40
268.1000000000058	64
268.1999999999971	42
268.1999999999971	32
268.1999999999971	25
268.1999999999971	62
268.3000000000029	64
268.3000000000029	64
268.3000000000029	64
268.3000000000029	37
268.3000000000029	45
268.3000000000029	45
268.3000000000029	16
268.3000000000029	18
268.3999999999942	32
268.8000000000029	25
268.8999999999942	3
268.8999999999942	3
268.8999999999942	3
268.8999999999942	3
268.8999999999942	3
269.1000000000058	18
269.1000000000058	15
269.1000000000058	15
269.3000000000029	23
269.3999999999942	6
268.6000000000058	55
268.8000000000029	47
268.8000000000029	47
268.8000000000029	33
268.8000000000029	33
268.8000000000029	33
271.3999999999942	5
271.6999999999971	5
272.6000000000058	3
272.6999999999971	5
272.8000000000029	29
272.8000000000029	23
272.8999999999942	3
272.8999999999942	12
272.8999999999942	33
273.0	40
273.0	64
273.1000000000058	32
273.1000000000058	42
273.1999999999971	46
273.1999999999971	5
273.1999999999971	46
273.1999999999971	6
273.1999999999971	33
273.3000000000029	23
273.3000000000029	18
273.3000000000029	44
273.3000000000029	29
273.3999999999942	47
273.3999999999942	3
273.3999999999942	33
273.3999999999942	62
273.3999999999942	12
273.3999999999942	55
273.6000000000058	47
273.6999999999971	18
273.8000000000029	32
273.8000000000029	15
273.6000000000058	25
273.6000000000058	46
273.6000000000058	6
273.6000000000058	24
273.6999999999971	16
273.6999999999971	45
273.6999999999971	45
276.6000000000058	25
277.8000000000029	3
277.8000000000029	56
277.8999999999942	25
277.8999999999942	64
278.0	33
278.0	40
278.0	46
278.0	37
278.1000000000058	29
278.1000000000058	29
278.1000000000058	28
278.1000000000058	46
278.1000000000058	35
278.1000000000058	16
278.1999999999971	46
278.1999999999971	5
278.1999999999971	16
278.1999999999971	62
278.3000000000029	3
278.3000000000029	18
278.3000000000029	57
278.3000000000029	42
278.3000000000029	33
278.3000000000029	55
278.3000000000029	20
278.3000000000029	6
278.3999999999942	23
278.3999999999942	6
278.3999999999942	37
278.3999999999942	32
278.3999999999942	47
278.3999999999942	12
278.3999999999942	23
278.3999999999942	47
278.6000000000058	15
278.6000000000058	20
278.6000000000058	20
278.6999999999971	20
278.8999999999942	20
279.0	25
278.6000000000058	44
278.6000000000058	44
281.6000000000058	44
281.6999999999971	42
283.1000000000058	55
283.1000000000058	18
283.1000000000058	55
283.1000000000058	20
283.1000000000058	23
283.1000000000058	5
283.1999999999971	57
283.1999999999971	16
283.1999999999971	16
283.1999999999971	64
283.1999999999971	64
283.1999999999971	40
283.1999999999971	37
283.1999999999971	37
283.1999999999971	42
283.1999999999971	57
283.1999999999971	25
283.1999999999971	25
283.3000000000029	37
283.3000000000029	3
283.3000000000029	25
283.3000000000029	6
283.3000000000029	35
283.3999999999942	23
283.3999999999942	42
284.0	20
284.1000000000058	3
284.1000000000058	3
284.1999999999971	32
283.6000000000058	23
283.6000000000058	25
283.6000000000058	6
283.6000000000058	47
283.6000000000058	47
283.8000000000029	33
283.8999999999942	63
283.8999999999942	44
287.6000000000058	55
287.8999999999942	62
288.0	57
288.0	6
288.0	55
288.0	46
288.0	25
288.1000000000058	42
288.1000000000058	46
288.1000000000058	46
288.1000000000058	9
288.1999999999971	12
288.1999999999971	12
288.1999999999971	57
288.1999999999971	37
288.1999999999971	5
288.1999999999971	25
288.1999999999971	57
288.3000000000029	25
288.3000000000029	3
288.3999999999942	62
288.3999999999942	12
288.3999999999942	20
288.3999999999942	12
288.3999999999942	23
288.8999999999942	16
289.0	16
289.0	24
289.0	24
289.0	24
289.0	24
289.0	24
289.0	24
289.0	24
289.0	24
289.0	24
289.0	24
289.1000000000058	42
289.3999999999942	37
288.6000000000058	20
288.6000000000058	29
288.6000000000058	29
288.6000000000058	62
288.6000000000058	59
288.6000000000058	59
288.6000000000058	59
288.6000000000058	6
288.6000000000058	35
288.6000000000058	17
288.6000000000058	47
288.6000000000058	47
288.6999999999971	3
288.8000000000029	23
288.8000000000029	33
288.8000000000029	44
289.0	17
289.0	17
289.0	17
291.6999999999971	9
293.3000000000029	3
293.3999999999942	55
292.6999999999971	62
292.8000000000029	9
292.8999999999942	40
292.8999999999942	47
293.0	6
293.0	3
293.1000000000058	30
293.1000000000058	24
293.1000000000058	25
293.1000000000058	42
293.1999999999971	46
293.1999999999971	46
293.1999999999971	6
293.1999999999971	30
293.1999999999971	37
293.1999999999971	5
293.1999999999971	5
293.1999999999971	5
293.3000000000029	5
293.3000000000029	25
293.3000000000029	16
293.3000000000029	30
293.3000000000029	46
293.3000000000029	3
293.3999999999942	62
293.3999999999942	6
293.6999999999971	20
293.6999999999971	20
293.6999999999971	9
293.6999999999971	12
293.6999999999971	12
293.6999999999971	47
293.6999999999971	20
293.8999999999942	23
293.8999999999942	23
294.0	62
294.0	24
294.0	24
294.0	29
294.0	29
294.0	29
294.1000000000058	23
294.3999999999942	35
293.6000000000058	20
293.6000000000058	32
293.6000000000058	18
293.6000000000058	18
293.6000000000058	18
293.6000000000058	18
293.6000000000058	47
293.6999999999971	33
293.6999999999971	17
293.6999999999971	17
293.6999999999971	57
297.1999999999971	9
297.1000000000058	20
296.6000000000058	12
298.3999999999942	32
298.3999999999942	46
298.3999999999942	46
298.3999999999942	46
298.3999999999942	46
298.3999999999942	46
298.3999999999942	24
298.8000000000029	56
298.8000000000029	56
298.8000000000029	56
298.8000000000029	56
298.8000000000029	56
299.3999999999942	30
298.6000000000058	30
298.6000000000058	30
298.6000000000058	30
298.6000000000058	5
298.6000000000058	42
298.6000000000058	23
298.6000000000058	47
298.6000000000058	47
298.6999999999971	16
298.6999999999971	20
298.6999999999971	40
298.6999999999971	6
298.6999999999971	6
298.8000000000029	17
298.8000000000029	17
298.8000000000029	39
298.8000000000029	29
298.8000000000029	9
298.8999999999942	62
298.8999999999942	12
298.8999999999942	12
299.0	6
299.1000000000058	42
299.3000000000029	25
299.3999999999942	18
298.6000000000058	24
298.6000000000058	57
298.6000000000058	57
298.6000000000058	57
298.6000000000058	57
298.6000000000058	42
298.6000000000058	46
298.6000000000058	39
298.6000000000058	63
298.6000000000058	45
298.6000000000058	20
298.6000000000058	9
298.6000000000058	15
298.6000000000058	15
298.6000000000058	15
298.6000000000058	15
298.6000000000058	15
298.6000000000058	15
298.6000000000058	15
298.6000000000058	15
298.6000000000058	33
298.6999999999971	47
298.6999999999971	3
298.8000000000029	46
301.1000000000058	9
301.6999999999971	24
302.6999999999971	17
302.8000000000029	40
302.8000000000029	47
302.8000000000029	57
302.8999999999942	9
303.0	37
303.0	37
303.0	37
303.0	37
303.0	37
303.0	37
303.0	37
303.0	37
303.0	44
303.1000000000058	59
303.1000000000058	46
303.1000000000058	12
303.1000000000058	24
303.1999999999971	56
303.1999999999971	25
303.1999999999971	5
303.1999999999971	6
303.1999999999971	16
303.3000000000029	18
303.3000000000029	18
303.3000000000029	46
303.3999999999942	57
303.3999999999942	17
303.3999999999942	42
303.3999999999942	23
303.3999999999942	42
303.3999999999942	42
303.3999999999942	42
303.3999999999942	42
303.3999999999942	54
303.3999999999942	37
303.3999999999942	6
303.3999999999942	54
303.3999999999942	32
303.3999999999942	3
303.3999999999942	39
304.1999999999971	24
304.3000000000029	5
303.6000000000058	42
303.6000000000058	32
303.6000000000058	57
303.6000000000058	46
303.6000000000058	6
303.6000000000058	15
303.6000000000058	25
303.6000000000058	42
303.6000000000058	12
303.6000000000058	20
303.6000000000058	18
303.6000000000058	33
303.6000000000058	59
303.6000000000058	30
303.6000000000058	30
303.6000000000058	30
303.6000000000058	30
303.6999999999971	63
303.6999999999971	45
303.6999999999971	45
303.6999999999971	45
303.6999999999971	45
303.6999999999971	45
303.6999999999971	45
303.6999999999971	45
303.6999999999971	45
303.6999999999971	9
303.6999999999971	63
303.6999999999971	63
303.6999999999971	54
303.8000000000029	46
306.3000000000029	15
306.8000000000029	56
307.0	56
307.0	56
307.0	56
307.0	56
307.1000000000058	56
306.6000000000058	57
306.6999999999971	57
306.8000000000029	46
306.8000000000029	42
307.3999999999942	37
307.3999999999942	37
307.3999999999942	37
307.3999999999942	37
307.3999999999942	37
307.8000000000029	47
307.8999999999942	24
308.0	12
308.0	37
308.0	40
308.0	56
308.0	55
308.0	55
308.0	55
308.0	9
308.0	62
308.1000000000058	15
308.1000000000058	47
308.1000000000058	64
308.1000000000058	46
308.1999999999971	64
308.1999999999971	32
308.1999999999971	42
308.1999999999971	64
308.1999999999971	64
308.1999999999971	64
308.1999999999971	44
308.1999999999971	29
308.1999999999971	25
308.1999999999971	57
308.3000000000029	18
308.3000000000029	6
308.3000000000029	46
308.3000000000029	30
308.3000000000029	6
308.3000000000029	57
308.3999999999942	18
308.3999999999942	12
308.3999999999942	37
308.3999999999942	5
308.6000000000058	39
308.6000000000058	33
308.6000000000058	12
308.6000000000058	46
308.6000000000058	9
308.6000000000058	57
308.6000000000058	20
308.6000000000058	16
308.6000000000058	16
308.6000000000058	16
308.6000000000058	16
308.6000000000058	16
308.6000000000058	42
308.6000000000058	3
308.6000000000058	3
308.6000000000058	3
308.6000000000058	3
308.6000000000058	3
308.6000000000058	3
308.6000000000058	3
308.6000000000058	17
308.6000000000058	62
308.6000000000058	62
308.6000000000058	62
308.6000000000058	64
308.6000000000058	62
308.6000000000058	62
308.6000000000058	62
308.6999999999971	18
308.6999999999971	18
308.6999999999971	55
308.6999999999971	40
308.6999999999971	15
308.6999999999971	63
308.6999999999971	63
308.6999999999971	63
308.6999999999971	44
308.6999999999971	44
308.6999999999971	44
308.6999999999971	44
308.8000000000029	62
308.8000000000029	47
308.8000000000029	37
308.8000000000029	42
308.8000000000029	9
308.8000000000029	30
308.8000000000029	30
308.8000000000029	30
308.8000000000029	45
308.8000000000029	46
308.8999999999942	25
309.0	29
309.0	29
309.0	29
309.0	29
309.0	29
309.0	29
309.0	29
311.6000000000058	5
311.6000000000058	5
311.6999999999971	5
312.0	15
312.8999999999942	15
312.8999999999942	56
313.3000000000029	42
313.3000000000029	37
313.3000000000029	23
313.3000000000029	29
313.3999999999942	9
313.3999999999942	55
313.3999999999942	30
313.3999999999942	33
313.3999999999942	46
313.3999999999942	37
313.3999999999942	40
313.3999999999942	40
313.3999999999942	9
313.3999999999942	56
313.3999999999942	16
313.3999999999942	28
313.3999999999942	15
313.3999999999942	39
313.3999999999942	12
313.3999999999942	62
313.3999999999942	54
313.3999999999942	64
313.3999999999942	25
313.3999999999942	5
313.3999999999942	5
313.3999999999942	42
313.3999999999942	42
313.3999999999942	32
314.1999999999971	35
314.1999999999971	35
314.1999999999971	35
314.1999999999971	35
314.1999999999971	35
314.1999999999971	35
314.1999999999971	5
314.1999999999971	59
314.1999999999971	40
314.1999999999971	16
314.1999999999971	29
314.3000000000029	9
314.3000000000029	18
314.3000000000029	20
314.3000000000029	47
314.3000000000029	47
314.3000000000029	15
314.3000000000029	39
314.3000000000029	55
314.3000000000029	25
314.3000000000029	25
314.3000000000029	28
314.3000000000029	63
314.3000000000029	63
314.3000000000029	3
314.3000000000029	6
314.3000000000029	33
314.3000000000029	62
314.3000000000029	62
314.3000000000029	64
314.3000000000029	54
314.3000000000029	17
314.3999999999942	23
314.3999999999942	44
314.3999999999942	44
314.3999999999942	37
314.3999999999942	30
314.3999999999942	30
314.3999999999942	30
314.3999999999942	57
314.3999999999942	57
316.8000000000029	47
317.6999999999971	28
317.8999999999942	15
318.0	40
318.0	47
318.0	57
318.1000000000058	9
318.1000000000058	15
318.1000000000058	40
318.1999999999971	39
318.1999999999971	25
318.1999999999971	54
318.1999999999971	28
318.1999999999971	30
318.1999999999971	37
318.1999999999971	5
318.1999999999971	59
318.1999999999971	37
318.3000000000029	29
318.3000000000029	62
318.3000000000029	6
318.3000000000029	30
318.3000000000029	30
318.3000000000029	18
318.3000000000029	42
318.3000000000029	42
318.3000000000029	42
318.3000000000029	33
318.3999999999942	55
318.3999999999942	9
318.3999999999942	16
319.3999999999942	62
318.6000000000058	5
318.6000000000058	57
318.6999999999971	15
318.8000000000029	25
318.8999999999942	40
318.8999999999942	35
318.8999999999942	64
319.0	39
318.6000000000058	3
318.6000000000058	29
318.6000000000058	54
318.6000000000058	33
318.6000000000058	30
318.6000000000058	16
318.6000000000058	47
318.6999999999971	6
318.6999999999971	28
318.6999999999971	23
318.6999999999971	37
318.6999999999971	62
318.6999999999971	20
318.6999999999971	25
318.6999999999971	12
318.6999999999971	32
318.6999999999971	55
318.8000000000029	35
318.8000000000029	63
318.8000000000029	63
318.8999999999942	44
319.8999999999942	56
321.6999999999971	56
321.6000000000058	63
321.6999999999971	30
321.8999999999942	6
321.8999999999942	23
321.8999999999942	5
321.8999999999942	29
322.0	54
322.6999999999971	28
322.8999999999942	40
322.8999999999942	3
323.1000000000058	9
323.1000000000058	40
323.1000000000058	30
323.1000000000058	15
323.1999999999971	62
323.1999999999971	54
323.1999999999971	28
323.1999999999971	47
323.1999999999971	39
323.1999999999971	30
323.3000000000029	17
323.3000000000029	17
323.3000000000029	17
323.3000000000029	17
323.3000000000029	17
323.3000000000029	17
323.3000000000029	17
323.3000000000029	5
323.3000000000029	5
323.3000000000029	30
323.3000000000029	57
323.3000000000029	57
323.3000000000029	57
323.3000000000029	57
323.3999999999942	64
323.3999999999942	42
323.3999999999942	42
323.3999999999942	54
323.3999999999942	9
323.3999999999942	20
323.3999999999942	18
323.3999999999942	62
323.8999999999942	23
323.8999999999942	55
324.0	62
324.0	17
324.0	15
324.0	33
324.0	25
324.1000000000058	6
324.1000000000058	54
324.3000000000029	17
324.3999999999942	17
323.6000000000058	39
323.6000000000058	3
323.6000000000058	57
323.6000000000058	28
323.6000000000058	35
323.6000000000058	40
323.6999999999971	30
323.6999999999971	37
323.6999999999971	12
323.6999999999971	32
323.6999999999971	29
323.6999999999971	55
323.6999999999971	33
323.6999999999971	20
323.8000000000029	25
323.8000000000029	47
323.8000000000029	63
323.8000000000029	63
323.8999999999942	44
326.3999999999942	62
326.3999999999942	56
327.3000000000029	57
327.3000000000029	18
327.8000000000029	28
327.8000000000029	18
327.8999999999942	28
327.8999999999942	30
328.1000000000058	3
328.1000000000058	40
328.1999999999971	30
328.1999999999971	40
328.1999999999971	40
328.1999999999971	57
328.1999999999971	47
328.1999999999971	39
328.1999999999971	54
328.1999999999971	5
328.3000000000029	30
328.3000000000029	5
328.3000000000029	54
328.3000000000029	39
328.3000000000029	64
328.3000000000029	6
328.3999999999942	3
328.3999999999942	28
328.3999999999942	23
328.3999999999942	33
328.3999999999942	3
328.3999999999942	3
328.3999999999942	37
328.3999999999942	25
328.3999999999942	56
328.3999999999942	25
328.3999999999942	24
328.8999999999942	62
329.0	3
328.6000000000058	32
328.6000000000058	55
328.6000000000058	9
328.6000000000058	47
328.6000000000058	28
328.6999999999971	64
328.6999999999971	20
328.6999999999971	23
328.6999999999971	18
328.6999999999971	3
328.6999999999971	39
328.6999999999971	46
328.6999999999971	46
328.6999999999971	46
328.6999999999971	46
328.6999999999971	46
328.6999999999971	6
328.6999999999971	15
328.6999999999971	20
328.6999999999971	33
328.6999999999971	12
328.6999999999971	55
328.6999999999971	42
328.6999999999971	63
328.6999999999971	63
328.6999999999971	44
328.6999999999971	45
328.6999999999971	45
328.6999999999971	45
328.6999999999971	45
329.8999999999942	35
330.0	35
330.1000000000058	40
330.1000000000058	59
330.1000000000058	57
330.1000000000058	57
331.0	20
332.1000000000058	64
332.1000000000058	56
332.6999999999971	18
333.0	17
333.1000000000058	39
333.1000000000058	40
333.1999999999971	28
333.1999999999971	57
333.1999999999971	15
333.1999999999971	40
333.1999999999971	40
333.3000000000029	18
333.3000000000029	39
333.3000000000029	64
333.3000000000029	54
333.3999999999942	25
333.3999999999942	37
333.3999999999942	29
333.3999999999942	28
333.3999999999942	28
333.6999999999971	32
333.6000000000058	9
333.6000000000058	56
333.6000000000058	23
333.6000000000058	12
333.6999999999971	3
333.8999999999942	28
334.0	29
333.6000000000058	29
333.6000000000058	57
333.6000000000058	62
333.6000000000058	33
333.6000000000058	55
333.6000000000058	5
333.6000000000058	9
333.6999999999971	39
333.6999999999971	18
333.6999999999971	55
333.6999999999971	64
333.6999999999971	23
333.6999999999971	33
333.6999999999971	42
333.6999999999971	15
333.6999999999971	20
333.8000000000029	20
333.8000000000029	35
333.8000000000029	40
333.8000000000029	30
333.8000000000029	46
333.8000000000029	47
333.8000000000029	6
333.8999999999942	45
333.8999999999942	44
333.8999999999942	63
336.6000000000058	35
336.6000000000058	35
337.8999999999942	9
337.8000000000029	18
337.8999999999942	56
337.8999999999942	56
337.8999999999942	56
337.8999999999942	56
338.0	16
338.0	16
338.0	16
338.0	16
338.0	17
338.0	39
338.1000000000058	56
338.1999999999971	40
338.1999999999971	15
338.1999999999971	23
338.1999999999971	5
338.1999999999971	15
338.3000000000029	57
338.3000000000029	33
338.3000000000029	59
338.3000000000029	59
338.3000000000029	25
338.3000000000029	28
338.3999999999942	37
338.3999999999942	39
338.3999999999942	64
338.3999999999942	64
338.3999999999942	37
338.8999999999942	55
339.0	28
339.1999999999971	23
339.1999999999971	12
339.3000000000029	32
338.6000000000058	3
338.6999999999971	9
338.8000000000029	28
338.8999999999942	56
338.8999999999942	54
339.1999999999971	28
338.6000000000058	64
338.6000000000058	57
338.6000000000058	29
338.6000000000058	16
338.6000000000058	62
338.6000000000058	9
338.6000000000058	47
338.6000000000058	5
338.6000000000058	39
338.6000000000058	20
338.6000000000058	46
338.6000000000058	15
338.6000000000058	42
338.6999999999971	30
338.6999999999971	40
338.6999999999971	59
338.6999999999971	59
338.6999999999971	35
338.6999999999971	35
338.6999999999971	35
338.6999999999971	35
338.6999999999971	40
338.6999999999971	33
338.6999999999971	18
338.6999999999971	23
338.6999999999971	6
338.6999999999971	45
338.6999999999971	63
338.6999999999971	63
338.6999999999971	44
342.3000000000029	9
341.8000000000029	63
341.8999999999942	35
341.8999999999942	46
343.0	9
342.8999999999942	37
342.8999999999942	37
342.8999999999942	37
342.8999999999942	37
343.0	20
343.0	39
343.0	17
343.0	18
343.0	25
343.1000000000058	23
343.1000000000058	56
343.1000000000058	57
343.1999999999971	5
343.1999999999971	5
343.1999999999971	5
343.1999999999971	23
343.3000000000029	39
343.3999999999942	64
343.8999999999942	30
343.8999999999942	30
343.8999999999942	63
343.8999999999942	3
343.8999999999942	45
343.8999999999942	24
343.8999999999942	24
343.8999999999942	24
343.8999999999942	24
343.8999999999942	24
343.8999999999942	24
343.8999999999942	24
343.8999999999942	24
343.8999999999942	15
343.8999999999942	28
343.8999999999942	28
343.8999999999942	28
343.8999999999942	9
343.8999999999942	9
343.8999999999942	55
343.8999999999942	23
344.8999999999942	40
344.8999999999942	40
344.8999999999942	40
345.0	29
345.0	29
345.0	46
345.0	44
345.3000000000029	32
345.3000000000029	62
345.3999999999942	39
345.3999999999942	39
344.6000000000058	12
344.6000000000058	42
344.6000000000058	37
344.6000000000058	37
344.6000000000058	37
344.6000000000058	54
344.6000000000058	54
344.6000000000058	54
344.6000000000058	54
344.6000000000058	54
344.6000000000058	54
344.6000000000058	54
344.6000000000058	54
344.6000000000058	5
344.6000000000058	35
344.6000000000058	59
344.6000000000058	59
344.6000000000058	59
344.6000000000058	25
344.6000000000058	16
344.6999999999971	47
344.6999999999971	47
344.6999999999971	6
344.6999999999971	18
344.6999999999971	20
344.6999999999971	33
344.6999999999971	17
344.6999999999971	17
344.6999999999971	17
344.6999999999971	17
344.6999999999971	17
344.6999999999971	17
344.6999999999971	17
344.6999999999971	17
344.6999999999971	56
344.6999999999971	64
344.6999999999971	64
344.8000000000029	57
345.8999999999942	35
345.8999999999942	35
346.1000000000058	35
346.1000000000058	35
346.8000000000029	56
346.8999999999942	56
347.1000000000058	56
346.8999999999942	15
346.8999999999942	15
347.3999999999942	35
347.8000000000029	17
347.8999999999942	57
347.8999999999942	55
347.8999999999942	55
347.8999999999942	20
347.8999999999942	55
347.8999999999942	55
347.8999999999942	55
348.0	59
348.0	23
348.0	25
348.1000000000058	9
348.1000000000058	39
348.1000000000058	64
348.1999999999971	64
348.1999999999971	39
348.1999999999971	5
348.1999999999971	56
348.1999999999971	16
348.3000000000029	18
348.3000000000029	59
348.3000000000029	64
348.3000000000029	17
348.3999999999942	39
348.3999999999942	29
348.3999999999942	57
348.3999999999942	56
348.3999999999942	16
348.3999999999942	56
349.0	18
349.3999999999942	37
348.6000000000058	64
348.6000000000058	37
348.6999999999971	12
348.6999999999971	28
348.8999999999942	28
348.6000000000058	15
348.6000000000058	64
348.6000000000058	3
348.6000000000058	54
348.6000000000058	54
348.6000000000058	23
348.6000000000058	42
348.6000000000058	25
348.6000000000058	46
348.6000000000058	33
348.6000000000058	24
348.6000000000058	54
348.6000000000058	28
348.6000000000058	16
348.6999999999971	30
348.6999999999971	9
348.6999999999971	24
348.6999999999971	20
348.6999999999971	55
348.8000000000029	5
348.8000000000029	39
348.8000000000029	17
348.8000000000029	40
348.8000000000029	40
348.8000000000029	35
348.8000000000029	59
348.8000000000029	59
348.8000000000029	32
348.8999999999942	45
348.8999999999942	44
348.8999999999942	63
348.8999999999942	63
350.8999999999942	35
351.6999999999971	59
351.6999999999971	59
352.8999999999942	57
352.8999999999942	35
352.8999999999942	20
353.0	59
353.0	9
353.0	55
353.1000000000058	54
353.1000000000058	59
353.1999999999971	64
353.1999999999971	23
353.1999999999971	39
353.3000000000029	56
353.3000000000029	56
353.3000000000029	40
353.3999999999942	63
353.3999999999942	39
353.3999999999942	59
353.3999999999942	18
353.8999999999942	16
354.1000000000058	37
354.1000000000058	54
354.1000000000058	57
354.3000000000029	23
353.6000000000058	35
353.6000000000058	64
353.6000000000058	29
353.6000000000058	64
353.6000000000058	28
353.6000000000058	12
353.6000000000058	3
353.6999999999971	46
353.6999999999971	15
353.6999999999971	42
353.6999999999971	20
353.6999999999971	20
353.6999999999971	39
353.6999999999971	5
353.6999999999971	40
353.6999999999971	33
353.6999999999971	28
353.6999999999971	9
353.6999999999971	55
353.6999999999971	47
353.6999999999971	35
353.6999999999971	16
353.6999999999971	17
353.6999999999971	24
353.6999999999971	24
353.6999999999971	32
353.6999999999971	30
353.8000000000029	59
353.8999999999942	45
353.8999999999942	63
353.8999999999942	44
355.8000000000029	35
355.8000000000029	35
357.6000000000058	39
357.8999999999942	55
357.8999999999942	23
357.8999999999942	9
358.0	17
358.0	59
358.1000000000058	20
358.1999999999971	5
358.1999999999971	54
358.1999999999971	59
358.1999999999971	40
358.3000000000029	59
358.3000000000029	63
358.3999999999942	56
358.3999999999942	56
358.3999999999942	18
358.3999999999942	24
358.6000000000058	16
358.6000000000058	24
358.8999999999942	20
358.8999999999942	23
358.8999999999942	20
359.1999999999971	35
359.1999999999971	28
359.1999999999971	54
359.1999999999971	37
358.6000000000058	39
358.6000000000058	33
358.6000000000058	56
358.6000000000058	39
358.6000000000058	18
358.6000000000058	64
358.6000000000058	3
358.6000000000058	64
358.6000000000058	28
358.6000000000058	46
358.6000000000058	29
358.6000000000058	55
358.6000000000058	20
358.6000000000058	42
358.6000000000058	16
358.6999999999971	15
358.6999999999971	32
358.6999999999971	9
358.6999999999971	12
358.6999999999971	47
358.6999999999971	54
358.8000000000029	40
358.8000000000029	35
358.8000000000029	45
358.8000000000029	63
358.8000000000029	44
358.8999999999942	30
359.0	5
359.1000000000058	17
361.1000000000058	35
360.6999999999971	35
361.3999999999942	23
362.3000000000029	56
361.8999999999942	47
362.8000000000029	55
362.8999999999942	39
362.8999999999942	9
363.0	59
363.0	46
363.1000000000058	17
363.1999999999971	40
363.3000000000029	59
363.3000000000029	59
363.3000000000029	24
363.3999999999942	54
363.3999999999942	39
363.3999999999942	24
363.3999999999942	56
364.1000000000058	56
364.3000000000029	33
363.6000000000058	62
363.6000000000058	62
363.6000000000058	62
363.6000000000058	62
363.6000000000058	62
363.6000000000058	28
363.6000000000058	37
363.6000000000058	55
363.6000000000058	3
363.6000000000058	56
363.6000000000058	32
363.6999999999971	9
363.6999999999971	28
363.6999999999971	23
363.6999999999971	6
363.6999999999971	16
363.6999999999971	20
363.6999999999971	6
363.6999999999971	18
363.6999999999971	6
363.6999999999971	29
363.6999999999971	42
363.8000000000029	40
363.8000000000029	15
363.8000000000029	35
363.8000000000029	62
363.8000000000029	5
363.8000000000029	47
363.8000000000029	12
363.8999999999942	35
363.8999999999942	35
363.8999999999942	54
363.8999999999942	30
364.0	35
364.0	45
364.0	63
364.0	44
365.6000000000058	35
365.8999999999942	35
366.8000000000029	18
367.6999999999971	55
368.0	40
368.1000000000058	17
368.3000000000029	56
368.3000000000029	59
368.3000000000029	54
368.3999999999942	59
368.3999999999942	5
368.6000000000058	28
368.6000000000058	33
368.6000000000058	30
368.6999999999971	55
368.6999999999971	32
368.6999999999971	16
368.6999999999971	24
368.6999999999971	35
368.6999999999971	6
368.6999999999971	3
368.6999999999971	20
368.8000000000029	9
368.8000000000029	28
368.8000000000029	40
368.8000000000029	63
368.8000000000029	45
368.8000000000029	44
368.8000000000029	25
368.8000000000029	25
368.8000000000029	18
368.8999999999942	12
368.8999999999942	15
368.8999999999942	29
368.8999999999942	37
368.8999999999942	56
368.8999999999942	25
368.8999999999942	25
368.8999999999942	39
368.8999999999942	23
368.8999999999942	62
368.8999999999942	35
368.8999999999942	5
368.8999999999942	54
368.8999999999942	54
368.8999999999942	47
370.1000000000058	35
370.1999999999971	35
372.6999999999971	55
373.3000000000029	56
373.3000000000029	47
373.3999999999942	16
373.3999999999942	59
373.6999999999971	25
373.6999999999971	35
373.8000000000029	3
373.8000000000029	16
373.8000000000029	24
373.8000000000029	33
373.8000000000029	32
373.8000000000029	39
373.8000000000029	6
373.8000000000029	29
373.8000000000029	12
373.8999999999942	28
373.8999999999942	55
373.8999999999942	37
373.8999999999942	62
374.0	15
374.0	23
374.0	40
374.0	59
374.0	35
374.0	18
374.0	54
374.0	47
374.0	56
374.0	9
374.0	30
374.0	35
374.0	5
374.1000000000058	42
374.1000000000058	45
374.1000000000058	63
374.1000000000058	44
374.8000000000029	35
374.8000000000029	35
376.8000000000029	5
377.0	6
377.8999999999942	16
378.0	9
378.1000000000058	18
378.1999999999971	17
378.1999999999971	17
378.1999999999971	17
378.1999999999971	17
378.1999999999971	40
378.3000000000029	59
378.3000000000029	59
378.3000000000029	47
378.6000000000058	64
378.6000000000058	64
378.6999999999971	64
378.6999999999971	64
378.6999999999971	64
378.6999999999971	64
378.6999999999971	39
378.6999999999971	46
378.6999999999971	46
378.6999999999971	46
378.8000000000029	35
378.8000000000029	25
378.8999999999942	39
378.8999999999942	40
378.8999999999942	23
378.8999999999942	35
379.0	16
379.0	24
379.0	37
379.0	59
379.0	62
379.0	33
379.0	28
379.0	5
379.0	32
379.0	17
379.0	12
379.0	46
379.0	55
379.1000000000058	30
379.1000000000058	18
379.1000000000058	47
379.1000000000058	56
379.1000000000058	42
379.1999999999971	54
379.1999999999971	64
379.1999999999971	9
379.1999999999971	29
379.1999999999971	15
379.3000000000029	63
379.3999999999942	44
379.3999999999942	45
379.3999999999942	35
379.8000000000029	35
380.1999999999971	56
380.3000000000029	35
382.3999999999942	35
383.0	28
383.0	9
383.1000000000058	64
383.1999999999971	40
383.1999999999971	33
383.3000000000029	24
383.3000000000029	16
383.3000000000029	24
383.3000000000029	24
383.3999999999942	47
383.6000000000058	54
383.8000000000029	54
383.6000000000058	5
384.0	3
384.0	35
384.0	35
384.0	39
384.0	16
384.0	37
384.0	62
384.0	12
384.0	42
384.0	23
384.1000000000058	25
384.1000000000058	54
384.1000000000058	56
384.1000000000058	15
384.1999999999971	55
384.1999999999971	5
384.1999999999971	17
384.1999999999971	18
384.1999999999971	35
384.1999999999971	42
384.1999999999971	35
384.1999999999971	30
384.1999999999971	9
384.1999999999971	46
384.1999999999971	32
384.1999999999971	47
384.3000000000029	64
384.3999999999942	24
384.3999999999942	59
384.3999999999942	40
385.1999999999971	63
385.1999999999971	44
386.6999999999971	56
386.8000000000029	56
387.0	56
387.0	56
389.1000000000058	35
389.1000000000058	35
389.1000000000058	35
389.1000000000058	35
389.1000000000058	3
389.1000000000058	56
389.1000000000058	54
389.1000000000058	15
389.1000000000058	23
389.1000000000058	12
389.1000000000058	18
389.1000000000058	46
389.1000000000058	37
389.1000000000058	29
389.1000000000058	16
389.1000000000058	25
389.1000000000058	42
389.1000000000058	24
389.1999999999971	9
389.1999999999971	62
389.1999999999971	39
389.1999999999971	5
389.1999999999971	17
389.1999999999971	47
389.1999999999971	30
389.1999999999971	32
389.3000000000029	64
389.3000000000029	55
389.3000000000029	63
389.3999999999942	59
389.3999999999942	40
389.3999999999942	44
389.3999999999942	45
392.6999999999971	47
393.1000000000058	16
393.3000000000029	35
393.3000000000029	35
394.0	3
394.1000000000058	47
394.1000000000058	56
394.1000000000058	35
394.1000000000058	18
394.1999999999971	23
394.1999999999971	3
394.3000000000029	39
394.3000000000029	24
394.3000000000029	46
394.3000000000029	32
394.3000000000029	42
394.3000000000029	55
394.3000000000029	35
394.3000000000029	30
394.3000000000029	35
394.3000000000029	9
394.3000000000029	40
394.3000000000029	29
394.3000000000029	25
394.3000000000029	12
394.3999999999942	63
394.3999999999942	35
394.3999999999942	35
394.3999999999942	35
394.3999999999942	35
394.3999999999942	17
394.3999999999942	5
395.3000000000029	59
394.6000000000058	35
394.6000000000058	35
397.8000000000029	29
397.8000000000029	47
397.8999999999942	16
398.1000000000058	39
398.6999999999971	35
398.8999999999942	35
399.0	47
399.1000000000058	28
399.1000000000058	62
399.1000000000058	29
399.1000000000058	9
399.1999999999971	15
399.1999999999971	56
399.1999999999971	32
399.1999999999971	35
399.3000000000029	18
399.3000000000029	28
399.3000000000029	28
399.3000000000029	28
399.3000000000029	24
399.3000000000029	42
399.3000000000029	55
399.3000000000029	39
399.3000000000029	23
399.3000000000029	16
399.3999999999942	30
399.3999999999942	46
399.3999999999942	3
399.3999999999942	12
399.8000000000029	28
400.1999999999971	63
399.6000000000058	35
399.8000000000029	59
399.8999999999942	40
399.8999999999942	35
400.0	35
400.0	5
400.0	35
400.0	17
400.1000000000058	33
400.1000000000058	33
400.1000000000058	33
400.1000000000058	33
400.1000000000058	44
400.1000000000058	45
402.8999999999942	16
402.8999999999942	47
403.1000000000058	39
403.6000000000058	62
403.6999999999971	62
403.8000000000029	62
404.3000000000029	39
404.3999999999942	62
404.3999999999942	32
404.3999999999942	29
404.3999999999942	55
404.3999999999942	17
404.3999999999942	42
404.3999999999942	9
404.3999999999942	15
404.3999999999942	35
404.3999999999942	35
404.3999999999942	35
404.3999999999942	28
404.3999999999942	35
404.3999999999942	47
404.3999999999942	63
404.3999999999942	3
404.3999999999942	12
404.8000000000029	23
405.3000000000029	44
404.6000000000058	16
404.6999999999971	35
404.8000000000029	33
405.1999999999971	56
404.6000000000058	40
404.6000000000058	59
404.6000000000058	35
404.6000000000058	35
407.6999999999971	15
407.6000000000058	16
407.8000000000029	16
408.0	47
408.1999999999971	39
408.8999999999942	35
409.3000000000029	37
409.3000000000029	37
409.3000000000029	37
409.3000000000029	35
409.3000000000029	54
409.3000000000029	54
409.3000000000029	54
409.3000000000029	62
409.3000000000029	62
409.3000000000029	64
409.3000000000029	64
409.3000000000029	64
409.3000000000029	35
409.3000000000029	30
409.3000000000029	16
409.3000000000029	29
409.3999999999942	28
409.3999999999942	55
409.3999999999942	39
409.3999999999942	24
410.3000000000029	54
409.8000000000029	33
409.6000000000058	64
409.6000000000058	35
409.6000000000058	56
409.6999999999971	44
409.8000000000029	45
409.8000000000029	45
409.8000000000029	45
409.8000000000029	45
410.0	59
410.0	40
410.0	35
410.1999999999971	44
409.6000000000058	35
409.6000000000058	9
409.6000000000058	35
409.6999999999971	37
409.6999999999971	12
409.6999999999971	47
409.8000000000029	35
409.8000000000029	23
409.8000000000029	15
409.8000000000029	17
409.8999999999942	32
413.3999999999942	39
414.3000000000029	35
414.3999999999942	56
414.3999999999942	35
415.1000000000058	54
415.1999999999971	62
414.6000000000058	16
414.6999999999971	37
414.6999999999971	44
415.3999999999942	30
415.3999999999942	29
414.6000000000058	17
414.6000000000058	35
414.6000000000058	25
414.6000000000058	25
414.6000000000058	25
414.6000000000058	25
414.6000000000058	64
414.6000000000058	24
414.6000000000058	55
414.6000000000058	45
414.6999999999971	33
414.6999999999971	42
414.6999999999971	28
414.6999999999971	35
414.6999999999971	59
414.6999999999971	35
414.6999999999971	32
414.6999999999971	35
414.8000000000029	5
414.8000000000029	3
414.8000000000029	40
414.8000000000029	35
414.8000000000029	15
414.8000000000029	12
414.8000000000029	9
414.8999999999942	39
417.6000000000058	24
417.6000000000058	30
417.8000000000029	5
417.8999999999942	16
417.8999999999942	16
419.8999999999942	25
419.8999999999942	35
419.8999999999942	35
419.8999999999942	16
419.8999999999942	5
419.8999999999942	42
419.8999999999942	9
419.8999999999942	35
419.8999999999942	15
419.8999999999942	54
419.8999999999942	44
419.8999999999942	33
419.8999999999942	28
419.8999999999942	35
420.8999999999942	35
420.8999999999942	47
420.8999999999942	35
420.8999999999942	46
420.8999999999942	46
420.8999999999942	46
420.8999999999942	46
420.8999999999942	39
420.8999999999942	32
420.8999999999942	59
420.8999999999942	40
420.8999999999942	55
420.8999999999942	3
420.8999999999942	56
420.8999999999942	35
421.0	37
421.0	12
421.3000000000029	17
421.3000000000029	30
421.3999999999942	29
422.8000000000029	3
422.8999999999942	5
422.8999999999942	54
423.0	16
423.3000000000029	54
424.3000000000029	54
424.3999999999942	35
424.3999999999942	42
424.6000000000058	63
424.6000000000058	63
424.6000000000058	63
424.6000000000058	56
424.6000000000058	25
424.6000000000058	12
424.6000000000058	35
424.6000000000058	39
424.6000000000058	3
424.6999999999971	37
424.6999999999971	40
424.8000000000029	59
424.8000000000029	30
424.8000000000029	35
424.8000000000029	63
424.8000000000029	46
424.8000000000029	35
424.8000000000029	35
424.8000000000029	16
424.8000000000029	35
424.8999999999942	28
424.8999999999942	9
424.8999999999942	55
424.8999999999942	29
424.8999999999942	17
424.8999999999942	32
424.8999999999942	35
424.8999999999942	5
427.8000000000029	54
428.1999999999971	55
428.1999999999971	54
429.1999999999971	54
430.3000000000029	35
429.6000000000058	25
429.6000000000058	54
429.6000000000058	12
429.6000000000058	35
429.6999999999971	39
429.8000000000029	37
429.8000000000029	3
429.8999999999942	5
429.8999999999942	28
429.8999999999942	32
429.8999999999942	55
429.8999999999942	56
429.8999999999942	16
429.8999999999942	35
429.8999999999942	35
429.8999999999942	30
430.0	35
433.0	54
433.0	55
434.6999999999971	12
434.6999999999971	45
434.6999999999971	54
434.6999999999971	64
435.3000000000029	45
435.3000000000029	55
435.3000000000029	40
435.3000000000029	35
435.3000000000029	16
435.3000000000029	28
435.3999999999942	3
435.3999999999942	32
435.3999999999942	39
435.3999999999942	35
435.3999999999942	35
435.3999999999942	35
435.3999999999942	30
435.3999999999942	56
435.3999999999942	5
435.3999999999942	25
435.3999999999942	9
435.3999999999942	35
436.1999999999971	35
436.1999999999971	64
436.1999999999971	64
436.3999999999942	17
439.8000000000029	54
439.8999999999942	64
440.0	39
440.0	12
440.0	35
440.1000000000058	30
440.1000000000058	17
440.1000000000058	16
440.1000000000058	35
440.1999999999971	40
440.1999999999971	55
440.1999999999971	5
440.1999999999971	35
440.1999999999971	35
440.1999999999971	3
440.1999999999971	56
440.1999999999971	28
440.1999999999971	32
440.3000000000029	35
440.3000000000029	9
440.3000000000029	25
440.3000000000029	35
443.1999999999971	40
443.1999999999971	9
444.8000000000029	46
444.8000000000029	63
444.8000000000029	63
444.8000000000029	63
444.8000000000029	46
444.8000000000029	46
444.8999999999942	35
444.8999999999942	17
444.8999999999942	35
444.8999999999942	35
444.8999999999942	35
445.1000000000058	28
445.1999999999971	30
445.1999999999971	35
445.1999999999971	16
445.3000000000029	35
445.3000000000029	17
445.3000000000029	46
445.3000000000029	25
445.3000000000029	40
445.3000000000029	56
445.3000000000029	35
445.3000000000029	55
445.3000000000029	35
445.3000000000029	9
445.3000000000029	12
445.3999999999942	5
445.3999999999942	64
447.8999999999942	16
449.6999999999971	24
449.6999999999971	24
449.6999999999971	24
449.8000000000029	24
449.8000000000029	24
450.1999999999971	35
450.1999999999971	40
450.1999999999971	54
450.1999999999971	24
450.3000000000029	56
450.3000000000029	28
450.3000000000029	16
450.3000000000029	46
450.3000000000029	9
450.3999999999942	3
450.3999999999942	30
450.3999999999942	55
450.3999999999942	35
450.3999999999942	63
450.3999999999942	32
450.3999999999942	5
450.3999999999942	35
450.3999999999942	35
450.6000000000058	25
450.8000000000029	35
451.1000000000058	12
455.6000000000058	35
455.6000000000058	35
455.6000000000058	63
455.6000000000058	17
455.6000000000058	35
455.6000000000058	46
455.6000000000058	9
455.6000000000058	35
455.6000000000058	40
455.6000000000058	55
455.6000000000058	28
455.6000000000058	3
455.6000000000058	56
455.6000000000058	25
455.6999999999971	32
455.6999999999971	12
455.6999999999971	54
455.6999999999971	35
455.6999999999971	5
455.8000000000029	35
455.8000000000029	24
455.8999999999942	30
458.6000000000058	32
459.8999999999942	35
460.1000000000058	35
460.1000000000058	54
460.3000000000029	35
460.3000000000029	9
460.3999999999942	46
460.3999999999942	55
460.8999999999942	35
461.0	40
461.3000000000029	3
464.8000000000029	64
465.3999999999942	32
470.3999999999942	32
475.3999999999942	32
480.6999999999971	32
485.3999999999942	32
491.0	32
496.0	32
500.3999999999942	28
501.3999999999942	32
505.3000000000029	40
505.3999999999942	35
505.6000000000058	12
580.0	55
584.8999999999942	55
