0.0	29
0.09999999999854481	29
0.9000000000014552	35
0.9000000000014552	35
1.0999999999985448	64
1.0999999999985448	64
2.0	59
2.0	59
5.19999999999709	22
5.19999999999709	22
4.599999999998545	58
4.599999999998545	58
5.599999999998545	29
5.69999999999709	64
5.900000000001455	35
7.19999999999709	59
7.80000000000291	7
7.80000000000291	7
7.80000000000291	20
7.900000000001455	20
9.69999999999709	58
9.80000000000291	22
11.30000000000291	64
10.69999999999709	35
11.0	29
11.19999999999709	14
11.19999999999709	14
12.0	54
12.0	54
12.19999999999709	25
12.19999999999709	25
12.30000000000291	59
13.19999999999709	7
12.900000000001455	20
13.599999999998545	12
13.599999999998545	44
13.599999999998545	44
13.599999999998545	12
14.599999999998545	39
14.599999999998545	39
14.69999999999709	58
15.0	22
15.30000000000291	38
15.30000000000291	38
15.400000000001455	64
15.69999999999709	35
16.599999999998545	14
16.599999999998545	29
17.0	54
17.19999999999709	7
17.30000000000291	25
17.30000000000291	59
18.30000000000291	15
18.30000000000291	15
17.80000000000291	20
18.30000000000291	50
18.30000000000291	50
18.400000000001455	32
18.400000000001455	32
19.099999999998545	44
19.30000000000291	12
18.599999999998545	24
18.599999999998545	24
19.0	8
19.0	8
19.099999999998545	18
19.099999999998545	18
19.400000000001455	2
19.400000000001455	2
19.599999999998545	39
19.80000000000291	58
19.900000000001455	52
19.900000000001455	52
20.19999999999709	38
20.19999999999709	22
20.400000000001455	35
21.19999999999709	64
20.80000000000291	6
20.80000000000291	6
21.69999999999709	29
21.69999999999709	14
22.900000000001455	25
22.900000000001455	54
23.0	59
23.0	7
23.0	15
23.099999999998545	21
23.099999999998545	21
23.19999999999709	20
23.30000000000291	13
23.30000000000291	13
23.30000000000291	50
23.30000000000291	32
23.400000000001455	12
23.69999999999709	44
23.69999999999709	34
23.69999999999709	34
23.69999999999709	24
23.80000000000291	8
23.900000000001455	4
23.900000000001455	4
24.19999999999709	18
24.400000000001455	39
24.69999999999709	58
24.69999999999709	2
25.30000000000291	40
25.30000000000291	40
25.30000000000291	38
25.30000000000291	22
25.30000000000291	46
25.30000000000291	46
25.30000000000291	11
25.30000000000291	11
25.30000000000291	52
25.599999999998545	35
25.69999999999709	60
25.69999999999709	60
25.80000000000291	64
26.30000000000291	6
26.599999999998545	7
26.69999999999709	29
27.099999999998545	14
27.19999999999709	25
27.599999999998545	21
27.599999999998545	54
27.900000000001455	15
28.0	20
28.099999999998545	59
28.099999999998545	50
28.19999999999709	12
28.400000000001455	32
28.69999999999709	44
28.80000000000291	13
28.599999999998545	8
28.69999999999709	4
28.80000000000291	34
28.900000000001455	24
29.0	57
29.0	57
29.30000000000291	3
29.30000000000291	3
29.30000000000291	18
29.400000000001455	39
29.400000000001455	26
29.400000000001455	26
29.69999999999709	58
29.80000000000291	46
29.900000000001455	38
30.0	2
30.099999999998545	22
30.099999999998545	56
30.099999999998545	56
30.099999999998545	11
30.099999999998545	51
30.099999999998545	51
30.19999999999709	52
30.30000000000291	40
30.80000000000291	35
30.80000000000291	60
30.900000000001455	6
30.900000000001455	64
31.19999999999709	7
31.80000000000291	29
32.19999999999709	25
32.599999999998545	14
32.599999999998545	21
33.0	27
33.0	27
33.0	54
33.099999999998545	15
33.099999999998545	12
33.19999999999709	50
33.30000000000291	20
33.400000000001455	8
34.19999999999709	59
33.599999999998545	32
33.599999999998545	44
33.69999999999709	13
33.80000000000291	34
33.80000000000291	4
33.80000000000291	57
34.0	24
34.30000000000291	28
34.30000000000291	28
34.69999999999709	58
34.80000000000291	46
34.900000000001455	3
35.0	39
35.30000000000291	18
34.69999999999709	22
34.69999999999709	26
34.80000000000291	38
35.099999999998545	11
35.099999999998545	51
35.19999999999709	52
35.19999999999709	56
35.30000000000291	40
35.400000000001455	2
35.69999999999709	6
35.80000000000291	60
35.900000000001455	7
35.900000000001455	35
35.900000000001455	64
36.80000000000291	29
37.19999999999709	25
37.80000000000291	21
37.80000000000291	14
38.0	9
38.0	9
38.099999999998545	27
38.099999999998545	12
38.099999999998545	8
38.099999999998545	19
38.099999999998545	19
38.400000000001455	15
38.400000000001455	50
38.400000000001455	20
39.0	54
39.099999999998545	57
38.599999999998545	44
38.69999999999709	34
38.69999999999709	32
38.80000000000291	4
38.900000000001455	59
39.0	24
39.099999999998545	63
39.099999999998545	13
39.099999999998545	63
39.19999999999709	42
39.19999999999709	42
39.30000000000291	46
39.30000000000291	28
39.400000000001455	41
39.400000000001455	41
39.400000000001455	58
39.400000000001455	3
39.900000000001455	22
39.80000000000291	18
39.900000000001455	1
39.900000000001455	1
39.900000000001455	39
39.900000000001455	38
39.900000000001455	33
39.900000000001455	33
40.0	26
40.099999999998545	51
40.099999999998545	11
40.19999999999709	52
40.19999999999709	40
40.599999999998545	56
40.599999999998545	7
40.69999999999709	2
41.30000000000291	60
41.400000000001455	64
41.400000000001455	35
41.80000000000291	6
41.900000000001455	29
42.80000000000291	25
42.900000000001455	21
43.099999999998545	8
43.099999999998545	53
43.099999999998545	53
43.30000000000291	27
43.30000000000291	14
43.400000000001455	12
43.400000000001455	9
44.400000000001455	19
43.599999999998545	20
43.599999999998545	57
43.69999999999709	34
43.69999999999709	54
43.80000000000291	44
43.80000000000291	50
43.80000000000291	15
43.900000000001455	32
44.0	63
44.099999999998545	4
44.099999999998545	46
44.099999999998545	24
44.19999999999709	42
44.30000000000291	28
44.30000000000291	59
44.30000000000291	58
45.0	41
44.599999999998545	22
44.599999999998545	13
44.599999999998545	3
44.69999999999709	1
44.69999999999709	33
44.80000000000291	39
44.80000000000291	38
44.900000000001455	18
44.900000000001455	51
44.900000000001455	11
45.099999999998545	40
45.099999999998545	26
45.099999999998545	52
45.099999999998545	56
45.30000000000291	2
45.400000000001455	7
45.400000000001455	6
45.80000000000291	35
45.900000000001455	60
46.099999999998545	64
46.099999999998545	45
46.099999999998545	45
47.0	29
47.599999999998545	21
47.599999999998545	25
48.19999999999709	8
49.19999999999709	53
48.599999999998545	19
48.599999999998545	27
48.69999999999709	14
48.69999999999709	20
48.80000000000291	34
48.80000000000291	12
48.80000000000291	63
48.80000000000291	9
48.900000000001455	57
49.0	54
49.0	46
49.0	24
49.0	44
49.099999999998545	58
49.19999999999709	28
49.19999999999709	50
49.30000000000291	42
49.30000000000291	32
49.30000000000291	15
49.30000000000291	4
49.80000000000291	41
49.80000000000291	1
50.0	59
50.099999999998545	33
50.099999999998545	3
49.69999999999709	22
49.80000000000291	51
49.900000000001455	38
49.900000000001455	52
49.900000000001455	26
49.900000000001455	11
49.900000000001455	40
49.900000000001455	18
50.0	6
50.0	13
50.19999999999709	56
50.19999999999709	2
50.19999999999709	39
50.30000000000291	7
50.400000000001455	35
50.599999999998545	60
50.900000000001455	64
50.900000000001455	45
52.19999999999709	29
52.69999999999709	21
53.0	25
53.400000000001455	8
53.900000000001455	46
53.900000000001455	19
54.0	34
54.0	27
54.0	20
54.0	63
54.099999999998545	12
54.099999999998545	54
54.099999999998545	9
54.099999999998545	58
54.099999999998545	57
54.099999999998545	24
54.19999999999709	14
54.19999999999709	53
54.19999999999709	28
54.30000000000291	44
54.30000000000291	1
54.400000000001455	33
54.400000000001455	4
54.599999999998545	41
54.599999999998545	50
54.69999999999709	42
54.900000000001455	32
55.099999999998545	3
54.69999999999709	52
54.69999999999709	40
54.69999999999709	51
54.69999999999709	59
55.69999999999709	15
55.69999999999709	60
55.69999999999709	55
55.69999999999709	55
55.900000000001455	56
56.099999999998545	6
56.099999999998545	13
56.099999999998545	39
56.19999999999709	2
56.19999999999709	18
56.19999999999709	38
56.30000000000291	11
55.599999999998545	7
55.599999999998545	26
55.599999999998545	45
55.69999999999709	64
55.69999999999709	35
56.099999999998545	22
57.400000000001455	29
57.400000000001455	21
58.30000000000291	25
58.900000000001455	63
58.80000000000291	8
58.80000000000291	19
59.0	58
59.099999999998545	53
59.099999999998545	46
59.099999999998545	1
59.099999999998545	34
59.30000000000291	20
59.30000000000291	27
59.30000000000291	57
59.30000000000291	54
59.30000000000291	24
59.400000000001455	12
59.400000000001455	9
59.69999999999709	28
60.30000000000291	40
60.400000000001455	26
59.599999999998545	2
59.599999999998545	52
59.599999999998545	41
59.599999999998545	4
59.599999999998545	33
59.599999999998545	44
59.599999999998545	32
59.599999999998545	6
59.69999999999709	51
59.69999999999709	56
59.69999999999709	42
59.69999999999709	38
59.69999999999709	50
59.69999999999709	3
59.80000000000291	18
59.80000000000291	14
59.80000000000291	35
59.900000000001455	11
59.900000000001455	59
59.900000000001455	22
59.900000000001455	55
59.900000000001455	13
60.0	39
60.0	7
60.19999999999709	45
60.19999999999709	36
60.19999999999709	36
60.30000000000291	60
60.30000000000291	15
60.400000000001455	23
60.400000000001455	23
60.400000000001455	64
62.099999999998545	37
62.099999999998545	37
62.69999999999709	43
62.69999999999709	43
62.80000000000291	29
62.80000000000291	21
63.69999999999709	63
63.80000000000291	25
64.0	19
64.19999999999709	8
64.19999999999709	1
64.19999999999709	58
64.40000000000146	46
65.30000000000291	52
64.59999999999854	57
65.09999999999854	34
65.09999999999854	27
65.30000000000291	56
65.30000000000291	40
64.59999999999854	24
64.59999999999854	51
64.59999999999854	28
64.59999999999854	26
64.59999999999854	6
64.59999999999854	54
64.59999999999854	2
64.69999999999709	20
64.69999999999709	38
64.69999999999709	32
64.69999999999709	33
64.69999999999709	11
64.69999999999709	12
64.69999999999709	3
64.69999999999709	9
64.69999999999709	53
64.80000000000291	41
64.80000000000291	18
64.80000000000291	50
64.80000000000291	45
64.80000000000291	4
64.80000000000291	44
64.80000000000291	35
64.80000000000291	17
64.80000000000291	17
64.90000000000146	39
64.90000000000146	36
64.90000000000146	42
64.90000000000146	22
64.90000000000146	55
64.90000000000146	7
64.90000000000146	31
64.90000000000146	31
64.90000000000146	13
65.0	14
65.0	64
65.09999999999854	60
65.09999999999854	59
65.09999999999854	23
65.19999999999709	15
67.0	37
67.30000000000291	21
67.80000000000291	43
68.09999999999854	29
69.0	63
69.19999999999709	25
69.30000000000291	19
69.30000000000291	1
69.40000000000146	52
69.40000000000146	58
69.40000000000146	8
69.80000000000291	35
70.30000000000291	57
70.30000000000291	46
70.30000000000291	34
69.59999999999854	11
69.59999999999854	51
70.40000000000146	33
70.40000000000146	40
70.40000000000146	31
70.59999999999854	9
70.69999999999709	36
70.80000000000291	24
71.19999999999709	38
71.30000000000291	64
70.59999999999854	28
70.59999999999854	26
70.59999999999854	54
70.59999999999854	32
70.59999999999854	13
70.59999999999854	3
70.59999999999854	15
70.59999999999854	56
70.69999999999709	2
70.69999999999709	53
70.80000000000291	4
70.80000000000291	18
70.80000000000291	12
70.80000000000291	17
70.80000000000291	6
70.80000000000291	23
70.80000000000291	59
70.90000000000146	60
70.90000000000146	22
70.90000000000146	50
70.90000000000146	39
70.90000000000146	55
71.19999999999709	41
71.19999999999709	14
71.19999999999709	20
71.40000000000146	45
71.40000000000146	27
70.59999999999854	7
70.59999999999854	44
70.59999999999854	42
71.0	62
71.0	62
71.90000000000146	37
72.19999999999709	21
73.19999999999709	43
73.69999999999709	29
74.30000000000291	30
74.30000000000291	30
74.40000000000146	64
75.19999999999709	63
74.59999999999854	35
74.59999999999854	57
74.59999999999854	18
74.59999999999854	52
74.59999999999854	19
74.69999999999709	8
74.69999999999709	55
74.69999999999709	45
74.69999999999709	23
74.69999999999709	12
74.80000000000291	54
74.80000000000291	60
74.80000000000291	11
74.80000000000291	58
74.80000000000291	34
74.80000000000291	46
74.80000000000291	27
74.90000000000146	38
74.90000000000146	32
74.90000000000146	51
74.90000000000146	53
74.90000000000146	24
74.90000000000146	42
74.90000000000146	44
74.90000000000146	6
74.90000000000146	7
74.90000000000146	40
74.90000000000146	39
74.90000000000146	2
74.90000000000146	33
74.90000000000146	3
74.90000000000146	4
74.90000000000146	36
74.90000000000146	14
74.90000000000146	41
74.90000000000146	56
75.0	22
75.0	15
75.0	28
75.0	31
75.0	59
75.0	20
75.0	25
75.09999999999854	17
75.09999999999854	1
75.09999999999854	50
75.19999999999709	13
75.19999999999709	26
75.30000000000291	9
75.59999999999854	47
75.59999999999854	47
75.80000000000291	62
76.59999999999854	5
76.59999999999854	5
76.80000000000291	37
77.19999999999709	21
78.80000000000291	43
79.19999999999709	29
79.30000000000291	52
79.30000000000291	64
80.40000000000146	30
79.59999999999854	18
79.69999999999709	14
79.69999999999709	60
79.69999999999709	57
79.80000000000291	42
79.80000000000291	38
79.80000000000291	4
79.80000000000291	20
79.80000000000291	11
79.90000000000146	22
79.90000000000146	39
79.90000000000146	63
80.0	27
80.0	40
80.0	8
80.0	17
80.0	55
80.0	45
80.0	44
80.0	34
80.0	6
80.0	7
80.0	54
80.0	2
80.0	13
80.0	32
80.0	33
80.0	24
80.0	51
80.0	19
80.0	35
80.0	50
80.0	3
80.0	46
80.0	28
80.0	59
80.09999999999854	9
80.09999999999854	31
80.09999999999854	15
80.09999999999854	26
80.09999999999854	1
80.09999999999854	36
80.19999999999709	58
80.19999999999709	25
80.19999999999709	56
80.19999999999709	41
80.30000000000291	23
80.30000000000291	53
80.40000000000146	12
80.40000000000146	62
80.59999999999854	47
80.80000000000291	61
80.80000000000291	61
81.30000000000291	5
81.69999999999709	37
82.09999999999854	21
84.30000000000291	52
84.30000000000291	43
84.90000000000146	64
84.69999999999709	54
84.80000000000291	14
84.80000000000291	29
84.80000000000291	16
84.80000000000291	30
84.80000000000291	16
86.0	26
86.0	57
86.0	51
86.0	42
86.0	56
86.0	36
86.0	38
86.0	63
86.0	6
86.0	25
86.0	5
86.0	44
86.0	1
86.0	40
86.0	34
86.0	58
86.0	24
86.0	59
86.0	53
86.0	9
86.0	18
86.0	35
86.0	47
86.0	55
86.0	45
86.0	23
86.0	50
86.09999999999854	12
86.09999999999854	4
86.09999999999854	7
86.09999999999854	2
86.09999999999854	46
86.09999999999854	13
86.09999999999854	61
86.09999999999854	32
86.09999999999854	28
86.09999999999854	10
86.09999999999854	10
86.09999999999854	22
86.09999999999854	17
86.09999999999854	31
86.09999999999854	41
86.09999999999854	20
86.09999999999854	33
86.09999999999854	60
86.09999999999854	62
86.19999999999709	39
86.19999999999709	8
86.19999999999709	3
86.19999999999709	15
86.30000000000291	19
86.30000000000291	27
86.30000000000291	37
86.30000000000291	11
86.40000000000146	49
86.40000000000146	49
87.0	21
87.90000000000146	48
87.90000000000146	48
89.40000000000146	52
89.90000000000146	64
89.90000000000146	54
90.0	38
90.0	8
90.0	62
90.0	39
90.0	28
90.09999999999854	16
90.09999999999854	14
90.09999999999854	42
90.09999999999854	15
90.19999999999709	22
90.19999999999709	6
90.19999999999709	56
90.19999999999709	9
90.19999999999709	24
90.19999999999709	50
90.19999999999709	59
90.19999999999709	34
90.19999999999709	51
90.19999999999709	29
90.19999999999709	33
90.19999999999709	46
90.19999999999709	57
90.19999999999709	30
90.19999999999709	2
90.19999999999709	60
90.30000000000291	27
90.30000000000291	1
90.30000000000291	32
90.30000000000291	13
90.30000000000291	7
90.30000000000291	11
90.30000000000291	26
90.30000000000291	18
90.40000000000146	3
90.40000000000146	44
91.09999999999854	40
91.19999999999709	47
90.59999999999854	41
90.59999999999854	25
91.0	19
91.19999999999709	20
91.19999999999709	12
91.30000000000291	5
91.30000000000291	61
91.30000000000291	4
91.30000000000291	53
90.59999999999854	31
90.59999999999854	17
90.59999999999854	55
90.59999999999854	35
90.59999999999854	58
90.69999999999709	63
90.69999999999709	23
90.69999999999709	45
90.80000000000291	36
90.80000000000291	43
90.80000000000291	10
91.0	49
91.0	37
91.80000000000291	21
92.59999999999854	48
94.59999999999854	52
95.09999999999854	62
95.19999999999709	5
95.19999999999709	6
95.19999999999709	38
95.19999999999709	14
95.19999999999709	2
95.30000000000291	8
95.30000000000291	28
95.30000000000291	47
95.30000000000291	64
95.30000000000291	46
95.30000000000291	54
95.30000000000291	56
95.30000000000291	42
95.30000000000291	39
95.30000000000291	15
95.30000000000291	22
95.30000000000291	9
95.30000000000291	1
95.40000000000146	61
95.40000000000146	51
95.40000000000146	59
95.40000000000146	34
95.40000000000146	27
95.40000000000146	33
95.40000000000146	30
95.40000000000146	50
95.40000000000146	44
95.40000000000146	17
95.40000000000146	31
95.90000000000146	12
95.90000000000146	20
95.90000000000146	7
95.90000000000146	4
96.0	3
96.09999999999854	40
96.09999999999854	26
96.09999999999854	10
96.09999999999854	18
96.09999999999854	11
96.19999999999709	16
96.30000000000291	25
96.30000000000291	24
96.40000000000146	43
96.40000000000146	55
95.59999999999854	29
95.59999999999854	41
95.59999999999854	23
95.69999999999709	35
95.69999999999709	32
95.69999999999709	13
95.69999999999709	49
95.69999999999709	60
95.69999999999709	57
95.69999999999709	19
95.69999999999709	58
95.80000000000291	63
95.80000000000291	53
95.80000000000291	45
95.80000000000291	37
95.90000000000146	36
96.80000000000291	21
98.30000000000291	48
100.19999999999709	10
100.19999999999709	5
100.19999999999709	8
100.40000000000146	22
100.69999999999709	47
101.09999999999854	2
100.59999999999854	46
100.69999999999709	52
100.69999999999709	61
100.69999999999709	56
100.69999999999709	59
100.69999999999709	44
100.80000000000291	39
100.90000000000146	40
101.0	38
101.09999999999854	49
101.09999999999854	9
100.69999999999709	42
100.69999999999709	26
100.69999999999709	34
100.69999999999709	15
100.69999999999709	11
100.69999999999709	51
100.69999999999709	35
100.80000000000291	24
100.80000000000291	60
100.80000000000291	54
100.80000000000291	17
100.80000000000291	45
100.80000000000291	37
100.80000000000291	28
100.80000000000291	4
100.80000000000291	41
100.80000000000291	16
100.80000000000291	57
100.80000000000291	64
100.80000000000291	13
100.80000000000291	32
100.80000000000291	6
100.80000000000291	63
100.80000000000291	14
100.80000000000291	27
100.80000000000291	29
100.80000000000291	55
102.30000000000291	21
101.59999999999854	3
101.59999999999854	25
101.59999999999854	12
101.59999999999854	53
101.59999999999854	33
101.59999999999854	58
102.30000000000291	48
102.30000000000291	18
102.30000000000291	31
102.30000000000291	19
102.30000000000291	23
102.40000000000146	62
102.40000000000146	36
102.40000000000146	30
102.40000000000146	43
102.40000000000146	1
102.40000000000146	20
102.80000000000291	7
103.0	50
105.30000000000291	49
105.30000000000291	10
105.40000000000146	59
105.40000000000146	52
105.80000000000291	47
106.09999999999854	5
106.40000000000146	44
105.59999999999854	11
105.59999999999854	61
105.59999999999854	35
105.59999999999854	40
105.69999999999709	58
105.69999999999709	3
105.69999999999709	25
105.69999999999709	26
105.69999999999709	41
105.69999999999709	22
105.69999999999709	53
105.69999999999709	8
105.69999999999709	6
105.80000000000291	45
105.80000000000291	50
105.80000000000291	51
105.80000000000291	19
105.80000000000291	2
105.80000000000291	30
105.80000000000291	15
105.80000000000291	1
105.80000000000291	46
105.80000000000291	31
105.80000000000291	55
105.80000000000291	29
105.80000000000291	56
105.80000000000291	9
105.80000000000291	33
105.80000000000291	42
105.80000000000291	13
105.80000000000291	23
105.80000000000291	62
105.80000000000291	20
105.80000000000291	36
105.90000000000146	32
105.90000000000146	38
105.90000000000146	28
105.90000000000146	12
106.0	24
106.0	21
106.0	14
106.0	54
106.0	39
106.0	37
106.0	60
106.19999999999709	16
106.19999999999709	18
106.19999999999709	43
106.19999999999709	64
106.30000000000291	27
106.30000000000291	63
106.30000000000291	7
106.30000000000291	57
106.30000000000291	34
106.30000000000291	4
106.30000000000291	17
106.90000000000146	48
110.59999999999854	21
110.59999999999854	49
110.59999999999854	11
110.69999999999709	10
110.69999999999709	44
110.69999999999709	53
110.69999999999709	19
110.80000000000291	31
110.80000000000291	37
110.80000000000291	23
110.80000000000291	63
110.80000000000291	58
110.80000000000291	52
110.80000000000291	47
110.90000000000146	29
110.90000000000146	25
110.90000000000146	1
110.90000000000146	51
110.90000000000146	35
110.90000000000146	20
110.90000000000146	22
110.90000000000146	18
110.90000000000146	60
110.90000000000146	45
110.90000000000146	40
110.90000000000146	55
110.90000000000146	26
110.90000000000146	59
110.90000000000146	5
110.90000000000146	30
110.90000000000146	3
111.0	7
111.0	15
111.0	9
111.0	36
111.0	43
111.0	28
111.0	46
111.0	56
111.0	50
111.0	17
111.0	34
111.0	4
111.09999999999854	32
111.09999999999854	61
111.09999999999854	39
111.09999999999854	14
111.09999999999854	2
111.19999999999709	33
111.19999999999709	27
111.19999999999709	62
111.19999999999709	6
111.19999999999709	13
111.19999999999709	57
111.19999999999709	12
111.19999999999709	64
111.30000000000291	42
111.30000000000291	8
111.40000000000146	54
111.40000000000146	16
112.09999999999854	41
111.90000000000146	38
111.90000000000146	24
111.59999999999854	48
115.59999999999854	21
115.80000000000291	49
115.80000000000291	11
115.80000000000291	19
115.80000000000291	63
115.90000000000146	53
115.90000000000146	44
115.90000000000146	13
116.0	18
116.0	32
116.0	25
116.0	17
116.0	15
116.0	55
116.0	51
116.0	26
116.0	43
116.0	23
116.0	35
116.0	58
116.09999999999854	46
116.09999999999854	7
116.09999999999854	45
116.09999999999854	52
116.09999999999854	28
116.09999999999854	60
116.19999999999709	34
116.19999999999709	29
116.19999999999709	37
116.19999999999709	33
116.19999999999709	47
116.19999999999709	20
116.19999999999709	12
116.19999999999709	3
116.19999999999709	30
116.19999999999709	27
116.19999999999709	22
116.19999999999709	10
116.19999999999709	59
116.19999999999709	5
116.19999999999709	38
116.19999999999709	36
116.19999999999709	9
116.19999999999709	42
116.19999999999709	62
116.19999999999709	57
116.30000000000291	39
116.30000000000291	50
116.30000000000291	40
116.30000000000291	61
116.30000000000291	48
116.30000000000291	56
116.30000000000291	4
116.30000000000291	41
116.30000000000291	64
116.40000000000146	16
116.40000000000146	6
116.40000000000146	31
116.40000000000146	2
117.19999999999709	8
116.59999999999854	14
116.59999999999854	1
116.69999999999709	54
116.69999999999709	24
120.80000000000291	48
120.80000000000291	21
121.0	63
121.0	11
121.0	23
121.0	43
121.09999999999854	17
121.09999999999854	37
121.09999999999854	46
121.09999999999854	44
121.19999999999709	22
121.19999999999709	49
121.19999999999709	28
121.30000000000291	60
121.30000000000291	1
121.30000000000291	42
121.30000000000291	40
121.30000000000291	58
121.30000000000291	51
121.30000000000291	26
121.30000000000291	32
121.30000000000291	64
121.30000000000291	38
121.30000000000291	45
121.30000000000291	7
121.30000000000291	2
121.30000000000291	41
121.30000000000291	36
121.30000000000291	24
121.30000000000291	4
121.30000000000291	30
121.30000000000291	57
121.30000000000291	27
121.30000000000291	20
121.30000000000291	62
121.30000000000291	29
121.30000000000291	35
121.40000000000146	12
121.40000000000146	9
121.40000000000146	18
121.40000000000146	16
122.30000000000291	34
122.30000000000291	33
122.40000000000146	52
122.40000000000146	25
122.40000000000146	5
121.59999999999854	47
121.59999999999854	55
121.59999999999854	19
121.59999999999854	53
121.59999999999854	39
121.59999999999854	13
121.59999999999854	61
121.59999999999854	50
121.59999999999854	59
121.59999999999854	8
121.59999999999854	3
121.69999999999709	6
121.69999999999709	14
121.69999999999709	10
121.80000000000291	31
121.80000000000291	54
121.90000000000146	56
121.90000000000146	15
125.80000000000291	48
126.09999999999854	21
126.19999999999709	63
126.19999999999709	28
126.30000000000291	64
126.30000000000291	62
126.30000000000291	24
126.30000000000291	8
126.30000000000291	22
126.30000000000291	38
126.30000000000291	14
126.30000000000291	16
126.30000000000291	34
126.30000000000291	3
126.30000000000291	42
126.30000000000291	6
126.30000000000291	54
126.40000000000146	11
126.40000000000146	2
126.40000000000146	9
126.40000000000146	51
126.40000000000146	57
126.40000000000146	59
126.59999999999854	56
127.09999999999854	12
127.09999999999854	1
126.59999999999854	33
126.59999999999854	26
126.59999999999854	32
126.59999999999854	46
126.69999999999709	30
126.69999999999709	61
126.69999999999709	35
126.80000000000291	7
126.80000000000291	15
126.80000000000291	25
126.80000000000291	44
126.80000000000291	5
126.80000000000291	27
126.90000000000146	41
126.90000000000146	20
127.09999999999854	19
127.19999999999709	39
127.19999999999709	49
127.30000000000291	47
127.40000000000146	4
126.59999999999854	29
126.59999999999854	50
126.59999999999854	60
126.59999999999854	13
126.59999999999854	40
126.59999999999854	18
126.59999999999854	58
126.59999999999854	53
126.59999999999854	23
126.59999999999854	37
126.59999999999854	45
126.59999999999854	17
126.59999999999854	10
126.69999999999709	55
126.69999999999709	31
126.69999999999709	43
126.80000000000291	52
126.80000000000291	36
130.90000000000146	48
131.3000000000029	54
131.40000000000146	2
131.40000000000146	35
131.40000000000146	16
131.40000000000146	8
131.40000000000146	6
131.40000000000146	57
131.40000000000146	62
131.40000000000146	28
131.40000000000146	63
131.40000000000146	24
131.40000000000146	64
131.8000000000029	61
131.8000000000029	38
131.8000000000029	13
132.0	50
132.0	9
132.09999999999854	47
132.1999999999971	22
132.1999999999971	46
132.3000000000029	39
132.3000000000029	60
132.40000000000146	59
132.40000000000146	1
131.59999999999854	33
131.59999999999854	27
131.59999999999854	42
131.59999999999854	25
131.59999999999854	34
131.59999999999854	12
131.6999999999971	32
131.6999999999971	18
131.6999999999971	41
131.6999999999971	4
131.6999999999971	20
131.6999999999971	58
131.6999999999971	44
131.6999999999971	19
131.6999999999971	49
131.6999999999971	30
131.6999999999971	7
131.6999999999971	37
131.6999999999971	31
131.6999999999971	51
131.6999999999971	55
131.6999999999971	23
131.6999999999971	15
131.6999999999971	56
131.6999999999971	53
131.6999999999971	40
131.8000000000029	5
131.8000000000029	29
131.8000000000029	3
131.8000000000029	10
131.8000000000029	17
131.8000000000029	36
131.8000000000029	45
131.90000000000146	21
131.90000000000146	43
131.90000000000146	11
131.90000000000146	14
132.0	26
132.0	52
136.40000000000146	6
136.40000000000146	48
136.59999999999854	47
136.90000000000146	57
137.0	2
137.0	54
136.59999999999854	24
136.6999999999971	35
136.6999999999971	56
136.6999999999971	50
136.6999999999971	14
136.6999999999971	39
136.6999999999971	16
136.6999999999971	62
136.6999999999971	61
136.6999999999971	49
136.6999999999971	55
136.6999999999971	10
136.6999999999971	64
136.6999999999971	28
136.6999999999971	19
136.6999999999971	42
136.6999999999971	5
136.6999999999971	8
136.6999999999971	63
136.6999999999971	30
136.8000000000029	31
136.8000000000029	17
136.8000000000029	45
136.8000000000029	1
136.8000000000029	29
136.8000000000029	7
136.8000000000029	43
136.8000000000029	27
136.8000000000029	36
136.8000000000029	58
136.8000000000029	53
136.8000000000029	18
136.8000000000029	12
136.8000000000029	22
136.8000000000029	59
136.8000000000029	25
136.8000000000029	46
136.8000000000029	9
136.8000000000029	33
136.8000000000029	13
136.8000000000029	23
136.90000000000146	40
136.90000000000146	3
136.90000000000146	26
136.90000000000146	60
136.90000000000146	20
136.90000000000146	37
136.90000000000146	34
136.90000000000146	32
136.90000000000146	11
136.90000000000146	21
136.90000000000146	51
136.90000000000146	41
137.0	38
137.0	4
137.0	15
137.0	44
137.1999999999971	52
141.6999999999971	47
141.8000000000029	19
141.8000000000029	57
141.8000000000029	56
141.8000000000029	45
141.8000000000029	55
141.8000000000029	48
141.8000000000029	39
141.8000000000029	53
141.8000000000029	61
141.8000000000029	14
141.8000000000029	24
141.8000000000029	16
141.90000000000146	5
141.90000000000146	38
141.90000000000146	31
141.90000000000146	17
141.90000000000146	54
141.90000000000146	10
141.90000000000146	32
141.90000000000146	36
141.90000000000146	63
141.90000000000146	28
141.90000000000146	1
141.90000000000146	49
142.0	33
142.0	46
142.0	50
142.0	9
142.0	62
142.09999999999854	15
142.09999999999854	3
142.09999999999854	64
142.09999999999854	22
142.09999999999854	21
142.09999999999854	60
142.09999999999854	37
142.09999999999854	2
142.09999999999854	11
142.09999999999854	29
142.09999999999854	6
142.09999999999854	42
142.09999999999854	40
142.09999999999854	58
142.09999999999854	34
142.09999999999854	59
142.1999999999971	51
142.1999999999971	26
142.1999999999971	44
142.1999999999971	20
142.1999999999971	7
142.1999999999971	4
142.1999999999971	41
142.1999999999971	27
142.1999999999971	35
142.1999999999971	23
142.3000000000029	8
142.3000000000029	43
142.3000000000029	30
142.3000000000029	13
142.3000000000029	52
142.3000000000029	12
142.40000000000146	25
143.1999999999971	18
146.90000000000146	56
147.0	57
147.0	10
147.0	19
147.0	30
147.0	53
147.0	6
147.0	47
147.0	42
147.0	49
147.0	29
147.0	38
147.09999999999854	32
147.09999999999854	24
147.09999999999854	46
147.09999999999854	14
147.09999999999854	61
147.09999999999854	5
147.09999999999854	62
147.09999999999854	16
147.09999999999854	15
147.09999999999854	39
147.09999999999854	25
147.09999999999854	22
147.09999999999854	33
147.09999999999854	2
147.09999999999854	11
147.09999999999854	27
147.1999999999971	50
147.1999999999971	18
147.1999999999971	9
147.1999999999971	21
147.1999999999971	12
147.1999999999971	7
147.1999999999971	1
147.1999999999971	8
147.1999999999971	54
147.1999999999971	63
147.1999999999971	64
147.1999999999971	3
147.1999999999971	60
147.1999999999971	41
147.1999999999971	4
147.1999999999971	48
147.1999999999971	13
147.1999999999971	26
147.1999999999971	58
147.1999999999971	28
147.1999999999971	51
147.1999999999971	52
147.1999999999971	40
147.1999999999971	34
147.1999999999971	59
147.3000000000029	44
147.3000000000029	35
147.3000000000029	20
147.3000000000029	55
147.3000000000029	23
147.3000000000029	45
147.3000000000029	17
147.3000000000029	37
147.40000000000146	31
147.40000000000146	43
147.40000000000146	36
152.09999999999854	56
152.09999999999854	21
152.1999999999971	11
152.1999999999971	29
152.1999999999971	30
152.3000000000029	5
152.3000000000029	10
152.3000000000029	53
152.3000000000029	18
152.3000000000029	38
152.3000000000029	62
152.3000000000029	42
152.3000000000029	16
152.3000000000029	49
152.3000000000029	25
152.3000000000029	32
152.3000000000029	57
152.3000000000029	47
152.3000000000029	14
152.3000000000029	27
152.3000000000029	2
152.3000000000029	60
152.3000000000029	41
152.3000000000029	64
152.3000000000029	24
152.3000000000029	61
152.3000000000029	46
152.3000000000029	9
152.3000000000029	19
152.40000000000146	1
152.40000000000146	50
152.40000000000146	33
152.40000000000146	54
152.8000000000029	12
153.1999999999971	35
153.3000000000029	44
152.59999999999854	7
152.59999999999854	40
152.59999999999854	58
152.59999999999854	34
152.59999999999854	51
152.6999999999971	26
152.6999999999971	59
152.6999999999971	52
152.6999999999971	63
152.8000000000029	48
152.90000000000146	20
153.1999999999971	4
153.1999999999971	28
152.59999999999854	13
152.59999999999854	6
152.59999999999854	3
152.59999999999854	15
152.59999999999854	22
152.59999999999854	8
152.59999999999854	37
152.59999999999854	55
152.59999999999854	31
152.59999999999854	43
152.59999999999854	23
152.6999999999971	39
152.6999999999971	17
152.8000000000029	36
152.8000000000029	45
157.1999999999971	11
157.40000000000146	56
157.40000000000146	37
157.40000000000146	9
157.40000000000146	51
157.40000000000146	34
157.40000000000146	52
157.40000000000146	58
157.40000000000146	44
157.40000000000146	23
157.40000000000146	62
157.40000000000146	27
157.6999999999971	64
158.1999999999971	42
157.59999999999854	25
157.59999999999854	45
158.1999999999971	30
158.1999999999971	10
158.1999999999971	53
158.3000000000029	57
158.3000000000029	38
158.3000000000029	5
158.3000000000029	43
158.3000000000029	50
158.3000000000029	16
158.40000000000146	14
158.40000000000146	21
158.40000000000146	55
158.40000000000146	2
157.59999999999854	22
157.59999999999854	29
157.59999999999854	15
157.59999999999854	32
157.59999999999854	24
157.59999999999854	48
157.59999999999854	46
157.59999999999854	18
157.59999999999854	28
157.59999999999854	33
157.59999999999854	31
157.59999999999854	17
157.59999999999854	60
157.59999999999854	35
157.59999999999854	54
157.59999999999854	36
157.59999999999854	1
157.59999999999854	40
157.59999999999854	19
157.59999999999854	12
157.59999999999854	20
157.6999999999971	4
157.6999999999971	63
157.6999999999971	26
157.6999999999971	61
157.6999999999971	7
157.6999999999971	49
157.6999999999971	47
157.6999999999971	8
157.8000000000029	39
157.8000000000029	41
157.8000000000029	13
157.8000000000029	6
157.90000000000146	3
157.90000000000146	59
163.09999999999854	48
163.1999999999971	52
162.59999999999854	16
162.59999999999854	63
162.59999999999854	9
162.59999999999854	30
162.59999999999854	49
162.59999999999854	51
162.59999999999854	21
162.59999999999854	54
162.59999999999854	32
162.6999999999971	64
162.6999999999971	62
162.90000000000146	46
162.90000000000146	33
162.90000000000146	24
162.90000000000146	29
162.90000000000146	6
162.90000000000146	47
162.90000000000146	28
162.90000000000146	22
162.90000000000146	39
162.90000000000146	50
162.90000000000146	2
162.90000000000146	27
162.90000000000146	11
163.0	1
163.0	45
163.0	37
163.0	55
163.0	23
163.0	20
163.0	36
163.0	38
163.0	61
163.0	19
163.0	56
163.0	59
163.0	53
163.0	58
163.0	10
163.0	42
163.0	34
163.0	3
163.09999999999854	35
163.09999999999854	40
163.09999999999854	7
163.09999999999854	31
163.09999999999854	13
163.09999999999854	4
163.09999999999854	12
163.09999999999854	5
163.6999999999971	15
163.6999999999971	26
163.8000000000029	17
163.8000000000029	41
165.1999999999971	60
164.59999999999854	43
164.59999999999854	25
164.59999999999854	18
164.59999999999854	57
164.59999999999854	44
164.6999999999971	8
164.8000000000029	14
167.59999999999854	52
167.59999999999854	48
167.8000000000029	49
167.8000000000029	24
167.8000000000029	54
167.8000000000029	35
167.8000000000029	59
167.8000000000029	21
167.8000000000029	44
167.8000000000029	30
167.8000000000029	16
167.90000000000146	47
167.90000000000146	14
167.90000000000146	32
167.90000000000146	62
167.90000000000146	28
167.90000000000146	61
167.90000000000146	6
167.90000000000146	23
167.90000000000146	41
167.90000000000146	13
167.90000000000146	46
167.90000000000146	19
167.90000000000146	39
167.90000000000146	64
167.90000000000146	2
167.90000000000146	18
167.90000000000146	33
167.90000000000146	53
168.0	15
168.09999999999854	56
168.09999999999854	5
168.09999999999854	40
168.09999999999854	11
168.09999999999854	45
168.09999999999854	60
168.09999999999854	9
168.09999999999854	42
168.09999999999854	25
168.09999999999854	57
168.09999999999854	58
168.09999999999854	1
168.09999999999854	55
168.09999999999854	10
168.09999999999854	7
168.09999999999854	37
168.09999999999854	12
168.09999999999854	22
168.09999999999854	51
168.1999999999971	26
168.1999999999971	38
168.1999999999971	63
168.1999999999971	4
168.1999999999971	8
168.1999999999971	31
168.1999999999971	3
168.1999999999971	20
168.1999999999971	43
168.1999999999971	17
168.3000000000029	36
168.3000000000029	34
168.3000000000029	27
168.3000000000029	50
168.3000000000029	29
172.90000000000146	63
172.90000000000146	39
172.90000000000146	48
173.0	46
173.0	24
173.0	6
173.0	61
173.0	53
173.0	10
173.0	54
173.0	52
173.0	44
173.09999999999854	49
173.09999999999854	41
173.09999999999854	2
173.09999999999854	60
173.09999999999854	62
173.09999999999854	14
173.09999999999854	64
173.09999999999854	30
173.09999999999854	32
173.09999999999854	26
173.09999999999854	59
173.09999999999854	18
173.09999999999854	47
173.09999999999854	50
173.09999999999854	42
173.09999999999854	35
173.09999999999854	12
173.09999999999854	38
173.09999999999854	29
173.1999999999971	33
173.1999999999971	28
173.1999999999971	1
173.1999999999971	8
173.1999999999971	13
173.1999999999971	27
173.1999999999971	21
173.1999999999971	22
173.1999999999971	20
173.1999999999971	57
173.1999999999971	3
173.1999999999971	25
173.3000000000029	40
173.3000000000029	45
173.3000000000029	55
173.3000000000029	17
173.3000000000029	37
173.3000000000029	19
173.3000000000029	4
173.3000000000029	56
173.3000000000029	9
173.3000000000029	5
173.3000000000029	58
173.3000000000029	34
173.3000000000029	15
173.3000000000029	7
173.3000000000029	16
173.3000000000029	31
173.3000000000029	43
173.40000000000146	36
173.40000000000146	11
173.59999999999854	23
173.59999999999854	51
179.40000000000146	64
179.40000000000146	48
179.40000000000146	21
179.40000000000146	15
179.40000000000146	61
179.40000000000146	19
179.40000000000146	29
178.59999999999854	16
178.59999999999854	47
178.59999999999854	10
178.59999999999854	8
178.59999999999854	9
178.59999999999854	22
178.59999999999854	25
178.59999999999854	53
178.59999999999854	11
178.59999999999854	2
178.59999999999854	50
178.59999999999854	60
178.59999999999854	23
178.59999999999854	5
178.59999999999854	56
178.59999999999854	30
178.59999999999854	62
178.59999999999854	20
178.59999999999854	1
178.59999999999854	44
178.59999999999854	12
178.59999999999854	49
178.59999999999854	38
178.59999999999854	33
178.59999999999854	28
178.6999999999971	13
178.6999999999971	35
178.6999999999971	18
178.6999999999971	43
178.6999999999971	17
178.6999999999971	51
178.6999999999971	7
178.6999999999971	41
178.6999999999971	26
178.6999999999971	34
178.6999999999971	40
178.6999999999971	58
178.6999999999971	39
178.6999999999971	52
178.6999999999971	14
178.6999999999971	42
178.6999999999971	63
178.6999999999971	57
178.6999999999971	45
178.6999999999971	55
178.6999999999971	37
178.8000000000029	32
178.8000000000029	31
178.8000000000029	6
178.8000000000029	46
178.90000000000146	24
178.90000000000146	36
178.90000000000146	3
179.0	59
179.0	54
179.0	27
179.09999999999854	4
183.40000000000146	24
184.3000000000029	61
184.3000000000029	2
184.3000000000029	19
184.3000000000029	21
184.3000000000029	11
184.3000000000029	5
184.3000000000029	57
184.3000000000029	60
184.3000000000029	10
184.3000000000029	30
184.3000000000029	47
184.3000000000029	49
184.3000000000029	62
184.40000000000146	41
184.40000000000146	4
184.40000000000146	20
184.40000000000146	1
184.40000000000146	40
184.40000000000146	34
184.40000000000146	14
184.40000000000146	6
184.40000000000146	51
184.40000000000146	50
184.40000000000146	58
184.40000000000146	45
184.40000000000146	18
184.40000000000146	37
184.40000000000146	55
184.40000000000146	23
184.40000000000146	48
184.40000000000146	53
184.40000000000146	9
184.40000000000146	3
184.40000000000146	32
184.40000000000146	44
184.40000000000146	16
184.40000000000146	38
184.40000000000146	28
184.40000000000146	46
184.40000000000146	63
184.40000000000146	12
184.40000000000146	13
184.40000000000146	7
184.8000000000029	59
184.8000000000029	31
184.90000000000146	26
184.90000000000146	29
185.0	64
185.0	54
185.0	25
185.0	42
185.0	56
185.0	35
185.0	52
185.40000000000146	36
184.59999999999854	39
184.59999999999854	15
184.59999999999854	33
184.59999999999854	22
184.59999999999854	17
184.59999999999854	27
184.6999999999971	8
185.3000000000029	43
188.6999999999971	58
188.6999999999971	5
188.6999999999971	56
188.6999999999971	38
188.6999999999971	64
188.8000000000029	21
188.8000000000029	53
188.8000000000029	18
188.8000000000029	2
188.8000000000029	42
188.8000000000029	32
188.8000000000029	46
188.8000000000029	16
188.8000000000029	62
188.8000000000029	40
188.8000000000029	11
188.90000000000146	25
188.90000000000146	19
188.90000000000146	57
188.90000000000146	22
188.90000000000146	15
188.90000000000146	39
188.90000000000146	49
188.90000000000146	28
188.90000000000146	51
188.90000000000146	52
188.90000000000146	35
188.90000000000146	4
188.90000000000146	34
188.90000000000146	6
188.90000000000146	14
188.90000000000146	24
188.90000000000146	29
188.90000000000146	61
189.0	30
189.0	47
189.0	3
189.0	8
189.0	33
189.0	9
189.0	48
189.0	26
189.0	43
189.0	12
189.0	59
189.0	37
189.0	17
189.0	55
189.0	54
189.0	63
189.09999999999854	20
189.09999999999854	1
189.09999999999854	41
189.1999999999971	10
189.1999999999971	50
189.3000000000029	13
189.3000000000029	7
189.3000000000029	23
189.3000000000029	45
189.3000000000029	60
189.3000000000029	27
189.3000000000029	31
189.3000000000029	44
189.40000000000146	36
193.90000000000146	16
193.90000000000146	21
193.90000000000146	56
193.90000000000146	5
194.09999999999854	19
194.09999999999854	20
194.09999999999854	1
194.09999999999854	61
194.09999999999854	48
194.09999999999854	32
194.09999999999854	33
194.09999999999854	9
194.09999999999854	11
194.09999999999854	60
194.09999999999854	29
194.09999999999854	2
194.09999999999854	6
194.09999999999854	38
194.09999999999854	63
194.09999999999854	25
194.09999999999854	64
194.09999999999854	10
194.09999999999854	12
194.09999999999854	54
194.09999999999854	4
194.09999999999854	30
194.09999999999854	49
194.09999999999854	7
194.09999999999854	13
194.09999999999854	62
194.09999999999854	41
194.09999999999854	42
194.09999999999854	35
194.1999999999971	18
194.1999999999971	52
194.1999999999971	27
194.1999999999971	59
194.1999999999971	47
194.1999999999971	53
194.3000000000029	26
194.3000000000029	28
194.3000000000029	8
194.3000000000029	39
194.3000000000029	57
194.3000000000029	37
194.3000000000029	31
194.3000000000029	14
194.3000000000029	23
194.3000000000029	40
194.3000000000029	43
194.3000000000029	22
194.3000000000029	34
194.3000000000029	15
194.3000000000029	51
194.40000000000146	24
194.40000000000146	45
194.40000000000146	44
194.40000000000146	58
194.40000000000146	50
194.40000000000146	17
194.40000000000146	3
194.59999999999854	36
195.09999999999854	46
195.09999999999854	55
199.09999999999854	21
199.09999999999854	57
199.09999999999854	56
199.09999999999854	5
199.1999999999971	19
199.1999999999971	11
199.1999999999971	14
199.1999999999971	16
199.1999999999971	2
199.1999999999971	48
199.1999999999971	9
199.1999999999971	29
199.3000000000029	27
199.3000000000029	62
199.3000000000029	33
199.3000000000029	59
199.3000000000029	50
199.3000000000029	40
199.3000000000029	52
199.3000000000029	35
199.3000000000029	58
199.3000000000029	10
199.3000000000029	12
199.3000000000029	42
199.3000000000029	61
199.3000000000029	7
199.3000000000029	38
199.3000000000029	44
199.3000000000029	1
199.3000000000029	54
199.3000000000029	24
199.3000000000029	64
199.3000000000029	30
199.3000000000029	49
199.3000000000029	63
199.3000000000029	25
199.40000000000146	53
199.40000000000146	32
199.40000000000146	46
199.40000000000146	4
199.40000000000146	47
199.40000000000146	20
199.40000000000146	60
199.40000000000146	6
199.40000000000146	8
199.40000000000146	28
199.40000000000146	3
199.40000000000146	51
199.40000000000146	41
199.40000000000146	13
199.40000000000146	26
199.90000000000146	15
200.0	39
200.0	18
199.59999999999854	22
199.59999999999854	34
199.59999999999854	43
199.59999999999854	31
199.59999999999854	37
199.59999999999854	17
199.59999999999854	23
199.59999999999854	36
199.59999999999854	45
199.59999999999854	55
204.3000000000029	11
204.40000000000146	41
204.40000000000146	35
205.0	57
205.09999999999854	19
204.59999999999854	53
204.59999999999854	27
204.90000000000146	47
205.0	56
205.0	4
205.09999999999854	33
205.09999999999854	5
205.09999999999854	44
205.40000000000146	1
205.40000000000146	48
205.40000000000146	63
205.40000000000146	14
204.59999999999854	42
204.59999999999854	7
204.59999999999854	18
204.59999999999854	13
204.59999999999854	9
204.59999999999854	16
204.59999999999854	61
204.59999999999854	30
204.59999999999854	46
204.6999999999971	24
204.6999999999971	29
204.6999999999971	62
204.6999999999971	32
204.6999999999971	64
204.6999999999971	2
204.6999999999971	25
204.6999999999971	60
204.6999999999971	54
204.6999999999971	40
204.6999999999971	34
204.6999999999971	51
204.6999999999971	26
204.6999999999971	59
204.6999999999971	21
204.6999999999971	3
204.6999999999971	28
204.6999999999971	22
204.6999999999971	8
204.6999999999971	49
204.6999999999971	20
204.6999999999971	52
204.6999999999971	58
204.8000000000029	38
204.8000000000029	39
204.8000000000029	15
204.8000000000029	12
204.90000000000146	50
204.90000000000146	45
204.90000000000146	43
204.90000000000146	37
204.90000000000146	10
204.90000000000146	55
204.90000000000146	23
205.0	31
205.0	36
205.0	6
205.09999999999854	17
209.59999999999854	59
209.59999999999854	51
209.6999999999971	57
209.6999999999971	27
209.6999999999971	30
209.6999999999971	63
209.8000000000029	10
209.8000000000029	21
209.8000000000029	47
209.8000000000029	28
209.8000000000029	7
209.8000000000029	54
209.8000000000029	41
209.8000000000029	26
209.8000000000029	35
209.8000000000029	33
209.8000000000029	18
209.8000000000029	15
209.8000000000029	44
209.90000000000146	61
209.90000000000146	48
209.90000000000146	62
209.90000000000146	2
209.90000000000146	24
209.90000000000146	34
209.90000000000146	25
209.90000000000146	8
209.90000000000146	6
209.90000000000146	9
209.90000000000146	22
210.0	40
210.0	12
210.0	38
210.0	56
210.0	58
210.0	39
210.0	5
210.0	50
210.0	32
210.0	43
210.0	37
210.0	31
210.0	23
210.0	55
210.0	19
210.0	14
210.0	53
210.0	3
210.0	20
210.0	64
210.0	29
210.0	1
210.0	13
210.0	42
210.0	45
210.0	17
210.0	11
210.0	36
210.0	49
210.0	46
210.0	4
210.1999999999971	52
210.1999999999971	16
210.40000000000146	60
214.90000000000146	63
214.90000000000146	33
215.0	54
215.0	47
215.0	64
215.0	49
215.0	44
215.0	53
215.0	42
215.0	18
215.0	1
215.09999999999854	22
215.09999999999854	27
215.09999999999854	9
215.09999999999854	6
215.09999999999854	48
215.09999999999854	28
215.09999999999854	14
215.09999999999854	10
215.09999999999854	16
215.09999999999854	57
215.09999999999854	25
215.09999999999854	19
215.09999999999854	5
215.09999999999854	29
215.09999999999854	35
215.09999999999854	56
215.09999999999854	46
215.09999999999854	11
215.09999999999854	39
215.09999999999854	15
215.09999999999854	3
215.09999999999854	62
215.09999999999854	30
215.09999999999854	2
215.09999999999854	38
215.09999999999854	24
215.09999999999854	58
215.09999999999854	50
215.09999999999854	61
215.09999999999854	8
215.09999999999854	32
215.09999999999854	37
215.09999999999854	31
215.09999999999854	43
215.09999999999854	23
215.09999999999854	21
215.1999999999971	60
215.1999999999971	40
215.1999999999971	34
215.1999999999971	52
215.1999999999971	51
215.1999999999971	59
215.1999999999971	26
215.1999999999971	45
215.1999999999971	17
215.1999999999971	41
215.1999999999971	13
215.1999999999971	7
215.3000000000029	36
215.3000000000029	55
215.3000000000029	20
215.3000000000029	12
215.3000000000029	4
220.09999999999854	63
220.1999999999971	62
220.40000000000146	49
220.40000000000146	6
220.40000000000146	47
220.40000000000146	44
220.40000000000146	64
220.40000000000146	35
220.40000000000146	50
220.40000000000146	33
220.40000000000146	56
220.40000000000146	29
220.40000000000146	61
220.40000000000146	60
220.40000000000146	24
220.40000000000146	10
220.40000000000146	1
220.40000000000146	48
220.40000000000146	53
220.40000000000146	19
220.40000000000146	46
220.40000000000146	38
220.40000000000146	42
220.40000000000146	32
220.40000000000146	54
220.40000000000146	5
220.40000000000146	13
220.40000000000146	41
220.40000000000146	4
220.40000000000146	2
220.40000000000146	11
220.40000000000146	9
220.40000000000146	57
220.40000000000146	18
220.6999999999971	51
220.6999999999971	40
220.6999999999971	34
220.6999999999971	52
220.8000000000029	59
220.8000000000029	16
220.90000000000146	20
220.90000000000146	7
220.90000000000146	12
220.90000000000146	14
221.0	21
220.59999999999854	26
220.59999999999854	27
220.59999999999854	30
220.6999999999971	28
220.6999999999971	8
220.6999999999971	25
220.6999999999971	15
220.6999999999971	22
220.6999999999971	39
220.8000000000029	3
220.8000000000029	58
220.90000000000146	55
220.90000000000146	43
220.90000000000146	17
220.90000000000146	37
220.90000000000146	36
220.90000000000146	23
220.90000000000146	45
221.0	31
225.40000000000146	63
225.8000000000029	25
225.59999999999854	62
225.59999999999854	48
225.59999999999854	29
225.59999999999854	18
225.59999999999854	9
225.59999999999854	24
225.59999999999854	6
225.59999999999854	14
225.59999999999854	16
225.59999999999854	10
225.59999999999854	32
225.59999999999854	64
225.59999999999854	54
225.59999999999854	2
225.59999999999854	33
225.59999999999854	1
225.59999999999854	61
225.59999999999854	46
225.6999999999971	42
225.6999999999971	7
225.6999999999971	11
225.6999999999971	13
225.6999999999971	41
225.6999999999971	35
225.6999999999971	50
225.6999999999971	60
225.6999999999971	58
225.6999999999971	30
225.6999999999971	12
225.6999999999971	5
225.6999999999971	56
225.6999999999971	19
225.6999999999971	31
225.6999999999971	37
225.8000000000029	43
225.8000000000029	55
225.8000000000029	40
225.8000000000029	23
225.8000000000029	51
225.8000000000029	57
225.8000000000029	34
225.8000000000029	59
225.8000000000029	20
225.8000000000029	15
225.8000000000029	53
225.8000000000029	22
225.8000000000029	4
225.8000000000029	26
225.8000000000029	45
225.8000000000029	17
225.8000000000029	27
225.8000000000029	44
225.8000000000029	21
225.8000000000029	49
225.8000000000029	47
225.90000000000146	36
225.90000000000146	38
225.90000000000146	3
225.90000000000146	8
225.90000000000146	28
225.90000000000146	39
226.0	52
230.6999999999971	62
230.6999999999971	48
230.6999999999971	47
230.6999999999971	52
230.8000000000029	56
230.8000000000029	25
230.8000000000029	49
230.8000000000029	30
230.8000000000029	5
230.8000000000029	24
230.8000000000029	10
230.8000000000029	14
230.8000000000029	6
230.8000000000029	9
230.8000000000029	64
230.8000000000029	42
230.8000000000029	44
230.90000000000146	63
230.90000000000146	61
230.90000000000146	19
230.90000000000146	46
230.90000000000146	13
230.90000000000146	1
230.90000000000146	12
230.90000000000146	21
230.90000000000146	33
230.90000000000146	16
230.90000000000146	29
230.90000000000146	4
230.90000000000146	7
230.90000000000146	20
230.90000000000146	32
230.90000000000146	15
230.90000000000146	57
230.90000000000146	38
230.90000000000146	34
230.90000000000146	26
230.90000000000146	3
230.90000000000146	2
230.90000000000146	35
230.90000000000146	27
230.90000000000146	41
230.90000000000146	18
230.90000000000146	53
230.90000000000146	54
231.0	28
231.0	40
231.0	58
231.0	51
231.0	59
231.0	8
231.0	22
231.0	50
231.0	23
231.0	60
231.0	43
231.0	11
231.0	55
231.09999999999854	45
231.09999999999854	39
231.09999999999854	17
231.09999999999854	31
231.09999999999854	37
231.09999999999854	36
236.0	24
236.0	8
236.0	56
236.0	19
236.09999999999854	57
236.09999999999854	14
236.09999999999854	29
236.09999999999854	2
236.09999999999854	26
236.09999999999854	48
236.1999999999971	40
236.1999999999971	11
236.1999999999971	18
236.1999999999971	50
236.1999999999971	6
236.1999999999971	10
236.1999999999971	47
236.1999999999971	62
236.1999999999971	54
236.1999999999971	9
236.1999999999971	28
236.1999999999971	15
236.1999999999971	38
236.1999999999971	49
236.1999999999971	7
236.1999999999971	32
236.1999999999971	33
236.1999999999971	5
236.1999999999971	41
236.1999999999971	44
236.1999999999971	35
236.1999999999971	52
236.1999999999971	34
236.3000000000029	53
236.3000000000029	42
236.3000000000029	63
236.3000000000029	12
236.3000000000029	46
236.3000000000029	21
236.3000000000029	16
236.3000000000029	3
236.3000000000029	13
236.3000000000029	51
236.3000000000029	58
236.3000000000029	60
236.3000000000029	61
236.3000000000029	22
236.3000000000029	20
236.3000000000029	25
236.3000000000029	1
236.3000000000029	30
236.3000000000029	59
236.40000000000146	27
236.8000000000029	31
237.09999999999854	43
237.1999999999971	37
237.3000000000029	23
236.59999999999854	55
237.0	4
237.09999999999854	36
237.09999999999854	17
236.59999999999854	64
236.59999999999854	45
236.59999999999854	39
241.3000000000029	57
241.40000000000146	1
241.40000000000146	19
241.40000000000146	9
241.40000000000146	56
241.40000000000146	33
241.40000000000146	53
241.40000000000146	47
241.40000000000146	2
241.40000000000146	29
241.40000000000146	16
241.40000000000146	24
241.40000000000146	43
241.40000000000146	27
242.1999999999971	18
242.09999999999854	32
242.1999999999971	6
241.59999999999854	11
241.6999999999971	61
241.6999999999971	62
241.6999999999971	21
241.6999999999971	10
242.3000000000029	50
242.3000000000029	35
242.3000000000029	38
241.59999999999854	30
241.59999999999854	40
241.59999999999854	34
241.59999999999854	52
241.59999999999854	51
241.59999999999854	59
241.59999999999854	37
241.59999999999854	58
241.59999999999854	45
241.59999999999854	60
241.59999999999854	17
241.59999999999854	55
241.59999999999854	5
241.6999999999971	25
241.6999999999971	23
241.6999999999971	64
241.6999999999971	26
241.6999999999971	31
241.6999999999971	20
241.6999999999971	4
241.6999999999971	8
241.6999999999971	22
241.6999999999971	39
241.6999999999971	36
241.8000000000029	7
241.8000000000029	42
241.8000000000029	48
241.8000000000029	41
241.8000000000029	15
241.8000000000029	49
241.8000000000029	13
241.8000000000029	3
241.8000000000029	28
241.8000000000029	44
241.8000000000029	63
241.90000000000146	12
241.90000000000146	14
242.0	46
242.0	54
247.40000000000146	19
246.59999999999854	53
246.59999999999854	31
246.59999999999854	8
246.59999999999854	39
246.59999999999854	40
246.59999999999854	9
246.59999999999854	57
246.59999999999854	36
246.6999999999971	45
246.6999999999971	1
246.6999999999971	5
246.6999999999971	33
246.6999999999971	16
246.6999999999971	47
246.6999999999971	38
246.6999999999971	30
246.6999999999971	46
246.6999999999971	6
246.6999999999971	56
246.6999999999971	29
246.6999999999971	21
246.6999999999971	54
246.6999999999971	43
246.6999999999971	37
246.6999999999971	24
246.6999999999971	61
246.6999999999971	26
246.6999999999971	32
246.6999999999971	49
246.6999999999971	23
246.8000000000029	14
246.8000000000029	64
246.8000000000029	62
246.8000000000029	10
246.8000000000029	34
246.8000000000029	44
246.8000000000029	22
246.8000000000029	48
246.8000000000029	55
246.8000000000029	28
246.8000000000029	58
246.8000000000029	51
246.8000000000029	25
246.8000000000029	42
246.8000000000029	52
246.8000000000029	50
246.8000000000029	59
246.8000000000029	15
246.8000000000029	27
246.8000000000029	2
246.8000000000029	11
246.8000000000029	18
246.8000000000029	3
246.8000000000029	7
246.8000000000029	13
246.8000000000029	4
246.90000000000146	63
246.90000000000146	17
246.90000000000146	35
246.90000000000146	60
246.90000000000146	12
246.90000000000146	20
247.0	41
251.8000000000029	19
251.90000000000146	61
252.0	33
252.0	40
252.0	47
252.0	53
252.0	46
252.0	23
252.0	44
252.0	14
252.0	1
252.0	34
252.0	29
252.0	9
252.0	54
252.0	56
252.0	59
252.0	10
252.0	57
252.0	31
252.0	45
252.0	24
252.0	62
252.09999999999854	55
252.09999999999854	21
252.09999999999854	42
252.09999999999854	58
252.09999999999854	38
252.09999999999854	63
252.09999999999854	52
252.09999999999854	49
252.1999999999971	26
252.1999999999971	17
252.1999999999971	37
252.1999999999971	60
252.1999999999971	27
252.1999999999971	48
252.1999999999971	50
252.1999999999971	11
252.1999999999971	28
252.1999999999971	18
252.1999999999971	64
252.1999999999971	32
252.1999999999971	2
252.1999999999971	35
252.3000000000029	22
252.3000000000029	5
252.3000000000029	8
252.3000000000029	39
252.3000000000029	36
252.3000000000029	43
252.3000000000029	4
252.3000000000029	20
252.3000000000029	7
252.3000000000029	41
252.3000000000029	6
252.40000000000146	16
252.40000000000146	30
252.40000000000146	15
252.40000000000146	3
252.40000000000146	13
252.40000000000146	12
252.40000000000146	25
252.8000000000029	51
257.1999999999971	27
257.3000000000029	10
257.3000000000029	46
257.3000000000029	64
257.3000000000029	33
257.3000000000029	32
257.3000000000029	54
257.3000000000029	29
257.3000000000029	56
257.3000000000029	21
257.3000000000029	30
257.3000000000029	48
257.3000000000029	38
257.3000000000029	6
257.3000000000029	11
257.3000000000029	19
257.3000000000029	49
257.3000000000029	50
257.3000000000029	42
257.3000000000029	62
257.3000000000029	25
257.3000000000029	61
257.3000000000029	57
257.3000000000029	63
257.3000000000029	2
257.40000000000146	60
257.40000000000146	5
257.40000000000146	35
257.40000000000146	1
257.40000000000146	9
258.09999999999854	18
257.59999999999854	26
257.59999999999854	59
257.59999999999854	34
257.59999999999854	58
257.59999999999854	40
257.59999999999854	52
257.6999999999971	44
257.6999999999971	53
257.6999999999971	16
257.6999999999971	47
257.90000000000146	23
257.90000000000146	45
257.90000000000146	43
257.90000000000146	37
257.90000000000146	36
258.0	55
258.0	28
258.09999999999854	7
258.09999999999854	41
258.09999999999854	4
258.09999999999854	20
258.1999999999971	51
258.3000000000029	14
258.3000000000029	24
257.59999999999854	31
257.59999999999854	17
257.59999999999854	8
257.59999999999854	39
257.59999999999854	12
257.59999999999854	13
257.59999999999854	22
257.59999999999854	3
257.59999999999854	15
262.90000000000146	29
263.09999999999854	48
263.3000000000029	18
263.3000000000029	42
263.40000000000146	27
262.59999999999854	32
262.59999999999854	11
262.59999999999854	62
262.59999999999854	56
262.59999999999854	33
262.59999999999854	21
262.59999999999854	35
262.59999999999854	2
262.59999999999854	64
262.59999999999854	10
262.59999999999854	6
262.59999999999854	38
262.59999999999854	44
262.59999999999854	63
262.59999999999854	49
262.59999999999854	16
262.59999999999854	30
262.59999999999854	47
262.59999999999854	61
262.59999999999854	1
262.59999999999854	25
262.59999999999854	53
262.59999999999854	57
262.59999999999854	19
262.59999999999854	59
262.59999999999854	34
262.59999999999854	40
262.59999999999854	58
262.59999999999854	51
262.59999999999854	52
262.59999999999854	26
262.59999999999854	50
262.6999999999971	14
263.1999999999971	46
263.1999999999971	28
263.1999999999971	22
263.1999999999971	39
263.1999999999971	17
263.1999999999971	31
263.1999999999971	55
263.1999999999971	37
263.1999999999971	9
263.1999999999971	4
263.1999999999971	41
263.1999999999971	7
263.1999999999971	20
263.1999999999971	5
263.1999999999971	24
263.3000000000029	54
263.3000000000029	23
263.3000000000029	3
263.3000000000029	43
263.3000000000029	36
263.3000000000029	12
263.3000000000029	13
263.3000000000029	15
263.40000000000146	45
263.40000000000146	60
264.09999999999854	8
267.6999999999971	10
267.6999999999971	48
267.6999999999971	41
267.8000000000029	62
267.8000000000029	44
267.8000000000029	49
267.90000000000146	18
267.90000000000146	13
267.90000000000146	32
267.90000000000146	38
267.90000000000146	37
267.90000000000146	17
267.90000000000146	27
267.90000000000146	55
267.90000000000146	14
267.90000000000146	61
267.90000000000146	25
267.90000000000146	33
267.90000000000146	57
267.90000000000146	19
267.90000000000146	16
267.90000000000146	35
267.90000000000146	21
267.90000000000146	64
267.90000000000146	23
267.90000000000146	2
267.90000000000146	43
267.90000000000146	63
268.0	1
268.0	45
268.0	46
268.0	30
268.0	52
268.0	20
268.0	56
268.0	6
268.0	29
268.0	9
268.0	22
268.0	15
268.0	3
268.0	28
268.0	59
268.0	60
268.0	4
268.0	54
268.0	5
268.0	36
268.0	51
268.09999999999854	58
268.09999999999854	40
268.09999999999854	31
268.09999999999854	42
268.09999999999854	47
268.09999999999854	34
268.09999999999854	8
268.09999999999854	53
268.1999999999971	39
268.1999999999971	50
268.1999999999971	11
268.3000000000029	12
268.3000000000029	26
268.3000000000029	7
268.40000000000146	24
272.90000000000146	41
273.0	14
273.0	62
273.0	10
273.0	57
273.0	21
273.0	3
273.0	48
273.09999999999854	63
273.09999999999854	64
273.09999999999854	38
273.09999999999854	11
273.09999999999854	60
273.09999999999854	56
273.09999999999854	29
273.09999999999854	6
273.09999999999854	30
273.09999999999854	28
273.09999999999854	49
273.09999999999854	32
273.09999999999854	16
273.1999999999971	54
273.1999999999971	1
273.1999999999971	42
273.1999999999971	18
273.1999999999971	5
273.1999999999971	35
273.1999999999971	27
273.1999999999971	8
273.1999999999971	19
273.3000000000029	61
273.3000000000029	52
273.3000000000029	2
273.3000000000029	26
273.3000000000029	51
273.3000000000029	39
273.3000000000029	47
273.3000000000029	9
273.3000000000029	25
273.3000000000029	7
273.3000000000029	40
273.3000000000029	59
273.3000000000029	13
273.3000000000029	22
273.3000000000029	24
273.3000000000029	12
273.3000000000029	34
273.3000000000029	4
273.40000000000146	53
273.40000000000146	20
273.40000000000146	33
273.40000000000146	58
273.40000000000146	50
273.8000000000029	46
274.09999999999854	43
274.09999999999854	36
274.09999999999854	23
274.1999999999971	55
274.1999999999971	37
273.59999999999854	17
273.59999999999854	45
273.59999999999854	15
273.6999999999971	31
273.8000000000029	44
278.1999999999971	62
278.3000000000029	63
278.3000000000029	60
278.3000000000029	21
278.3000000000029	57
278.3000000000029	10
278.3000000000029	19
278.40000000000146	30
278.40000000000146	61
278.40000000000146	14
278.40000000000146	11
278.40000000000146	48
278.40000000000146	64
278.40000000000146	6
278.40000000000146	24
278.40000000000146	56
278.40000000000146	16
278.40000000000146	44
278.40000000000146	49
278.40000000000146	42
278.40000000000146	41
278.40000000000146	7
278.59999999999854	47
278.6999999999971	38
278.6999999999971	27
279.1999999999971	32
278.6999999999971	35
278.8000000000029	25
278.8000000000029	5
279.0	1
279.0	20
279.0	33
279.40000000000146	46
279.40000000000146	9
278.59999999999854	34
278.59999999999854	12
278.59999999999854	29
278.59999999999854	26
278.59999999999854	40
278.59999999999854	51
278.59999999999854	54
278.59999999999854	59
278.59999999999854	50
278.59999999999854	53
278.59999999999854	4
278.59999999999854	2
278.59999999999854	22
278.59999999999854	8
278.59999999999854	52
278.59999999999854	58
278.59999999999854	18
278.59999999999854	13
278.6999999999971	15
278.6999999999971	39
278.6999999999971	3
278.6999999999971	28
278.6999999999971	37
278.6999999999971	43
278.6999999999971	31
278.8000000000029	23
278.8000000000029	55
278.8000000000029	17
278.8000000000029	36
278.90000000000146	45
284.0	30
284.0	28
284.0	19
284.0	9
284.0	1
284.0	46
284.0	53
284.0	62
284.0	33
284.0	34
284.0	59
284.0	52
284.0	12
284.0	7
284.0	50
284.0	22
284.0	21
284.0	44
284.0	40
284.0	42
284.0	57
284.0	36
284.0	6
284.0	48
284.0	37
284.0	14
284.0	15
284.0	29
284.0	38
284.0	3
284.0	45
284.0	25
284.0	24
284.0	39
284.0	41
284.0	20
284.0	4
284.09999999999854	27
284.09999999999854	51
284.09999999999854	13
284.09999999999854	18
284.09999999999854	26
284.09999999999854	32
284.09999999999854	56
284.09999999999854	54
284.09999999999854	8
284.09999999999854	23
284.09999999999854	55
284.09999999999854	10
284.09999999999854	63
284.09999999999854	47
284.09999999999854	64
284.1999999999971	2
284.1999999999971	35
284.1999999999971	31
284.3000000000029	58
284.3000000000029	17
284.3000000000029	11
284.3000000000029	49
284.40000000000146	5
284.40000000000146	16
285.0	43
288.8000000000029	19
288.90000000000146	62
289.09999999999854	47
289.09999999999854	1
289.09999999999854	25
289.09999999999854	30
289.09999999999854	21
289.09999999999854	16
289.09999999999854	44
289.09999999999854	10
289.09999999999854	6
289.09999999999854	50
289.09999999999854	63
289.09999999999854	49
289.09999999999854	11
289.09999999999854	5
289.09999999999854	9
289.09999999999854	14
289.09999999999854	24
289.09999999999854	42
289.09999999999854	64
289.09999999999854	48
289.09999999999854	27
289.09999999999854	56
289.09999999999854	29
289.09999999999854	46
289.09999999999854	53
289.09999999999854	33
289.09999999999854	8
289.09999999999854	15
289.09999999999854	35
289.09999999999854	22
289.09999999999854	38
289.09999999999854	57
289.09999999999854	39
289.09999999999854	54
289.09999999999854	28
289.09999999999854	3
289.1999999999971	32
289.1999999999971	2
289.1999999999971	40
289.1999999999971	58
289.1999999999971	18
289.1999999999971	26
289.1999999999971	51
289.1999999999971	52
289.1999999999971	59
289.1999999999971	34
289.1999999999971	13
289.1999999999971	41
289.1999999999971	4
289.1999999999971	7
289.3000000000029	45
289.40000000000146	20
289.40000000000146	12
289.40000000000146	37
289.40000000000146	31
290.3000000000029	36
289.59999999999854	55
289.59999999999854	23
289.59999999999854	17
289.59999999999854	43
294.1999999999971	19
294.1999999999971	35
294.1999999999971	50
294.3000000000029	1
294.6999999999971	27
294.6999999999971	49
294.6999999999971	44
294.6999999999971	2
294.6999999999971	21
294.6999999999971	47
294.6999999999971	9
294.6999999999971	20
294.6999999999971	62
294.6999999999971	51
294.6999999999971	26
294.6999999999971	34
294.6999999999971	58
294.6999999999971	52
294.6999999999971	40
294.6999999999971	46
294.6999999999971	41
294.6999999999971	12
294.6999999999971	53
294.6999999999971	18
294.6999999999971	48
294.6999999999971	23
294.6999999999971	45
294.6999999999971	13
294.6999999999971	42
294.6999999999971	5
294.6999999999971	4
295.09999999999854	7
295.09999999999854	55
295.09999999999854	30
295.09999999999854	64
295.09999999999854	38
295.09999999999854	28
295.09999999999854	32
295.1999999999971	8
295.1999999999971	25
295.1999999999971	10
295.1999999999971	24
295.3000000000029	33
295.3000000000029	39
295.3000000000029	31
295.3000000000029	11
295.3000000000029	29
295.3000000000029	14
295.3000000000029	63
295.3000000000029	17
295.3000000000029	6
295.40000000000146	36
295.40000000000146	3
295.40000000000146	56
295.40000000000146	54
295.40000000000146	16
295.40000000000146	43
295.8000000000029	59
296.0	22
296.09999999999854	15
296.1999999999971	57
295.59999999999854	37
299.6999999999971	50
299.8000000000029	35
299.8000000000029	27
299.59999999999854	19
299.59999999999854	9
299.59999999999854	1
299.59999999999854	18
299.59999999999854	49
299.59999999999854	32
299.59999999999854	2
299.59999999999854	46
299.59999999999854	11
299.59999999999854	24
299.59999999999854	6
299.59999999999854	38
299.59999999999854	33
299.59999999999854	56
299.59999999999854	25
299.59999999999854	47
299.6999999999971	62
299.6999999999971	44
299.6999999999971	48
299.6999999999971	10
299.6999999999971	5
299.6999999999971	21
299.6999999999971	53
299.6999999999971	42
299.6999999999971	16
299.6999999999971	54
299.6999999999971	14
299.6999999999971	63
299.6999999999971	64
299.6999999999971	57
299.8000000000029	40
299.8000000000029	26
299.8000000000029	51
299.8000000000029	34
299.8000000000029	59
299.8000000000029	52
299.8000000000029	58
299.8000000000029	41
299.8000000000029	4
299.8000000000029	7
299.90000000000146	29
299.90000000000146	30
299.90000000000146	31
299.90000000000146	37
299.90000000000146	23
299.90000000000146	17
299.90000000000146	13
299.90000000000146	39
299.90000000000146	8
299.90000000000146	12
300.0	45
300.0	15
300.0	43
300.0	55
300.0	3
300.0	22
300.0	28
300.0	36
300.09999999999854	20
304.8000000000029	40
304.8000000000029	38
304.8000000000029	35
304.8000000000029	18
304.90000000000146	27
304.90000000000146	41
304.90000000000146	57
304.90000000000146	56
304.90000000000146	49
304.90000000000146	33
304.90000000000146	32
304.90000000000146	11
305.0	2
305.0	47
305.0	53
305.0	44
305.0	46
305.0	42
305.0	12
305.0	14
305.0	29
305.0	50
305.0	5
305.0	62
305.0	6
305.0	16
305.0	54
305.0	52
305.0	48
305.0	59
305.0	28
305.0	39
305.0	15
305.0	63
305.0	51
305.0	9
305.0	21
305.0	10
305.0	30
305.0	1
305.0	23
305.0	43
305.0	45
305.0	55
305.0	19
305.0	4
305.0	25
305.0	37
305.0	17
305.09999999999854	26
305.09999999999854	64
305.09999999999854	3
305.09999999999854	8
305.1999999999971	58
305.1999999999971	20
305.1999999999971	34
305.1999999999971	7
305.1999999999971	31
305.1999999999971	22
305.3000000000029	13
305.3000000000029	36
305.3000000000029	24
310.0	14
310.0	49
310.09999999999854	41
310.09999999999854	33
310.09999999999854	56
310.09999999999854	40
310.09999999999854	42
310.09999999999854	24
310.1999999999971	25
310.1999999999971	2
310.1999999999971	27
310.1999999999971	50
310.1999999999971	9
310.1999999999971	32
310.1999999999971	57
310.1999999999971	30
310.1999999999971	12
310.1999999999971	21
310.1999999999971	52
310.1999999999971	35
310.1999999999971	38
310.1999999999971	22
310.1999999999971	11
310.1999999999971	53
310.1999999999971	39
310.1999999999971	62
310.3000000000029	28
310.3000000000029	46
310.3000000000029	58
310.3000000000029	48
310.3000000000029	6
310.3000000000029	16
310.3000000000029	47
310.3000000000029	63
310.3000000000029	5
310.3000000000029	20
310.3000000000029	7
310.3000000000029	10
310.3000000000029	4
310.3000000000029	19
310.3000000000029	54
310.3000000000029	29
310.3000000000029	15
310.3000000000029	34
310.3000000000029	13
310.3000000000029	64
310.3000000000029	3
310.3000000000029	51
310.3000000000029	26
311.0	59
311.0	1
311.09999999999854	37
311.09999999999854	23
311.09999999999854	43
311.09999999999854	36
311.09999999999854	55
311.09999999999854	17
311.1999999999971	18
310.8000000000029	45
310.8000000000029	44
311.0	8
311.0	31
315.1999999999971	27
315.3000000000029	56
315.3000000000029	14
315.40000000000146	29
315.40000000000146	49
315.40000000000146	38
315.40000000000146	10
315.40000000000146	24
315.40000000000146	18
315.40000000000146	6
315.40000000000146	2
315.40000000000146	57
315.40000000000146	42
315.6999999999971	64
315.6999999999971	44
315.6999999999971	41
315.6999999999971	63
315.8000000000029	11
315.8000000000029	47
315.90000000000146	5
315.90000000000146	54
315.90000000000146	39
315.90000000000146	32
316.0	9
316.0	48
316.0	7
315.59999999999854	1
315.59999999999854	35
315.59999999999854	15
315.59999999999854	12
315.59999999999854	23
315.59999999999854	45
315.59999999999854	17
315.59999999999854	40
315.59999999999854	34
315.59999999999854	26
315.59999999999854	33
315.59999999999854	59
315.59999999999854	51
315.59999999999854	19
315.59999999999854	52
315.59999999999854	8
315.59999999999854	22
315.59999999999854	4
315.6999999999971	16
315.6999999999971	53
315.6999999999971	31
315.6999999999971	50
315.6999999999971	3
315.6999999999971	28
315.6999999999971	46
315.6999999999971	13
315.6999999999971	37
315.6999999999971	43
315.6999999999971	55
315.6999999999971	21
315.6999999999971	62
315.8000000000029	20
315.8000000000029	30
315.8000000000029	36
315.8000000000029	25
316.0	58
320.59999999999854	56
320.6999999999971	10
320.6999999999971	62
320.6999999999971	6
320.6999999999971	63
320.6999999999971	14
320.6999999999971	29
320.6999999999971	64
320.6999999999971	49
320.6999999999971	44
320.6999999999971	19
320.6999999999971	54
320.8000000000029	30
320.8000000000029	38
320.8000000000029	1
320.8000000000029	40
320.8000000000029	58
320.8000000000029	53
320.8000000000029	33
320.8000000000029	21
320.8000000000029	52
320.90000000000146	46
320.90000000000146	59
320.90000000000146	26
320.90000000000146	9
320.90000000000146	47
320.90000000000146	48
320.90000000000146	42
320.90000000000146	51
320.90000000000146	34
320.90000000000146	25
320.90000000000146	57
320.90000000000146	50
320.90000000000146	16
320.90000000000146	18
320.90000000000146	27
320.90000000000146	5
320.90000000000146	12
320.90000000000146	35
320.90000000000146	7
320.90000000000146	4
320.90000000000146	20
320.90000000000146	2
320.90000000000146	24
320.90000000000146	11
320.90000000000146	3
320.90000000000146	22
320.90000000000146	15
321.0	28
321.0	13
321.0	41
321.09999999999854	8
321.09999999999854	39
321.09999999999854	45
321.09999999999854	37
321.09999999999854	23
321.09999999999854	43
321.09999999999854	55
321.09999999999854	36
321.1999999999971	17
321.3000000000029	31
326.0	62
326.0	10
326.0	64
326.0	19
326.0	63
326.0	56
326.0	21
326.09999999999854	1
326.09999999999854	5
326.40000000000146	57
326.40000000000146	33
326.40000000000146	39
326.40000000000146	49
326.40000000000146	9
326.40000000000146	44
326.40000000000146	28
326.40000000000146	16
326.40000000000146	3
326.40000000000146	8
326.40000000000146	22
326.40000000000146	6
326.40000000000146	38
326.40000000000146	29
326.40000000000146	14
326.40000000000146	53
326.40000000000146	2
326.40000000000146	11
326.40000000000146	18
326.40000000000146	27
326.40000000000146	50
326.40000000000146	48
326.40000000000146	42
326.40000000000146	12
326.40000000000146	13
326.40000000000146	4
326.40000000000146	34
326.40000000000146	40
326.40000000000146	26
326.40000000000146	58
326.40000000000146	51
326.40000000000146	59
326.40000000000146	54
326.8000000000029	30
327.0	17
327.1999999999971	46
326.59999999999854	35
326.6999999999971	41
326.6999999999971	20
326.8000000000029	25
326.90000000000146	7
327.0	15
327.09999999999854	37
327.09999999999854	45
327.09999999999854	23
327.09999999999854	43
326.59999999999854	24
326.59999999999854	31
326.59999999999854	52
326.6999999999971	47
331.1999999999971	10
331.1999999999971	64
331.1999999999971	62
331.1999999999971	19
331.1999999999971	63
331.3000000000029	21
331.40000000000146	46
331.40000000000146	24
331.40000000000146	16
331.40000000000146	56
331.40000000000146	48
331.40000000000146	1
331.40000000000146	30
331.40000000000146	9
331.40000000000146	53
331.40000000000146	33
331.40000000000146	25
331.40000000000146	38
331.40000000000146	50
331.40000000000146	42
331.40000000000146	47
331.40000000000146	57
331.40000000000146	29
331.40000000000146	6
331.40000000000146	54
331.6999999999971	2
331.6999999999971	27
331.6999999999971	22
331.8000000000029	28
331.59999999999854	14
331.59999999999854	49
331.59999999999854	37
331.59999999999854	43
331.59999999999854	11
331.59999999999854	3
331.59999999999854	39
331.59999999999854	15
331.59999999999854	5
331.59999999999854	45
331.6999999999971	35
331.6999999999971	23
331.6999999999971	31
331.6999999999971	51
331.6999999999971	26
331.6999999999971	34
331.6999999999971	41
331.6999999999971	17
331.6999999999971	40
331.6999999999971	59
331.6999999999971	52
331.6999999999971	58
331.6999999999971	20
331.6999999999971	18
331.6999999999971	4
331.6999999999971	12
331.6999999999971	7
331.8000000000029	13
331.90000000000146	44
331.90000000000146	8
336.59999999999854	19
336.59999999999854	62
336.59999999999854	54
336.59999999999854	21
336.59999999999854	64
336.59999999999854	25
336.59999999999854	9
336.6999999999971	5
336.6999999999971	8
336.6999999999971	44
336.6999999999971	53
336.6999999999971	10
336.6999999999971	15
336.6999999999971	22
336.6999999999971	63
336.6999999999971	49
336.6999999999971	33
336.6999999999971	16
336.6999999999971	6
336.8000000000029	29
336.8000000000029	43
336.8000000000029	37
336.8000000000029	45
336.8000000000029	17
336.8000000000029	48
336.8000000000029	18
336.8000000000029	27
336.8000000000029	50
336.8000000000029	11
336.8000000000029	46
336.8000000000029	30
336.8000000000029	14
336.8000000000029	24
336.8000000000029	39
336.8000000000029	56
336.8000000000029	47
336.8000000000029	57
336.8000000000029	34
336.8000000000029	40
336.8000000000029	26
336.8000000000029	58
336.8000000000029	4
336.8000000000029	41
336.8000000000029	20
336.8000000000029	7
336.8000000000029	31
336.8000000000029	38
336.8000000000029	35
336.8000000000029	3
336.8000000000029	42
336.8000000000029	2
336.90000000000146	1
336.90000000000146	59
336.90000000000146	23
336.90000000000146	13
337.0	52
337.09999999999854	12
337.09999999999854	51
337.1999999999971	28
341.8000000000029	22
341.8000000000029	53
341.8000000000029	54
341.8000000000029	23
341.8000000000029	64
341.8000000000029	38
341.8000000000029	44
341.90000000000146	3
341.90000000000146	33
341.90000000000146	57
341.90000000000146	49
341.90000000000146	56
341.90000000000146	14
341.90000000000146	41
342.0	50
342.0	35
342.0	19
342.0	47
342.0	43
342.0	21
342.0	46
342.0	31
342.0	25
342.0	42
342.0	5
342.0	1
342.0	2
342.0	10
342.0	9
342.0	6
342.0	8
342.0	15
342.0	28
342.0	17
342.0	11
342.0	18
342.0	27
342.0	29
342.0	20
342.0	62
342.0	48
342.0	45
342.0	4
342.0	63
342.0	7
342.0	16
342.0	24
342.09999999999854	13
342.09999999999854	39
342.09999999999854	12
342.09999999999854	30
342.09999999999854	37
342.09999999999854	34
342.09999999999854	59
342.09999999999854	51
342.09999999999854	40
342.09999999999854	52
342.09999999999854	58
342.1999999999971	26
347.09999999999854	41
347.09999999999854	38
347.1999999999971	54
347.1999999999971	64
347.1999999999971	53
347.1999999999971	57
347.1999999999971	30
347.1999999999971	23
347.1999999999971	31
347.1999999999971	17
347.1999999999971	33
347.1999999999971	21
347.1999999999971	24
347.1999999999971	3
347.1999999999971	49
347.1999999999971	9
347.1999999999971	6
347.3000000000029	56
347.3000000000029	2
347.3000000000029	48
347.3000000000029	43
347.3000000000029	5
347.3000000000029	45
347.3000000000029	8
347.3000000000029	19
347.3000000000029	4
347.3000000000029	25
347.3000000000029	42
347.3000000000029	16
347.3000000000029	47
347.3000000000029	34
347.3000000000029	46
347.3000000000029	20
347.3000000000029	39
347.3000000000029	35
347.3000000000029	15
347.3000000000029	10
347.3000000000029	63
347.3000000000029	1
347.3000000000029	27
347.3000000000029	37
347.40000000000146	14
347.40000000000146	7
347.40000000000146	22
347.40000000000146	12
347.40000000000146	58
347.40000000000146	18
348.1999999999971	44
347.59999999999854	51
347.59999999999854	59
347.59999999999854	40
347.59999999999854	50
347.59999999999854	52
347.8000000000029	13
347.8000000000029	62
347.8000000000029	29
347.59999999999854	28
347.6999999999971	11
347.6999999999971	26
352.40000000000146	47
352.40000000000146	56
352.40000000000146	18
352.40000000000146	53
352.40000000000146	38
352.40000000000146	16
353.40000000000146	2
353.3000000000029	57
353.3000000000029	46
353.40000000000146	25
353.40000000000146	49
352.59999999999854	24
352.59999999999854	30
352.59999999999854	54
352.59999999999854	3
352.59999999999854	35
352.59999999999854	19
352.59999999999854	42
352.59999999999854	1
352.59999999999854	33
352.59999999999854	5
352.59999999999854	48
352.59999999999854	50
352.59999999999854	44
352.59999999999854	9
352.59999999999854	11
352.59999999999854	10
352.59999999999854	6
352.59999999999854	27
352.59999999999854	15
352.59999999999854	29
352.59999999999854	21
352.59999999999854	22
352.59999999999854	51
352.59999999999854	40
352.59999999999854	52
352.59999999999854	58
352.59999999999854	34
352.59999999999854	26
352.59999999999854	59
352.59999999999854	63
352.6999999999971	62
352.6999999999971	64
352.6999999999971	14
352.6999999999971	8
352.6999999999971	28
352.6999999999971	39
352.8000000000029	12
352.8000000000029	13
352.8000000000029	4
352.8000000000029	7
352.8000000000029	23
352.8000000000029	37
352.8000000000029	43
352.8000000000029	31
352.8000000000029	41
352.8000000000029	20
352.90000000000146	17
352.90000000000146	45
357.59999999999854	47
357.59999999999854	56
357.8000000000029	18
357.8000000000029	9
357.8000000000029	23
357.8000000000029	64
357.8000000000029	45
357.8000000000029	17
357.8000000000029	50
357.8000000000029	46
357.90000000000146	54
357.90000000000146	51
357.90000000000146	1
357.90000000000146	38
357.90000000000146	21
357.90000000000146	10
357.90000000000146	16
357.90000000000146	27
357.90000000000146	42
357.90000000000146	34
357.90000000000146	53
357.90000000000146	14
357.90000000000146	29
357.90000000000146	6
357.90000000000146	2
357.90000000000146	44
357.90000000000146	57
357.90000000000146	40
357.90000000000146	31
358.0	13
358.0	59
358.0	30
358.0	24
358.0	41
358.0	20
358.0	7
358.0	48
358.09999999999854	15
358.09999999999854	28
358.09999999999854	22
358.09999999999854	39
358.09999999999854	62
358.09999999999854	4
358.09999999999854	26
358.09999999999854	12
358.09999999999854	33
358.09999999999854	25
358.09999999999854	52
358.09999999999854	3
358.09999999999854	8
358.09999999999854	35
358.1999999999971	63
358.1999999999971	37
358.3000000000029	58
358.3000000000029	19
358.40000000000146	49
358.40000000000146	11
358.59999999999854	43
359.1999999999971	5
363.09999999999854	21
363.09999999999854	29
363.09999999999854	14
363.09999999999854	56
363.09999999999854	10
363.09999999999854	41
363.09999999999854	62
363.09999999999854	28
363.09999999999854	44
363.1999999999971	63
363.1999999999971	46
363.1999999999971	48
363.1999999999971	20
363.40000000000146	3
363.40000000000146	13
363.40000000000146	1
363.59999999999854	42
363.59999999999854	37
363.6999999999971	45
363.8000000000029	17
363.90000000000146	23
364.09999999999854	19
364.1999999999971	16
363.59999999999854	22
363.59999999999854	8
363.59999999999854	49
363.6999999999971	5
363.8000000000029	51
363.8000000000029	40
363.8000000000029	34
363.8000000000029	30
363.8000000000029	52
363.8000000000029	26
363.90000000000146	15
363.90000000000146	50
363.90000000000146	57
363.90000000000146	33
363.90000000000146	35
363.90000000000146	2
363.90000000000146	12
364.0	59
364.0	53
364.0	7
364.0	54
364.09999999999854	31
364.09999999999854	43
364.40000000000146	25
363.59999999999854	18
363.59999999999854	9
363.59999999999854	11
363.59999999999854	27
363.59999999999854	24
363.59999999999854	4
363.59999999999854	47
363.6999999999971	58
363.6999999999971	64
363.8000000000029	39
363.90000000000146	6
368.1999999999971	18
368.3000000000029	47
368.3000000000029	62
368.3000000000029	19
368.3000000000029	10
368.40000000000146	2
368.40000000000146	50
368.40000000000146	46
368.40000000000146	56
368.40000000000146	11
368.40000000000146	53
368.40000000000146	6
368.40000000000146	14
368.40000000000146	24
368.40000000000146	35
368.40000000000146	27
368.40000000000146	9
368.40000000000146	48
368.8000000000029	54
369.1999999999971	21
368.59999999999854	64
368.6999999999971	44
368.6999999999971	1
368.8000000000029	5
368.8000000000029	42
368.8000000000029	28
369.0	33
369.0	8
369.09999999999854	57
369.09999999999854	30
369.3000000000029	3
369.3000000000029	15
369.40000000000146	41
369.40000000000146	20
369.40000000000146	12
369.40000000000146	7
369.40000000000146	16
369.40000000000146	22
368.59999999999854	25
368.59999999999854	39
368.59999999999854	63
368.6999999999971	43
368.6999999999971	37
368.6999999999971	23
368.6999999999971	31
368.6999999999971	58
368.6999999999971	52
368.6999999999971	34
368.6999999999971	51
368.6999999999971	59
368.6999999999971	40
368.6999999999971	26
368.6999999999971	49
368.6999999999971	17
368.6999999999971	45
373.59999999999854	62
373.6999999999971	10
373.6999999999971	5
373.6999999999971	47
373.6999999999971	51
373.6999999999971	1
373.6999999999971	19
373.8000000000029	63
373.8000000000029	14
373.8000000000029	24
373.8000000000029	56
373.8000000000029	6
373.8000000000029	20
373.8000000000029	12
373.8000000000029	42
373.8000000000029	52
373.8000000000029	22
373.8000000000029	8
373.8000000000029	39
373.8000000000029	59
373.8000000000029	33
373.8000000000029	21
373.8000000000029	48
373.8000000000029	26
373.8000000000029	57
373.90000000000146	16
373.90000000000146	64
373.90000000000146	2
373.90000000000146	18
373.90000000000146	25
373.90000000000146	35
373.90000000000146	54
373.90000000000146	40
373.90000000000146	34
373.90000000000146	9
373.90000000000146	41
373.90000000000146	49
373.90000000000146	3
373.90000000000146	7
373.90000000000146	46
373.90000000000146	58
373.90000000000146	27
373.90000000000146	11
373.90000000000146	31
373.90000000000146	37
373.90000000000146	50
373.90000000000146	23
373.90000000000146	43
373.90000000000146	53
374.0	17
374.0	30
374.0	15
374.09999999999854	45
374.09999999999854	44
374.09999999999854	28
378.90000000000146	57
378.90000000000146	63
378.90000000000146	19
378.90000000000146	22
378.90000000000146	1
379.09999999999854	8
379.09999999999854	53
379.09999999999854	9
379.09999999999854	49
379.09999999999854	64
379.09999999999854	6
379.09999999999854	3
379.09999999999854	46
379.09999999999854	62
379.09999999999854	33
379.09999999999854	2
379.09999999999854	21
379.09999999999854	42
379.09999999999854	11
379.09999999999854	14
379.09999999999854	16
379.09999999999854	41
379.09999999999854	25
379.1999999999971	10
379.1999999999971	20
379.1999999999971	23
379.1999999999971	37
379.1999999999971	43
379.1999999999971	31
379.1999999999971	7
379.1999999999971	35
379.1999999999971	15
379.1999999999971	54
379.3000000000029	40
379.3000000000029	51
379.3000000000029	59
379.3000000000029	34
379.3000000000029	52
379.3000000000029	58
379.3000000000029	26
379.3000000000029	56
379.3000000000029	50
379.3000000000029	17
379.3000000000029	45
379.3000000000029	28
379.3000000000029	24
379.3000000000029	27
379.40000000000146	30
379.40000000000146	12
379.40000000000146	39
379.40000000000146	47
379.40000000000146	18
379.8000000000029	44
384.1999999999971	1
384.3000000000029	54
384.3000000000029	64
384.3000000000029	35
384.3000000000029	57
384.3000000000029	63
384.3000000000029	42
384.3000000000029	10
384.3000000000029	49
384.3000000000029	53
384.3000000000029	14
384.3000000000029	24
384.3000000000029	27
384.3000000000029	19
384.3000000000029	16
384.3000000000029	30
384.40000000000146	11
384.40000000000146	46
384.40000000000146	50
384.40000000000146	44
384.40000000000146	33
384.40000000000146	6
384.40000000000146	9
384.40000000000146	21
384.40000000000146	18
384.40000000000146	62
384.40000000000146	25
384.40000000000146	56
384.40000000000146	37
384.40000000000146	52
384.40000000000146	17
384.40000000000146	23
384.40000000000146	31
384.40000000000146	40
384.40000000000146	47
384.40000000000146	2
384.40000000000146	8
384.40000000000146	28
384.40000000000146	22
384.40000000000146	43
384.59999999999854	41
384.90000000000146	58
384.59999999999854	26
384.6999999999971	59
384.6999999999971	34
384.90000000000146	51
385.0	45
385.0	7
385.0	20
385.0	12
384.59999999999854	3
384.59999999999854	15
384.6999999999971	39
390.40000000000146	54
390.40000000000146	64
389.59999999999854	42
389.6999999999971	33
389.6999999999971	24
389.6999999999971	6
389.6999999999971	10
389.6999999999971	30
389.6999999999971	53
389.6999999999971	47
389.6999999999971	21
389.6999999999971	58
389.6999999999971	62
389.6999999999971	57
389.6999999999971	46
389.6999999999971	19
389.6999999999971	51
389.6999999999971	25
389.6999999999971	44
389.6999999999971	52
389.6999999999971	26
389.8000000000029	59
389.8000000000029	56
389.8000000000029	14
389.8000000000029	49
389.8000000000029	1
389.8000000000029	9
389.90000000000146	35
389.90000000000146	11
389.90000000000146	16
389.90000000000146	28
389.90000000000146	3
389.90000000000146	15
389.90000000000146	22
389.90000000000146	7
389.90000000000146	41
389.90000000000146	2
389.90000000000146	50
389.90000000000146	27
389.90000000000146	18
390.0	63
390.0	8
390.0	39
390.0	20
390.0	12
390.0	34
390.0	17
390.0	37
390.0	43
390.09999999999854	45
390.09999999999854	31
394.8000000000029	33
394.8000000000029	64
394.90000000000146	54
394.90000000000146	42
394.90000000000146	21
394.90000000000146	30
395.0	56
395.0	1
395.0	17
395.0	37
395.09999999999854	14
395.09999999999854	46
395.09999999999854	6
395.09999999999854	24
395.09999999999854	63
395.09999999999854	9
395.09999999999854	19
395.09999999999854	57
395.09999999999854	53
395.09999999999854	25
395.09999999999854	47
395.09999999999854	2
395.09999999999854	50
395.09999999999854	27
395.09999999999854	35
395.09999999999854	10
395.09999999999854	44
395.09999999999854	49
395.09999999999854	43
395.1999999999971	16
395.1999999999971	11
395.1999999999971	45
395.1999999999971	51
395.1999999999971	58
395.1999999999971	34
395.1999999999971	26
395.1999999999971	59
395.1999999999971	52
395.1999999999971	20
395.1999999999971	12
395.3000000000029	31
395.3000000000029	15
395.3000000000029	22
395.3000000000029	3
395.3000000000029	18
395.3000000000029	41
395.3000000000029	8
395.3000000000029	39
400.09999999999854	64
400.1999999999971	44
400.1999999999971	33
400.1999999999971	47
400.1999999999971	54
400.1999999999971	21
400.3000000000029	18
400.3000000000029	24
400.3000000000029	39
400.3000000000029	14
400.3000000000029	50
400.3000000000029	30
400.3000000000029	11
400.3000000000029	56
400.3000000000029	16
400.3000000000029	41
400.3000000000029	49
400.3000000000029	27
400.3000000000029	2
400.3000000000029	63
400.3000000000029	53
400.3000000000029	46
400.3000000000029	10
400.3000000000029	58
400.3000000000029	42
400.3000000000029	3
400.3000000000029	1
400.3000000000029	6
400.3000000000029	20
400.3000000000029	19
400.3000000000029	8
400.3000000000029	57
400.3000000000029	12
400.40000000000146	51
400.40000000000146	35
400.40000000000146	15
400.40000000000146	22
400.40000000000146	52
400.40000000000146	34
400.40000000000146	26
400.40000000000146	37
400.40000000000146	25
400.40000000000146	59
400.40000000000146	17
400.40000000000146	45
400.40000000000146	31
400.40000000000146	43
405.40000000000146	33
405.40000000000146	11
406.3000000000029	47
405.59999999999854	46
405.59999999999854	50
405.59999999999854	54
405.59999999999854	53
405.59999999999854	6
405.59999999999854	24
405.6999999999971	19
405.6999999999971	25
405.6999999999971	63
405.6999999999971	21
405.6999999999971	2
405.6999999999971	39
405.6999999999971	3
405.6999999999971	10
405.6999999999971	8
405.6999999999971	30
405.6999999999971	22
405.6999999999971	27
405.6999999999971	16
405.6999999999971	18
405.6999999999971	35
405.6999999999971	64
405.6999999999971	15
405.6999999999971	56
405.6999999999971	42
405.6999999999971	37
405.6999999999971	17
405.6999999999971	45
405.6999999999971	57
405.6999999999971	49
405.8000000000029	26
405.8000000000029	58
405.8000000000029	59
405.8000000000029	52
405.8000000000029	34
405.8000000000029	44
405.8000000000029	12
405.8000000000029	43
405.8000000000029	1
405.8000000000029	51
405.8000000000029	14
405.8000000000029	31
410.8000000000029	53
410.8000000000029	46
410.8000000000029	33
410.8000000000029	51
410.90000000000146	37
410.90000000000146	15
410.90000000000146	63
410.90000000000146	59
411.0	47
411.0	57
411.0	64
411.0	22
411.0	56
411.0	25
411.0	44
411.0	10
411.0	14
411.0	21
411.0	49
411.0	39
411.0	58
411.0	26
411.0	31
411.0	54
411.0	42
411.0	12
411.0	1
411.0	19
411.0	2
411.0	30
411.09999999999854	24
411.09999999999854	11
411.09999999999854	27
411.09999999999854	50
411.09999999999854	18
411.09999999999854	34
411.09999999999854	8
411.1999999999971	52
411.1999999999971	35
411.1999999999971	17
411.3000000000029	43
416.09999999999854	15
416.09999999999854	46
416.09999999999854	44
417.09999999999854	42
417.09999999999854	37
417.09999999999854	17
417.09999999999854	10
417.09999999999854	25
417.09999999999854	58
417.09999999999854	51
417.09999999999854	59
417.09999999999854	26
417.09999999999854	34
417.09999999999854	52
417.1999999999971	14
417.1999999999971	47
417.1999999999971	19
417.1999999999971	50
417.1999999999971	2
417.1999999999971	11
417.1999999999971	54
417.1999999999971	24
417.1999999999971	1
417.1999999999971	8
417.1999999999971	64
417.3000000000029	56
417.40000000000146	35
417.40000000000146	18
417.40000000000146	12
417.40000000000146	49
417.40000000000146	39
417.40000000000146	22
417.40000000000146	30
417.40000000000146	57
417.40000000000146	21
417.40000000000146	33
417.40000000000146	43
417.40000000000146	63
417.40000000000146	31
421.3000000000029	2
421.40000000000146	35
421.8000000000029	63
421.59999999999854	46
421.59999999999854	24
421.59999999999854	54
421.59999999999854	42
421.59999999999854	19
421.59999999999854	21
421.59999999999854	11
421.59999999999854	44
421.59999999999854	64
421.59999999999854	33
421.59999999999854	56
421.59999999999854	18
421.59999999999854	10
421.59999999999854	30
421.59999999999854	47
421.59999999999854	14
421.59999999999854	57
421.59999999999854	25
421.59999999999854	50
421.6999999999971	1
421.8000000000029	39
421.8000000000029	8
421.8000000000029	22
421.8000000000029	34
421.8000000000029	51
421.8000000000029	52
421.8000000000029	58
421.8000000000029	59
421.8000000000029	49
421.8000000000029	37
421.8000000000029	15
421.8000000000029	17
421.8000000000029	43
421.8000000000029	31
421.8000000000029	12
426.8000000000029	21
426.90000000000146	10
426.90000000000146	2
426.90000000000146	42
426.90000000000146	50
426.90000000000146	46
426.90000000000146	57
426.90000000000146	14
426.90000000000146	34
426.90000000000146	30
426.90000000000146	19
426.90000000000146	63
426.90000000000146	33
426.90000000000146	56
426.90000000000146	35
426.90000000000146	1
426.90000000000146	58
426.90000000000146	52
427.0	59
427.0	47
427.0	64
427.0	54
427.0	24
427.0	49
427.0	37
427.0	31
427.0	17
427.09999999999854	12
427.09999999999854	11
427.09999999999854	8
427.09999999999854	39
427.09999999999854	22
427.09999999999854	44
427.09999999999854	43
427.1999999999971	15
432.0	21
432.0	8
432.0	22
432.09999999999854	14
432.09999999999854	2
432.09999999999854	63
432.09999999999854	24
432.09999999999854	35
432.1999999999971	56
432.1999999999971	57
432.1999999999971	19
432.1999999999971	10
432.1999999999971	42
432.1999999999971	54
432.1999999999971	47
432.1999999999971	39
432.1999999999971	50
432.1999999999971	1
432.1999999999971	11
432.1999999999971	46
432.1999999999971	30
432.1999999999971	33
432.1999999999971	49
432.1999999999971	12
432.1999999999971	64
432.1999999999971	44
432.3000000000029	15
432.3000000000029	58
432.3000000000029	59
432.3000000000029	52
432.3000000000029	34
432.40000000000146	37
432.40000000000146	31
432.40000000000146	43
432.40000000000146	17
437.90000000000146	50
438.0	10
438.09999999999854	54
438.09999999999854	21
438.09999999999854	47
438.09999999999854	11
438.1999999999971	2
438.1999999999971	33
438.1999999999971	63
438.1999999999971	57
438.1999999999971	14
438.3000000000029	35
437.59999999999854	64
437.6999999999971	44
437.6999999999971	56
437.6999999999971	1
437.6999999999971	19
437.6999999999971	12
437.8000000000029	30
437.8000000000029	42
437.8000000000029	24
437.8000000000029	37
437.8000000000029	31
437.8000000000029	22
437.8000000000029	39
437.8000000000029	8
437.90000000000146	43
437.90000000000146	17
437.90000000000146	58
437.90000000000146	59
437.90000000000146	52
437.90000000000146	34
442.6999999999971	42
442.6999999999971	21
442.8000000000029	19
442.8000000000029	54
442.90000000000146	34
442.90000000000146	24
442.90000000000146	14
442.90000000000146	63
442.90000000000146	11
442.90000000000146	50
442.90000000000146	2
442.90000000000146	44
442.90000000000146	57
442.90000000000146	58
442.90000000000146	52
442.90000000000146	47
442.90000000000146	59
442.90000000000146	37
442.90000000000146	31
442.90000000000146	43
442.90000000000146	17
442.90000000000146	30
442.90000000000146	64
442.90000000000146	33
442.90000000000146	12
442.90000000000146	56
443.0	1
443.0	10
443.0	22
443.0	8
443.0	39
448.0	54
448.09999999999854	19
448.09999999999854	42
448.09999999999854	21
448.09999999999854	63
448.09999999999854	11
448.09999999999854	47
448.1999999999971	33
448.1999999999971	24
448.1999999999971	2
448.1999999999971	50
448.1999999999971	30
448.1999999999971	44
448.1999999999971	14
448.1999999999971	57
448.1999999999971	39
448.1999999999971	64
448.3000000000029	12
448.3000000000029	58
448.3000000000029	34
448.3000000000029	52
448.3000000000029	10
448.3000000000029	8
448.3000000000029	31
448.3000000000029	37
448.3000000000029	43
448.3000000000029	59
453.40000000000146	50
453.40000000000146	24
453.40000000000146	14
453.40000000000146	54
453.40000000000146	44
453.40000000000146	64
454.3000000000029	11
454.40000000000146	10
453.59999999999854	12
453.59999999999854	63
453.59999999999854	2
453.59999999999854	57
453.59999999999854	42
453.59999999999854	47
453.59999999999854	33
453.59999999999854	8
453.59999999999854	21
453.59999999999854	43
453.59999999999854	31
453.59999999999854	37
453.59999999999854	34
453.59999999999854	59
453.59999999999854	58
453.59999999999854	52
459.59999999999854	52
459.59999999999854	8
459.59999999999854	11
459.59999999999854	59
459.59999999999854	50
459.59999999999854	2
459.59999999999854	58
459.59999999999854	14
460.1999999999971	12
460.1999999999971	64
460.1999999999971	21
460.1999999999971	37
460.1999999999971	42
460.1999999999971	63
460.1999999999971	47
460.1999999999971	10
460.1999999999971	54
460.3000000000029	33
460.3000000000029	43
460.3000000000029	31
460.3000000000029	44
460.3000000000029	57
460.40000000000146	24
464.0	14
464.0	64
464.09999999999854	24
464.09999999999854	2
464.09999999999854	50
464.09999999999854	63
464.09999999999854	44
464.09999999999854	47
464.1999999999971	11
464.1999999999971	54
464.1999999999971	57
464.1999999999971	8
464.1999999999971	21
464.1999999999971	12
464.1999999999971	42
464.3000000000029	59
464.3000000000029	52
464.40000000000146	58
465.09999999999854	43
465.3000000000029	37
469.1999999999971	44
469.40000000000146	64
469.40000000000146	2
469.40000000000146	47
469.59999999999854	24
469.59999999999854	63
469.59999999999854	21
469.59999999999854	11
469.59999999999854	8
469.59999999999854	57
469.59999999999854	42
469.59999999999854	50
469.59999999999854	43
469.59999999999854	37
469.59999999999854	12
469.59999999999854	54
469.59999999999854	14
469.6999999999971	52
469.6999999999971	59
469.6999999999971	58
474.6999999999971	58
474.6999999999971	44
474.6999999999971	59
474.6999999999971	64
475.59999999999854	52
475.59999999999854	2
475.59999999999854	50
475.59999999999854	11
475.6999999999971	8
476.0	37
476.0	21
476.09999999999854	12
476.09999999999854	63
476.09999999999854	42
476.40000000000146	14
476.40000000000146	43
476.40000000000146	54
476.40000000000146	57
476.90000000000146	24
480.0	44
480.09999999999854	21
480.09999999999854	50
480.09999999999854	11
480.09999999999854	2
480.09999999999854	63
480.09999999999854	12
480.09999999999854	14
480.1999999999971	57
485.40000000000146	21
485.40000000000146	2
485.40000000000146	11
485.40000000000146	57
485.40000000000146	63
485.40000000000146	50
485.40000000000146	8
485.40000000000146	12
490.6999999999971	11
490.6999999999971	2
490.6999999999971	50
490.6999999999971	8
