0.0	20
0.0	20
0.7999999999883585	19
0.7999999999883585	19
1.1999999999970896	45
1.1999999999970896	45
2.2999999999883585	7
2.2999999999883585	7
4.099999999991269	33
4.099999999991269	33
5.0	20
5.599999999991269	19
5.7999999999883585	45
6.599999999991269	40
6.69999999999709	48
6.7999999999883585	48
6.5	40
6.7999999999883585	51
6.7999999999883585	51
7.0	7
8.5	1
8.5	1
9.099999999991269	33
9.099999999991269	58
9.099999999991269	58
10.0	20
10.5	57
10.5	57
10.599999999991269	45
10.599999999991269	19
10.69999999999709	13
10.69999999999709	13
10.69999999999709	44
10.799999999988358	44
11.299999999988358	42
11.299999999988358	42
11.5	24
11.5	24
11.599999999991269	48
11.69999999999709	40
11.69999999999709	7
11.89999999999418	51
12.0	9
12.099999999991269	9
12.89999999999418	11
12.89999999999418	11
13.599999999991269	1
15.19999999999709	29
15.19999999999709	29
15.299999999988358	54
15.299999999988358	54
14.5	33
14.599999999991269	58
15.0	19
15.099999999991269	20
16.0	21
16.0	21
15.69999999999709	4
15.69999999999709	4
15.799999999988358	13
15.799999999988358	45
15.799999999988358	18
15.799999999988358	18
15.799999999988358	57
16.89999999999418	2
16.89999999999418	2
17.0	44
17.0	42
17.09999999999127	32
17.09999999999127	32
16.5	59
16.5	59
16.5	24
16.5	5
16.5	5
16.5	7
16.59999999999127	55
16.59999999999127	55
16.59999999999127	34
16.59999999999127	34
16.69999999999709	9
16.79999999998836	48
16.79999999998836	51
16.89999999999418	36
16.89999999999418	36
16.89999999999418	40
18.29999999998836	35
17.5	35
17.59999999999127	17
17.59999999999127	17
17.79999999998836	11
17.89999999999418	25
17.89999999999418	25
18.19999999999709	8
18.19999999999709	8
18.19999999999709	29
18.19999999999709	61
18.19999999999709	61
18.5	37
18.5	37
18.5	1
18.79999999998836	15
18.79999999998836	15
19.09999999999127	49
19.09999999999127	49
19.19999999999709	33
19.19999999999709	54
19.5	58
20.0	19
20.29999999998836	20
20.5	45
20.69999999999709	60
20.69999999999709	60
20.69999999999709	21
20.79999999998836	4
20.89999999999418	13
21.09999999999127	34
21.19999999999709	18
21.29999999998836	59
21.29999999998836	7
21.29999999998836	32
21.89999999999418	9
21.5	55
21.5	24
21.5	5
21.59999999999127	14
21.59999999999127	14
21.59999999999127	2
21.59999999999127	57
21.59999999999127	42
21.69999999999709	44
21.69999999999709	51
21.79999999998836	36
21.89999999999418	48
22.19999999999709	40
22.29999999998836	10
22.29999999998836	10
22.5	35
22.89999999999418	17
22.5	47
22.5	47
22.59999999999127	25
22.59999999999127	64
22.59999999999127	64
22.69999999999709	11
22.69999999999709	30
22.69999999999709	30
22.79999999998836	61
23.0	29
23.29999999998836	8
23.5	37
23.5	1
23.69999999999709	53
23.69999999999709	53
23.69999999999709	15
23.79999999998836	27
23.79999999998836	27
24.0	49
24.09999999999127	33
24.29999999998836	54
25.29999999998836	58
24.59999999999127	3
24.59999999999127	3
25.0	19
25.09999999999127	63
25.09999999999127	63
25.5	31
25.5	31
25.59999999999127	20
25.69999999999709	45
25.79999999998836	21
25.79999999998836	4
25.89999999999418	60
26.0	13
26.09999999999127	9
26.09999999999127	7
26.29999999998836	34
26.5	55
26.59999999999127	51
26.59999999999127	32
26.59999999999127	57
26.59999999999127	42
26.69999999999709	18
26.69999999999709	59
26.69999999999709	24
26.69999999999709	5
26.69999999999709	14
26.89999999999418	36
27.0	44
27.09999999999127	48
27.09999999999127	2
27.09999999999127	35
27.29999999998836	40
27.29999999998836	17
27.79999999998836	47
27.5	10
27.5	25
27.59999999999127	61
27.69999999999709	43
27.79999999998836	29
27.79999999998836	64
27.79999999998836	43
27.79999999998836	11
27.79999999998836	30
28.29999999998836	37
28.29999999998836	8
28.59999999999127	1
28.59999999999127	15
30.29999999998836	33
30.29999999998836	58
30.29999999998836	6
30.29999999998836	6
30.29999999998836	50
30.29999999998836	50
30.29999999998836	49
30.29999999998836	54
30.29999999998836	27
30.29999999998836	19
30.29999999998836	46
30.29999999998836	46
30.29999999998836	53
30.29999999998836	3
32.19999999999709	20
32.19999999999709	51
32.19999999999709	5
32.19999999999709	24
32.19999999999709	7
32.19999999999709	23
32.19999999999709	23
32.19999999999709	34
32.19999999999709	31
32.19999999999709	14
32.19999999999709	59
32.19999999999709	26
32.19999999999709	26
32.19999999999709	35
32.19999999999709	17
32.19999999999709	63
32.19999999999709	57
32.19999999999709	36
32.19999999999709	42
32.19999999999709	60
32.19999999999709	21
32.19999999999709	32
32.19999999999709	9
32.19999999999709	13
32.19999999999709	44
32.19999999999709	4
32.19999999999709	48
32.19999999999709	47
32.29999999998836	18
32.29999999998836	55
32.29999999998836	45
33.29999999998836	2
32.69999999999709	61
32.69999999999709	40
32.5	25
32.59999999999127	10
32.59999999999127	29
33.09999999999127	43
33.19999999999709	30
33.19999999999709	11
33.79999999998836	15
33.89999999999418	1
33.89999999999418	49
33.89999999999418	8
33.89999999999418	53
33.89999999999418	64
34.0	37
34.0	33
34.0	56
34.0	56
34.09999999999127	27
34.19999999999709	50
34.19999999999709	58
34.29999999998836	12
34.29999999998836	12
34.89999999999418	26
35.09999999999127	3
34.79999999998836	46
34.89999999999418	6
34.89999999999418	54
35.69999999999709	63
35.69999999999709	4
35.69999999999709	19
35.69999999999709	31
35.79999999998836	20
35.89999999999418	9
36.0	45
36.0	39
36.0	39
36.19999999999709	21
36.19999999999709	60
36.29999999998836	23
36.29999999998836	7
36.79999999998836	34
36.5	13
36.5	51
36.79999999998836	14
36.79999999998836	24
36.79999999998836	55
36.79999999998836	57
36.79999999998836	42
36.89999999999418	2
36.89999999999418	32
36.89999999999418	35
37.0	5
37.0	48
37.09999999999127	47
37.09999999999127	17
37.09999999999127	44
37.09999999999127	61
37.19999999999709	36
37.19999999999709	59
37.29999999998836	18
38.0	29
37.5	25
37.59999999999127	43
37.59999999999127	11
37.69999999999709	40
37.69999999999709	10
37.89999999999418	52
37.89999999999418	52
37.89999999999418	30
37.89999999999418	37
38.0	64
38.5	8
38.5	27
38.59999999999127	1
38.59999999999127	15
38.69999999999709	49
39.0	53
39.0	56
39.0	58
39.0	33
39.19999999999709	41
39.19999999999709	41
39.29999999998836	12
39.29999999998836	50
39.59999999999127	3
39.69999999999709	26
39.79999999998836	46
39.89999999999418	54
40.29999999998836	19
40.5	6
40.5	4
40.69999999999709	31
40.79999999998836	63
40.79999999998836	9
41.19999999999709	45
41.19999999999709	39
41.29999999998836	20
41.79999999998836	21
42.09999999999127	7
41.5	51
41.5	60
41.59999999999127	34
41.59999999999127	23
41.69999999999709	13
41.89999999999418	2
41.89999999999418	35
42.0	61
42.0	48
42.0	14
42.0	42
42.0	57
42.0	55
42.09999999999127	47
42.09999999999127	24
42.09999999999127	32
42.09999999999127	17
42.19999999999709	5
42.19999999999709	44
42.19999999999709	59
42.29999999998836	36
42.29999999998836	18
42.29999999998836	29
42.5	40
42.5	43
42.5	25
42.59999999999127	11
42.69999999999709	37
42.79999999998836	10
42.79999999998836	30
43.0	52
43.09999999999127	64
43.29999999998836	27
43.59999999999127	15
43.59999999999127	1
43.69999999999709	8
43.69999999999709	58
43.79999999998836	49
43.89999999999418	56
44.0	53
44.09999999999127	41
44.19999999999709	33
44.19999999999709	26
44.19999999999709	50
44.29999999998836	12
44.59999999999127	3
44.69999999999709	46
44.79999999998836	16
44.79999999998836	16
45.19999999999709	6
45.19999999999709	54
45.29999999998836	19
46.0	4
45.79999999998836	31
45.89999999999418	9
46.0	63
47.09999999999127	45
46.5	51
46.59999999999127	60
46.69999999999709	21
46.69999999999709	39
46.69999999999709	34
46.79999999998836	14
46.89999999999418	48
46.89999999999418	7
47.59999999999127	38
47.59999999999127	38
47.69999999999709	5
47.69999999999709	17
47.69999999999709	32
47.69999999999709	13
47.69999999999709	37
47.69999999999709	29
47.69999999999709	11
47.69999999999709	47
47.69999999999709	36
47.69999999999709	44
47.69999999999709	23
47.69999999999709	20
47.69999999999709	42
47.69999999999709	57
47.69999999999709	35
47.69999999999709	55
47.69999999999709	43
47.69999999999709	52
47.69999999999709	2
47.69999999999709	59
47.69999999999709	40
47.79999999998836	25
47.79999999998836	30
47.79999999998836	61
47.79999999998836	24
47.89999999999418	10
48.0	18
48.09999999999127	27
48.19999999999709	64
48.5	58
48.5	1
48.59999999999127	15
48.59999999999127	8
48.69999999999709	53
49.79999999998836	3
49.79999999998836	33
49.79999999998836	56
49.89999999999418	62
49.89999999999418	62
49.89999999999418	26
49.89999999999418	41
50.09999999999127	49
49.5	46
49.5	50
49.69999999999709	12
50.0	16
50.29999999998836	19
51.29999999998836	6
50.5	54
51.0	4
51.09999999999127	9
51.09999999999127	31
51.29999999998836	63
51.69999999999709	60
51.69999999999709	45
51.69999999999709	51
51.79999999998836	35
51.89999999999418	39
51.89999999999418	34
51.89999999999418	48
52.0	14
52.0	21
52.0	29
52.0	61
52.09999999999127	7
52.19999999999709	47
52.19999999999709	2
52.29999999998836	13
52.29999999998836	55
52.29999999998836	42
52.29999999998836	17
52.29999999998836	59
52.29999999998836	43
52.5	23
52.5	57
52.59999999999127	32
52.59999999999127	20
52.59999999999127	25
52.69999999999709	44
52.79999999998836	38
53.29999999998836	40
52.5	37
52.5	24
52.5	18
52.5	5
52.59999999999127	52
52.59999999999127	36
52.79999999998836	11
52.79999999998836	30
52.89999999999418	27
53.09999999999127	10
53.29999999998836	64
53.29999999998836	58
53.79999999998836	1
54.09999999999127	28
54.09999999999127	28
53.5	15
53.59999999999127	8
53.59999999999127	53
53.69999999999709	41
54.0	62
54.09999999999127	56
54.09999999999127	49
54.09999999999127	26
54.29999999998836	12
54.29999999998836	46
54.29999999998836	3
54.5	33
54.89999999999418	50
55.29999999998836	19
55.29999999998836	16
55.69999999999709	4
55.69999999999709	6
55.79999999998836	54
56.0	31
56.09999999999127	9
56.5	63
56.59999999999127	22
56.59999999999127	22
56.89999999999418	60
56.89999999999418	45
57.09999999999127	51
57.09999999999127	7
57.09999999999127	2
57.09999999999127	20
57.19999999999709	48
57.19999999999709	29
57.19999999999709	25
57.29999999998836	35
57.29999999998836	43
57.29999999998836	39
57.29999999998836	47
57.29999999998836	61
57.29999999998836	14
57.69999999999709	34
57.5	21
57.5	37
57.89999999999418	57
57.89999999999418	59
58.09999999999127	40
58.19999999999709	13
58.29999999998836	52
57.5	17
57.5	55
57.5	42
57.5	18
57.59999999999127	5
57.59999999999127	24
57.59999999999127	32
57.69999999999709	23
57.69999999999709	38
57.79999999998836	44
57.79999999998836	36
57.79999999998836	30
57.79999999998836	27
58.0	10
58.0	11
58.19999999999709	58
58.19999999999709	28
58.29999999998836	1
58.5	64
58.79999999998836	15
59.29999999998836	53
58.5	8
58.59999999999127	41
58.79999999998836	62
58.89999999999418	46
58.89999999999418	26
59.0	49
59.09999999999127	56
59.19999999999709	3
59.29999999998836	12
59.69999999999709	33
59.5	50
60.19999999999709	19
60.79999999998836	16
60.89999999999418	4
61.0	6
61.09999999999127	9
61.19999999999709	54
61.29999999998836	31
61.69999999999709	22
61.69999999999709	63
62.89999999999418	27
62.89999999999418	59
62.89999999999418	29
62.89999999999418	7
62.89999999999418	5
62.89999999999418	30
62.89999999999418	51
62.89999999999418	14
62.89999999999418	47
62.89999999999418	21
62.89999999999418	45
62.89999999999418	43
62.89999999999418	38
62.89999999999418	44
62.89999999999418	40
62.89999999999418	11
62.89999999999418	35
62.89999999999418	48
62.89999999999418	42
62.89999999999418	28
62.89999999999418	37
62.89999999999418	17
62.89999999999418	36
62.89999999999418	57
63.0	23
63.0	13
63.0	52
63.0	25
63.0	32
63.0	60
63.0	10
63.0	20
63.0	2
63.0	61
63.0	39
63.09999999999127	58
63.09999999999127	55
63.09999999999127	18
63.09999999999127	1
63.09999999999127	34
63.29999999998836	24
63.29999999998836	53
63.89999999999418	8
63.69999999999709	15
63.5	64
63.5	62
63.59999999999127	46
63.59999999999127	41
63.69999999999709	26
63.79999999998836	49
64.0	12
64.59999999999127	56
64.59999999999127	50
64.59999999999127	33
64.79999999998836	3
64.89999999999418	19
66.09999999999127	16
66.09999999999127	4
66.29999999998836	9
66.59999999999127	6
67.09999999999127	54
66.79999999998836	31
66.79999999998836	22
67.29999999998836	29
68.29999999998836	25
67.89999999999418	63
68.0	20
68.0	18
68.0	34
67.5	47
67.5	60
67.5	5
67.5	57
67.59999999999127	2
67.59999999999127	13
67.59999999999127	51
67.59999999999127	52
67.69999999999709	40
67.69999999999709	59
67.69999999999709	43
67.69999999999709	17
67.69999999999709	45
67.79999999998836	28
67.79999999998836	24
67.79999999998836	42
67.79999999998836	37
67.89999999999418	35
67.89999999999418	58
67.89999999999418	39
67.89999999999418	61
67.89999999999418	30
67.89999999999418	27
67.89999999999418	7
67.89999999999418	14
67.89999999999418	48
67.89999999999418	23
67.89999999999418	55
68.0	38
68.0	1
68.09999999999127	10
68.09999999999127	36
68.09999999999127	44
68.19999999999709	53
68.19999999999709	11
68.19999999999709	62
68.29999999998836	32
68.29999999998836	8
68.29999999998836	46
68.29999999998836	21
68.89999999999418	15
68.5	64
68.5	26
68.59999999999127	41
68.59999999999127	49
68.79999999998836	12
69.0	3
69.0	56
69.19999999999709	33
69.59999999999127	50
69.59999999999127	19
71.5	4
71.59999999999127	9
71.59999999999127	16
71.89999999999418	6
71.89999999999418	54
72.09999999999127	22
72.29999999998836	31
72.5	29
72.5	25
72.5	18
72.59999999999127	63
72.59999999999127	5
72.59999999999127	20
72.69999999999709	28
72.69999999999709	34
72.69999999999709	57
72.69999999999709	47
72.69999999999709	58
72.69999999999709	40
72.79999999998836	24
72.79999999998836	2
72.79999999998836	60
72.79999999998836	59
72.79999999998836	13
72.79999999998836	61
72.89999999999418	51
72.89999999999418	1
72.89999999999418	11
72.89999999999418	43
73.0	35
73.0	44
73.0	27
73.0	10
73.0	38
73.0	21
73.0	30
73.0	45
73.09999999999127	42
73.09999999999127	46
73.09999999999127	48
73.09999999999127	53
73.09999999999127	55
73.09999999999127	39
73.09999999999127	23
73.19999999999709	36
73.19999999999709	26
73.19999999999709	32
73.19999999999709	52
73.19999999999709	37
73.29999999998836	7
73.29999999998836	8
73.5	49
73.5	64
73.5	15
73.5	41
73.59999999999127	12
73.69999999999709	14
73.69999999999709	3
73.69999999999709	17
73.79999999998836	62
73.89999999999418	56
74.0	33
74.29999999998836	19
74.89999999999418	50
77.5	4
77.59999999999127	54
77.79999999998836	22
78.0	9
77.5	6
77.5	16
77.59999999999127	62
77.69999999999709	29
77.69999999999709	25
77.69999999999709	34
77.69999999999709	18
77.69999999999709	63
77.79999999998836	58
77.79999999998836	46
77.79999999998836	20
77.79999999998836	40
77.79999999998836	57
77.79999999998836	31
77.79999999998836	61
77.89999999999418	28
77.89999999999418	26
77.89999999999418	47
77.89999999999418	17
77.89999999999418	32
77.89999999999418	5
77.89999999999418	24
77.89999999999418	53
77.89999999999418	11
77.89999999999418	1
77.89999999999418	44
78.0	21
78.0	14
78.0	59
78.0	10
78.0	27
78.0	52
78.0	35
78.09999999999127	38
78.09999999999127	43
78.09999999999127	60
78.09999999999127	13
78.09999999999127	8
78.09999999999127	51
78.09999999999127	45
78.09999999999127	39
78.09999999999127	2
78.09999999999127	30
78.19999999999709	49
78.19999999999709	55
78.19999999999709	36
78.29999999998836	37
78.29999999998836	48
78.29999999998836	42
78.29999999998836	64
78.29999999998836	23
78.79999999998836	7
78.59999999999127	12
78.79999999998836	15
79.0	3
79.09999999999127	33
79.09999999999127	50
79.09999999999127	19
79.19999999999709	41
79.19999999999709	56
82.59999999999127	62
82.69999999999709	16
82.69999999999709	4
82.69999999999709	46
82.69999999999709	54
82.79999999998836	9
82.79999999998836	40
82.79999999998836	22
82.79999999998836	29
82.89999999999418	25
82.89999999999418	61
82.89999999999418	6
83.0	63
83.0	34
83.0	53
83.0	24
83.0	1
83.0	18
83.0	57
83.0	49
83.0	58
83.09999999999127	26
83.09999999999127	21
83.09999999999127	11
83.09999999999127	20
83.09999999999127	52
83.19999999999709	14
83.19999999999709	44
83.19999999999709	28
83.19999999999709	17
83.19999999999709	59
83.19999999999709	8
83.19999999999709	15
83.19999999999709	39
83.19999999999709	35
83.19999999999709	38
83.19999999999709	51
83.19999999999709	3
83.19999999999709	43
83.19999999999709	13
83.19999999999709	36
83.29999999998836	60
83.29999999998836	30
83.29999999998836	55
83.29999999998836	32
83.29999999998836	7
83.29999999998836	5
83.79999999998836	10
83.89999999999418	42
84.0	41
83.5	33
83.5	31
83.5	56
83.59999999999127	2
83.59999999999127	47
83.59999999999127	48
83.69999999999709	64
83.69999999999709	19
83.69999999999709	12
83.79999999998836	50
83.79999999998836	37
83.89999999999418	27
83.89999999999418	23
84.0	45
87.69999999999709	46
88.0	40
88.0	12
88.0	62
88.0	3
88.0	9
88.0	15
88.09999999999127	61
88.09999999999127	45
88.09999999999127	25
88.09999999999127	14
88.19999999999709	54
88.19999999999709	56
88.19999999999709	1
88.19999999999709	26
88.19999999999709	4
88.19999999999709	33
88.19999999999709	49
88.29999999998836	2
88.29999999998836	36
88.29999999998836	55
88.5	57
88.5	42
88.5	48
88.59999999999127	17
88.59999999999127	41
88.59999999999127	16
88.59999999999127	22
88.79999999998836	43
89.09999999999127	53
89.29999999998836	34
88.5	50
88.5	52
88.5	27
88.5	30
88.5	44
88.5	37
88.5	31
88.5	7
88.5	60
88.5	32
88.5	6
88.5	35
88.5	29
88.5	18
88.5	5
88.5	28
88.5	20
88.5	64
88.59999999999127	47
88.59999999999127	51
88.59999999999127	39
88.59999999999127	8
88.59999999999127	10
88.59999999999127	24
88.59999999999127	38
88.59999999999127	13
88.59999999999127	58
88.59999999999127	19
88.59999999999127	11
88.69999999999709	63
88.69999999999709	21
88.79999999998836	23
88.89999999999418	59
93.0	56
93.0	33
93.0	64
93.09999999999127	15
93.09999999999127	41
93.09999999999127	40
93.19999999999709	46
93.19999999999709	3
93.19999999999709	48
93.19999999999709	19
93.19999999999709	55
93.19999999999709	45
93.19999999999709	14
93.19999999999709	12
93.19999999999709	61
93.19999999999709	7
93.29999999998836	59
93.29999999998836	36
93.29999999998836	2
93.29999999998836	1
93.29999999998836	62
93.29999999998836	42
93.29999999998836	49
93.29999999998836	50
93.29999999998836	26
94.19999999999709	24
93.5	38
93.5	25
93.59999999999127	27
93.69999999999709	11
93.79999999998836	43
93.89999999999418	30
93.89999999999418	44
94.0	52
94.0	31
94.0	47
94.0	9
94.09999999999127	23
94.19999999999709	39
94.19999999999709	13
94.19999999999709	60
94.29999999998836	21
93.5	57
93.5	53
93.5	20
93.5	10
93.5	8
93.5	34
93.5	17
93.5	29
93.5	32
93.5	5
93.5	37
93.5	6
93.5	28
93.5	35
93.5	58
93.5	18
93.5	51
93.5	22
93.5	4
93.59999999999127	63
93.59999999999127	54
93.59999999999127	16
98.0	33
98.09999999999127	19
98.19999999999709	56
98.19999999999709	48
98.29999999998836	64
98.29999999998836	30
98.29999999998836	50
98.5	15
98.5	3
98.69999999999709	23
98.69999999999709	31
98.79999999998836	7
98.79999999998836	11
98.89999999999418	55
99.0	10
99.0	46
99.0	5
99.19999999999709	12
99.29999999998836	42
99.29999999998836	14
98.5	27
98.5	52
98.5	39
98.5	13
98.5	4
98.5	26
98.5	37
98.5	40
98.5	24
98.5	59
98.59999999999127	43
98.59999999999127	1
98.59999999999127	20
98.59999999999127	29
98.59999999999127	51
98.59999999999127	32
98.59999999999127	36
98.59999999999127	47
98.59999999999127	53
98.59999999999127	8
98.59999999999127	57
98.59999999999127	41
98.59999999999127	18
98.59999999999127	58
98.59999999999127	35
98.59999999999127	17
98.59999999999127	62
98.59999999999127	25
98.69999999999709	44
98.69999999999709	49
98.69999999999709	22
98.69999999999709	34
98.69999999999709	60
98.69999999999709	16
98.79999999998836	9
98.79999999998836	28
98.79999999998836	6
98.79999999998836	45
98.79999999998836	61
98.79999999998836	63
98.89999999999418	21
98.89999999999418	38
98.89999999999418	2
99.0	54
103.29999999998836	33
103.69999999999709	48
103.69999999999709	4
103.79999999998836	23
103.79999999998836	19
104.0	64
104.0	20
103.5	27
103.5	56
103.5	5
103.5	13
103.5	11
103.5	31
103.5	55
103.59999999999127	15
103.59999999999127	38
103.59999999999127	10
103.59999999999127	37
103.59999999999127	34
103.59999999999127	43
103.69999999999709	59
103.69999999999709	8
103.69999999999709	22
103.69999999999709	1
103.69999999999709	30
103.69999999999709	39
103.69999999999709	25
103.69999999999709	52
103.79999999998836	26
103.79999999998836	21
103.79999999998836	18
103.79999999998836	16
103.79999999998836	61
103.79999999998836	36
103.79999999998836	14
103.79999999998836	28
103.79999999998836	44
103.79999999998836	24
103.79999999998836	63
103.79999999998836	12
103.79999999998836	41
103.79999999998836	2
103.79999999998836	42
103.79999999998836	3
103.79999999998836	32
103.79999999998836	9
103.79999999998836	29
103.89999999999418	46
103.89999999999418	35
103.89999999999418	57
103.89999999999418	58
103.89999999999418	49
103.89999999999418	60
104.0	51
104.0	50
104.0	7
104.09999999999127	17
104.09999999999127	62
104.19999999999709	6
104.19999999999709	40
104.29999999998836	45
104.29999999998836	53
104.29999999998836	54
105.19999999999709	47
108.5	23
108.59999999999127	33
108.59999999999127	22
108.59999999999127	35
108.59999999999127	16
108.69999999999709	28
108.69999999999709	18
108.69999999999709	25
108.69999999999709	6
108.69999999999709	34
108.69999999999709	48
108.69999999999709	32
108.69999999999709	55
108.69999999999709	42
108.69999999999709	27
108.69999999999709	17
108.69999999999709	51
108.69999999999709	64
108.79999999998836	21
108.79999999998836	9
108.79999999998836	53
108.79999999998836	1
108.79999999998836	31
108.79999999998836	47
108.79999999998836	57
108.79999999998836	15
108.79999999998836	10
108.79999999998836	11
108.79999999998836	36
108.79999999998836	37
108.79999999998836	29
108.79999999998836	24
108.79999999998836	13
108.79999999998836	56
108.89999999999418	38
108.89999999999418	19
108.89999999999418	50
108.89999999999418	7
108.89999999999418	44
108.89999999999418	58
108.89999999999418	60
108.89999999999418	43
108.89999999999418	4
108.89999999999418	2
108.89999999999418	3
108.89999999999418	63
108.89999999999418	12
108.89999999999418	14
108.89999999999418	52
108.89999999999418	30
108.89999999999418	61
108.89999999999418	26
108.89999999999418	40
109.0	41
109.0	8
109.0	39
109.0	46
109.0	49
109.0	20
109.0	45
109.09999999999127	59
109.19999999999709	5
109.29999999998836	62
109.29999999998836	54
113.69999999999709	22
113.69999999999709	25
113.79999999998836	17
113.79999999998836	32
113.79999999998836	62
113.79999999998836	51
113.79999999998836	18
113.79999999998836	23
113.89999999999418	16
113.89999999999418	35
113.89999999999418	49
113.89999999999418	57
113.89999999999418	9
113.89999999999418	28
113.89999999999418	38
114.0	55
114.0	46
114.0	12
114.0	52
114.0	63
114.0	29
114.0	4
114.0	21
114.0	3
114.0	34
114.0	36
114.0	1
114.0	15
114.0	41
114.0	30
114.09999999999127	11
114.09999999999127	45
114.09999999999127	31
114.09999999999127	60
114.09999999999127	33
114.09999999999127	50
114.09999999999127	5
114.09999999999127	43
114.09999999999127	40
114.09999999999127	61
114.09999999999127	14
114.09999999999127	48
114.09999999999127	39
114.09999999999127	7
114.09999999999127	24
114.09999999999127	26
114.19999999999709	56
114.19999999999709	8
114.19999999999709	42
114.19999999999709	6
114.19999999999709	59
114.19999999999709	13
114.19999999999709	2
114.29999999998836	47
114.29999999998836	10
114.29999999998836	20
114.29999999998836	54
114.29999999998836	53
114.29999999998836	44
114.5	64
114.59999999999127	19
115.09999999999127	37
114.5	58
114.5	27
118.89999999999418	62
118.89999999999418	22
119.09999999999127	18
119.09999999999127	23
119.09999999999127	51
119.09999999999127	45
119.09999999999127	12
119.09999999999127	61
119.09999999999127	40
119.09999999999127	36
119.09999999999127	1
119.09999999999127	25
119.09999999999127	32
119.09999999999127	17
119.19999999999709	6
119.19999999999709	52
119.19999999999709	46
119.19999999999709	38
119.19999999999709	41
119.19999999999709	16
119.19999999999709	43
119.19999999999709	21
119.19999999999709	55
119.29999999998836	47
119.29999999998836	60
119.29999999998836	28
119.29999999998836	53
119.29999999998836	63
119.29999999998836	54
119.29999999998836	11
119.29999999998836	56
119.29999999998836	30
119.29999999998836	15
119.29999999998836	29
119.29999999998836	39
119.29999999998836	31
119.29999999998836	59
119.29999999998836	33
119.5	50
119.5	35
119.59999999999127	57
119.69999999999709	42
119.69999999999709	26
119.79999999998836	58
119.89999999999418	64
119.59999999999127	8
119.59999999999127	10
120.19999999999709	44
119.5	5
119.5	19
119.5	3
119.5	7
119.5	37
119.5	13
119.59999999999127	34
119.59999999999127	49
119.59999999999127	14
119.59999999999127	27
119.59999999999127	20
119.69999999999709	9
119.69999999999709	4
119.79999999998836	24
119.79999999998836	2
119.79999999998836	48
124.09999999999127	62
124.09999999999127	54
124.09999999999127	61
124.09999999999127	2
124.19999999999709	36
124.19999999999709	22
124.19999999999709	40
124.19999999999709	38
124.19999999999709	44
124.19999999999709	12
124.29999999998836	41
124.29999999998836	25
124.29999999998836	32
124.29999999998836	24
124.29999999998836	46
124.29999999998836	63
124.29999999998836	21
124.29999999998836	51
124.29999999998836	39
124.29999999998836	30
124.29999999998836	17
124.29999999998836	31
124.29999999998836	1
125.0	52
125.19999999999709	7
125.19999999999709	5
125.29999999998836	18
125.29999999998836	14
124.69999999999709	58
124.69999999999709	57
124.69999999999709	56
124.69999999999709	50
124.69999999999709	49
124.79999999998836	60
124.79999999998836	20
124.79999999998836	23
124.79999999998836	29
124.79999999998836	10
124.89999999999418	45
124.89999999999418	43
124.89999999999418	59
125.0	28
125.0	4
125.0	27
125.09999999999127	16
125.09999999999127	42
125.09999999999127	37
125.19999999999709	8
125.19999999999709	64
125.19999999999709	15
125.19999999999709	26
125.29999999998836	33
125.29999999998836	13
125.29999999998836	6
124.5	53
124.5	48
124.5	9
124.5	34
124.5	55
124.5	35
124.5	3
124.5	11
124.5	47
124.59999999999127	19
129.09999999999127	54
129.29999999998836	40
129.29999999998836	56
129.5	32
129.5	3
129.5	61
129.5	19
129.5	48
129.5	62
129.5	64
129.5	25
129.5	21
129.5	16
129.5	31
129.5	33
129.5	27
129.5	7
129.5	10
129.5	9
129.5	41
129.5	22
129.5	18
129.59999999999127	45
129.59999999999127	43
129.59999999999127	15
129.59999999999127	8
129.59999999999127	60
129.59999999999127	53
129.59999999999127	13
129.59999999999127	55
129.6999999999971	23
129.6999999999971	36
129.6999999999971	1
129.6999999999971	6
129.6999999999971	11
129.6999999999971	47
129.6999999999971	39
129.6999999999971	12
129.6999999999971	52
129.6999999999971	44
129.6999999999971	34
129.6999999999971	14
129.6999999999971	37
129.6999999999971	24
129.6999999999971	29
129.6999999999971	28
129.6999999999971	59
129.6999999999971	58
129.6999999999971	26
129.6999999999971	50
129.6999999999971	49
129.6999999999971	42
129.6999999999971	57
129.6999999999971	30
129.6999999999971	17
129.6999999999971	63
129.6999999999971	46
129.79999999998836	2
129.79999999998836	35
129.79999999998836	20
129.79999999998836	51
129.79999999998836	5
129.89999999999418	38
130.0	4
134.29999999998836	54
134.5	64
134.89999999999418	56
134.59999999999127	40
134.59999999999127	33
134.59999999999127	48
134.59999999999127	21
134.59999999999127	27
134.59999999999127	3
134.59999999999127	6
134.59999999999127	16
134.59999999999127	15
134.59999999999127	19
134.6999999999971	62
134.6999999999971	31
134.6999999999971	4
134.6999999999971	32
134.6999999999971	24
134.6999999999971	55
134.6999999999971	45
134.6999999999971	26
134.6999999999971	41
134.6999999999971	37
134.6999999999971	13
134.6999999999971	29
134.6999999999971	5
134.79999999998836	38
134.79999999998836	49
134.79999999998836	58
134.79999999998836	60
134.79999999998836	17
134.79999999998836	25
134.79999999998836	8
134.79999999998836	35
134.79999999998836	57
134.79999999998836	7
134.79999999998836	43
134.79999999998836	22
134.79999999998836	42
134.79999999998836	36
134.79999999998836	51
134.79999999998836	12
134.79999999998836	44
134.79999999998836	52
134.89999999999418	46
134.89999999999418	30
134.89999999999418	39
134.89999999999418	18
134.89999999999418	10
134.89999999999418	2
134.89999999999418	28
134.89999999999418	59
134.89999999999418	63
134.89999999999418	53
135.0	50
135.0	34
135.0	11
135.0	20
135.0	1
135.0	47
135.0	61
135.09999999999127	9
135.1999999999971	14
135.1999999999971	23
139.59999999999127	54
139.59999999999127	64
139.59999999999127	27
139.59999999999127	48
139.6999999999971	56
139.6999999999971	33
139.6999999999971	16
139.6999999999971	15
139.6999999999971	6
139.79999999998836	24
139.79999999998836	47
139.79999999998836	31
139.79999999998836	55
139.79999999998836	3
139.79999999998836	26
139.89999999999418	13
139.89999999999418	41
139.89999999999418	43
139.89999999999418	59
139.89999999999418	10
139.89999999999418	53
139.89999999999418	46
139.89999999999418	34
140.0	62
140.0	8
140.0	28
140.0	57
140.0	51
140.0	18
140.0	30
140.0	23
140.0	39
140.0	42
140.0	38
140.0	19
140.0	60
140.0	17
140.0	9
140.0	52
140.0	1
140.0	36
140.0	11
140.0	12
140.0	45
140.0	32
140.09999999999127	61
140.09999999999127	21
140.59999999999127	63
140.59999999999127	5
140.59999999999127	50
140.59999999999127	14
140.59999999999127	2
140.59999999999127	40
140.59999999999127	58
140.59999999999127	49
140.59999999999127	44
140.59999999999127	7
140.59999999999127	35
140.59999999999127	20
140.59999999999127	29
140.6999999999971	4
140.6999999999971	25
140.6999999999971	37
142.09999999999127	22
144.89999999999418	54
144.89999999999418	15
144.89999999999418	33
145.0	28
145.0	64
145.0	17
145.0	6
145.0	23
145.0	24
145.0	47
145.0	22
145.0	43
145.0	55
145.0	36
145.0	41
145.09999999999127	3
145.09999999999127	31
145.09999999999127	34
145.09999999999127	45
145.09999999999127	16
145.09999999999127	56
145.09999999999127	39
145.09999999999127	52
145.1999999999971	58
145.1999999999971	21
145.1999999999971	61
145.1999999999971	12
145.1999999999971	51
145.1999999999971	18
145.1999999999971	60
145.1999999999971	57
145.1999999999971	13
145.1999999999971	46
145.1999999999971	50
145.1999999999971	26
145.1999999999971	63
145.1999999999971	9
145.1999999999971	35
145.1999999999971	11
145.1999999999971	40
145.1999999999971	29
145.1999999999971	14
145.1999999999971	53
145.29999999998836	1
145.29999999998836	42
145.29999999998836	10
145.29999999998836	48
145.29999999998836	49
145.29999999998836	8
145.29999999998836	62
145.29999999998836	37
145.29999999998836	2
145.29999999998836	20
145.29999999998836	38
145.79999999998836	4
145.89999999999418	7
146.0	27
146.0	19
145.5	59
145.5	30
145.5	44
145.5	25
145.59999999999127	5
145.59999999999127	32
150.09999999999127	22
150.09999999999127	28
150.09999999999127	17
150.1999999999971	33
150.1999999999971	41
150.1999999999971	6
150.29999999998836	27
150.29999999998836	59
150.29999999998836	48
150.29999999998836	1
150.29999999998836	3
150.29999999998836	5
150.29999999998836	47
150.29999999998836	31
150.29999999998836	36
150.29999999998836	18
150.29999999998836	15
150.29999999998836	43
150.29999999998836	10
150.79999999998836	44
150.89999999999418	61
150.89999999999418	9
150.89999999999418	46
150.89999999999418	64
151.0	2
151.0	55
151.0	16
151.0	4
151.09999999999127	56
151.1999999999971	60
151.1999999999971	32
151.1999999999971	50
151.1999999999971	49
151.1999999999971	58
150.5	40
150.5	51
150.5	24
150.5	25
150.5	8
150.5	7
150.5	30
150.5	12
150.5	52
150.5	38
150.5	29
150.5	19
150.5	42
150.5	53
150.59999999999127	57
150.59999999999127	35
150.59999999999127	21
150.59999999999127	54
150.59999999999127	14
150.59999999999127	63
150.6999999999971	37
150.6999999999971	62
150.79999999998836	39
150.79999999998836	20
150.79999999998836	23
150.79999999998836	13
150.89999999999418	45
150.89999999999418	34
150.89999999999418	26
150.89999999999418	11
155.29999999998836	22
155.5	28
155.79999999998836	62
156.0	27
156.09999999999127	25
156.1999999999971	17
156.29999999998836	48
155.5	3
155.5	34
155.5	59
155.5	61
155.5	63
155.5	46
155.5	32
155.5	36
155.5	41
155.5	23
155.5	30
155.59999999999127	33
155.59999999999127	16
155.59999999999127	9
155.59999999999127	1
155.59999999999127	18
155.59999999999127	52
155.59999999999127	31
155.59999999999127	6
155.59999999999127	11
155.59999999999127	55
155.59999999999127	56
155.59999999999127	8
155.59999999999127	39
155.6999999999971	21
155.6999999999971	38
155.6999999999971	29
155.6999999999971	24
155.6999999999971	54
155.6999999999971	5
155.6999999999971	40
155.6999999999971	19
155.6999999999971	47
155.6999999999971	43
155.6999999999971	51
155.6999999999971	12
155.6999999999971	53
155.6999999999971	60
155.79999999998836	15
155.79999999998836	44
155.79999999998836	2
155.79999999998836	13
155.79999999998836	57
155.79999999998836	35
155.79999999998836	42
155.79999999998836	26
155.79999999998836	58
155.79999999998836	49
155.79999999998836	14
155.79999999998836	50
155.79999999998836	4
155.79999999998836	20
155.89999999999418	7
155.89999999999418	45
155.89999999999418	64
155.89999999999418	10
156.0	37
160.59999999999127	36
160.6999999999971	22
160.6999999999971	25
160.6999999999971	16
160.6999999999971	46
160.6999999999971	32
160.6999999999971	28
160.6999999999971	31
160.6999999999971	40
160.6999999999971	39
160.6999999999971	19
160.6999999999971	38
160.6999999999971	34
160.6999999999971	21
160.6999999999971	6
160.79999999998836	1
160.79999999998836	63
160.79999999998836	56
160.79999999998836	18
160.79999999998836	53
160.79999999998836	33
160.79999999998836	48
160.79999999998836	64
160.79999999998836	52
160.79999999998836	30
160.79999999998836	62
160.79999999998836	43
160.79999999998836	3
160.79999999998836	27
160.79999999998836	59
160.89999999999418	57
160.89999999999418	42
160.89999999999418	35
161.0	7
161.0	26
161.0	37
161.0	29
161.0	58
161.0	54
161.0	10
161.09999999999127	2
161.09999999999127	11
161.09999999999127	23
161.09999999999127	49
161.1999999999971	20
165.79999999998836	40
165.89999999999418	56
165.89999999999418	50
165.89999999999418	62
166.0	18
166.0	52
166.0	39
166.0	43
166.0	33
166.0	63
166.09999999999127	59
166.1999999999971	27
171.0	56
171.09999999999127	40
171.09999999999127	43
171.09999999999127	62
171.09999999999127	5
171.1999999999971	31
171.29999999998836	28
171.29999999998836	52
176.1999999999971	55
176.29999999998836	56
176.6999999999971	40
176.89999999999418	36
177.29999999998836	5
176.5	43
181.6999999999971	55
182.09999999999127	43
181.89999999999418	53
181.59999999999127	40
181.59999999999127	7
181.59999999999127	10
181.6999999999971	33
181.6999999999971	36
186.5	43
186.59999999999127	55
186.59999999999127	53
186.6999999999971	10
186.6999999999971	7
186.6999999999971	40
186.79999999998836	52
186.79999999998836	30
186.79999999998836	33
187.09999999999127	36
191.89999999999418	40
191.89999999999418	53
191.89999999999418	55
191.89999999999418	21
192.0	7
192.0	10
192.0	33
192.0	30
192.0	52
197.0	40
197.09999999999127	21
197.09999999999127	53
197.09999999999127	16
197.09999999999127	30
197.09999999999127	52
197.1999999999971	7
197.1999999999971	10
197.1999999999971	33
201.6999999999971	44
201.79999999998836	61
202.0	9
202.09999999999127	17
202.1999999999971	51
202.1999999999971	15
202.1999999999971	8
202.1999999999971	54
202.29999999998836	33
202.29999999998836	26
202.29999999998836	3
202.29999999998836	16
202.29999999998836	21
203.29999999998836	10
203.29999999998836	52
203.29999999998836	63
203.29999999998836	1
203.5	30
205.79999999998836	36
205.79999999998836	7
205.79999999998836	46
205.79999999998836	21
205.79999999998836	26
205.79999999998836	16
205.89999999999418	32
205.89999999999418	53
205.89999999999418	8
205.89999999999418	9
205.89999999999418	57
205.89999999999418	1
206.0	10
206.0	5
206.0	61
206.0	31
206.0	28
206.09999999999127	54
206.09999999999127	48
207.1999999999971	54
207.29999999998836	16
207.79999999998836	33
208.0	21
208.0	3
208.1999999999971	1
207.5	23
207.5	63
207.5	30
207.5	52
210.89999999999418	26
211.0	7
211.0	21
211.0	16
211.09999999999127	36
211.09999999999127	1
211.09999999999127	10
211.1999999999971	9
211.1999999999971	61
211.1999999999971	39
211.1999999999971	33
211.1999999999971	18
211.29999999998836	63
211.29999999998836	54
211.5	27
212.29999999998836	16
213.1999999999971	5
213.29999999998836	1
212.5	21
212.5	23
212.5	3
212.5	34
212.6999999999971	52
212.89999999999418	39
216.5	26
216.5	8
216.5	7
216.5	63
216.5	10
216.5	15
216.5	57
216.5	52
216.5	54
216.5	39
216.5	21
216.59999999999127	33
216.59999999999127	18
216.6999999999971	9
216.6999999999971	16
216.6999999999971	62
216.6999999999971	53
216.6999999999971	28
217.09999999999127	14
218.09999999999127	61
218.09999999999127	7
218.1999999999971	5
218.1999999999971	52
218.1999999999971	21
218.1999999999971	16
218.1999999999971	3
218.1999999999971	1
218.29999999998836	17
221.1999999999971	26
221.5	52
221.5	9
221.5	21
221.5	15
221.5	16
221.5	8
221.59999999999127	27
221.59999999999127	18
221.59999999999127	31
221.59999999999127	56
221.59999999999127	39
221.59999999999127	28
221.59999999999127	5
221.59999999999127	57
221.6999999999971	54
221.6999999999971	46
221.6999999999971	62
221.89999999999418	48
222.0	14
222.09999999999127	17
222.09999999999127	61
222.1999999999971	5
222.29999999998836	3
222.29999999998836	1
222.29999999998836	16
222.89999999999418	21
222.5	30
222.5	52
222.6999999999971	7
226.59999999999127	27
226.59999999999127	15
226.59999999999127	8
226.6999999999971	31
226.6999999999971	9
226.6999999999971	54
226.6999999999971	56
226.79999999998836	21
226.79999999998836	16
226.79999999998836	23
226.79999999998836	39
226.79999999998836	62
226.79999999998836	18
226.89999999999418	44
226.89999999999418	5
226.89999999999418	5
227.0	46
227.0	3
227.0	57
227.0	14
227.0	1
227.0	48
227.0	21
227.09999999999127	17
227.29999999998836	26
227.5	7
227.5	30
231.6999999999971	28
231.6999999999971	27
231.6999999999971	43
231.79999999998836	15
231.79999999998836	17
231.79999999998836	39
231.79999999998836	5
231.79999999998836	18
231.79999999998836	8
231.89999999999418	31
231.89999999999418	56
231.89999999999418	57
231.89999999999418	54
231.89999999999418	14
231.89999999999418	62
231.89999999999418	23
232.0	1
232.0	44
232.0	26
232.0	48
232.09999999999127	30
232.1999999999971	7
232.79999999998836	36
232.6999999999971	46
236.79999999998836	63
236.79999999998836	28
236.89999999999418	27
236.89999999999418	26
236.89999999999418	17
236.89999999999418	1
236.89999999999418	15
237.0	5
237.0	45
237.0	14
237.0	54
237.0	62
237.0	18
237.0	39
237.09999999999127	30
237.09999999999127	57
237.09999999999127	7
237.09999999999127	63
237.09999999999127	41
237.09999999999127	41
237.09999999999127	47
237.09999999999127	44
237.09999999999127	31
237.1999999999971	3
237.1999999999971	56
237.29999999998836	23
237.29999999998836	52
238.09999999999127	8
238.09999999999127	8
238.09999999999127	61
238.09999999999127	55
237.59999999999127	36
237.79999999998836	46
240.6999999999971	24
240.79999999998836	45
240.79999999998836	41
241.6999999999971	39
241.79999999998836	51
241.79999999998836	63
241.89999999999418	17
241.89999999999418	41
241.89999999999418	14
242.0	1
242.0	7
242.0	28
242.0	27
242.09999999999127	15
242.09999999999127	57
242.09999999999127	27
242.09999999999127	45
242.09999999999127	40
242.1999999999971	41
242.1999999999971	18
242.1999999999971	62
242.1999999999971	53
242.29999999998836	61
242.29999999998836	56
242.29999999998836	31
242.29999999998836	7
242.5	23
242.5	14
242.59999999999127	36
243.09999999999127	46
245.6999999999971	35
245.89999999999418	24
246.0	34
246.0	22
246.0	41
246.0	17
246.09999999999127	23
246.79999999998836	51
246.89999999999418	41
246.89999999999418	7
246.89999999999418	63
247.0	14
247.09999999999127	45
247.09999999999127	28
247.1999999999971	27
247.1999999999971	18
247.1999999999971	15
247.29999999998836	53
247.29999999998836	61
247.29999999998836	41
247.29999999998836	27
247.6999999999971	57
248.0	31
247.5	36
247.5	7
247.5	26
248.09999999999127	46
250.89999999999418	35
251.0	8
251.09999999999127	46
251.09999999999127	57
251.1999999999971	45
251.1999999999971	23
251.29999999998836	59
251.29999999998836	34
251.29999999998836	12
251.79999999998836	51
252.0	39
252.0	41
252.0	63
252.0	47
252.0	7
252.09999999999127	5
252.09999999999127	14
252.1999999999971	27
252.1999999999971	63
252.1999999999971	30
252.29999999998836	15
252.29999999998836	57
253.0	29
253.0	56
253.09999999999127	27
252.5	41
252.5	61
252.5	54
252.59999999999127	46
252.59999999999127	59
252.59999999999127	7
252.59999999999127	26
256.09999999999127	29
256.6999999999971	61
256.79999999998836	45
256.8999999999942	46
256.8999999999942	31
257.09999999999127	34
256.5	27
257.0	7
257.09999999999127	49
257.1999999999971	17
257.1999999999971	26
257.1999999999971	39
257.29999999998836	27
257.29999999998836	30
257.29999999998836	34
257.29999999998836	14
258.09999999999127	41
257.5	46
257.5	29
257.6999999999971	57
257.79999999998836	54
257.5	59
257.59999999999127	26
261.6999999999971	29
261.5	45
261.5	61
261.59999999999127	34
262.29999999998836	41
262.29999999998836	17
262.29999999998836	57
262.29999999998836	29
262.29999999998836	12
262.29999999998836	63
262.59999999999127	31
262.8999999999942	49
262.5	26
262.8999999999942	26
263.0	34
263.0	46
263.0	39
263.09999999999127	14
263.1999999999971	62
263.1999999999971	59
266.79999999998836	26
266.5	29
266.5	1
266.59999999999127	28
266.59999999999127	45
266.6999999999971	61
266.6999999999971	49
266.8999999999942	34
266.8999999999942	63
266.8999999999942	12
266.8999999999942	39
267.0	41
267.0	57
267.09999999999127	16
267.09999999999127	29
267.09999999999127	52
267.1999999999971	34
267.29999999998836	17
267.29999999998836	31
267.29999999998836	26
267.29999999998836	59
267.5	33
267.5	14
271.59999999999127	26
271.6999999999971	29
271.79999999998836	45
271.79999999998836	41
271.79999999998836	55
271.8999999999942	17
271.8999999999942	49
271.8999999999942	1
271.8999999999942	61
271.8999999999942	5
271.8999999999942	16
272.1999999999971	45
272.1999999999971	52
272.1999999999971	63
272.1999999999971	57
272.1999999999971	33
272.1999999999971	16
272.1999999999971	30
272.1999999999971	22
272.1999999999971	34
272.1999999999971	34
272.1999999999971	26
272.29999999998836	28
272.29999999998836	54
273.1999999999971	17
272.5	28
276.6999999999971	15
276.79999999998836	55
276.79999999998836	45
276.8999999999942	61
276.8999999999942	22
276.8999999999942	16
276.8999999999942	33
277.0	29
277.0	1
277.0	5
277.0	26
277.0	49
277.09999999999127	34
277.09999999999127	34
277.09999999999127	40
277.09999999999127	49
277.1999999999971	26
277.1999999999971	57
277.29999999998836	28
277.29999999998836	30
277.6999999999971	22
278.1999999999971	28
281.6999999999971	15
281.79999999998836	26
281.79999999998836	29
281.8999999999942	45
282.0	34
282.0	22
282.0	5
282.09999999999127	16
282.09999999999127	28
282.09999999999127	61
282.09999999999127	30
282.09999999999127	30
282.09999999999127	5
282.1999999999971	34
282.29999999998836	49
282.29999999998836	26
282.29999999998836	44
282.29999999998836	22
282.59999999999127	49
282.6999999999971	57
282.6999999999971	8
282.5	24
282.59999999999127	28
286.09999999999127	30
286.09999999999127	15
286.79999999998836	39
286.79999999998836	15
286.79999999998836	45
286.8999999999942	17
286.8999999999942	1
286.8999999999942	53
287.0	29
287.0	26
287.0	28
287.0	22
287.09999999999127	5
287.1999999999971	34
287.1999999999971	30
287.1999999999971	46
287.1999999999971	30
287.1999999999971	39
287.29999999998836	14
288.0	56
287.5	49
287.79999999998836	49
288.09999999999127	24
288.09999999999127	57
288.09999999999127	26
287.5	8
287.59999999999127	5
287.79999999998836	28
291.0	53
291.09999999999127	24
291.1999999999971	41
291.1999999999971	17
291.1999999999971	15
291.79999999998836	28
291.79999999998836	45
291.8999999999942	1
291.8999999999942	34
292.0	53
292.0	26
292.0	17
292.09999999999127	45
292.09999999999127	18
292.09999999999127	18
292.09999999999127	55
292.1999999999971	14
292.1999999999971	12
292.1999999999971	30
292.1999999999971	46
292.29999999998836	30
292.29999999998836	57
292.29999999998836	5
292.29999999998836	28
292.29999999998836	49
292.29999999998836	24
292.5	8
293.0	31
293.09999999999127	33
293.09999999999127	49
296.09999999999127	35
296.29999999998836	49
296.29999999998836	24
296.29999999998836	59
297.0	17
296.79999999998836	45
296.79999999998836	34
296.79999999998836	28
296.8999999999942	52
296.8999999999942	41
297.09999999999127	5
297.1999999999971	45
297.1999999999971	56
297.1999999999971	24
297.1999999999971	18
297.1999999999971	5
297.1999999999971	57
297.5	15
297.5	30
297.5	63
297.5	63
297.6999999999971	31
297.5	28
297.6999999999971	49
297.6999999999971	39
301.29999999998836	35
301.5	49
301.5	59
301.59999999999127	17
301.59999999999127	24
301.79999999998836	34
301.8999999999942	45
302.0	28
302.0	18
302.09999999999127	40
302.09999999999127	7
302.1999999999971	24
302.1999999999971	5
302.1999999999971	53
302.1999999999971	54
302.29999999998836	31
302.59999999999127	18
302.5	52
302.5	63
302.59999999999127	28
302.79999999998836	49
305.29999999998836	49
305.79999999998836	18
305.8999999999942	57
306.59999999999127	35
306.6999999999971	17
306.6999999999971	59
306.8999999999942	34
306.8999999999942	18
307.0	61
307.0	56
307.09999999999127	57
307.09999999999127	45
307.09999999999127	53
307.09999999999127	31
307.1999999999971	40
307.1999999999971	7
308.0	53
308.0	28
308.0	28
308.0	7
308.0	52
308.0	18
308.0	62
308.0	62
308.0	49
308.09999999999127	63
308.09999999999127	5
308.09999999999127	1
308.09999999999127	54
310.6999999999971	7
310.79999999998836	57
310.79999999998836	56
310.8999999999942	18
311.8999999999942	61
311.8999999999942	15
311.8999999999942	29
312.0	31
312.0	35
312.0	57
312.0	56
312.09999999999127	62
312.09999999999127	34
312.1999999999971	18
312.1999999999971	33
312.1999999999971	45
312.29999999998836	7
312.29999999998836	24
312.29999999998836	53
312.29999999998836	62
312.5	31
312.59999999999127	5
312.6999999999971	1
312.5	7
312.59999999999127	35
312.6999999999971	49
315.79999999998836	7
315.5	53
316.79999999998836	29
316.79999999998836	49
316.8999999999942	53
316.8999999999942	54
317.0	62
317.0	17
317.0	56
317.09999999999127	57
317.09999999999127	59
317.1999999999971	18
317.1999999999971	33
317.1999999999971	35
317.1999999999971	17
317.29999999998836	31
317.29999999998836	24
317.29999999998836	53
317.79999999998836	34
317.79999999998836	7
317.8999999999942	15
317.8999999999942	5
318.0	62
317.5	1
317.5	14
317.59999999999127	49
317.59999999999127	35
320.5	33
321.79999999998836	54
321.79999999998836	49
322.6999999999971	63
322.6999999999971	7
322.6999999999971	31
322.6999999999971	57
322.6999999999971	29
322.6999999999971	55
322.6999999999971	27
322.6999999999971	32
322.6999999999971	62
322.6999999999971	62
322.6999999999971	40
322.6999999999971	5
322.6999999999971	56
322.6999999999971	14
322.6999999999971	17
322.6999999999971	17
322.6999999999971	8
322.6999999999971	49
322.6999999999971	35
322.6999999999971	35
322.6999999999971	1
322.6999999999971	59
322.79999999998836	18
322.79999999998836	34
325.79999999998836	44
326.09999999999127	29
326.09999999999127	49
326.09999999999127	45
326.8999999999942	49
326.8999999999942	54
326.8999999999942	52
327.0	29
327.0	63
327.0	62
327.09999999999127	55
327.09999999999127	44
327.09999999999127	1
327.09999999999127	8
327.1999999999971	31
327.1999999999971	62
327.1999999999971	62
327.1999999999971	49
327.29999999998836	35
327.29999999998836	17
327.29999999998836	54
327.29999999998836	29
327.29999999998836	5
327.6999999999971	17
328.0	44
327.59999999999127	14
327.5	44
327.5	62
327.5	27
327.5	34
327.5	57
327.5	59
327.59999999999127	18
327.59999999999127	7
327.79999999998836	35
331.09999999999127	49
331.1999999999971	30
331.6999999999971	32
331.79999999998836	15
331.8999999999942	59
331.8999999999942	52
331.8999999999942	29
331.8999999999942	35
332.0	61
332.0	31
332.0	63
332.09999999999127	44
332.09999999999127	26
332.09999999999127	8
332.09999999999127	61
332.1999999999971	59
332.29999999998836	5
332.29999999998836	1
332.29999999998836	45
332.29999999998836	29
332.29999999998836	54
332.29999999998836	62
332.29999999998836	62
332.29999999998836	44
332.29999999998836	14
332.29999999998836	62
332.29999999998836	44
333.1999999999971	27
332.5	34
332.5	53
332.5	7
332.6999999999971	39
332.8999999999942	28
336.1999999999971	1
336.29999999998836	41
336.6999999999971	32
336.8999999999942	15
336.8999999999942	15
337.0	1
337.0	31
337.0	35
337.09999999999127	29
337.09999999999127	59
337.09999999999127	44
337.09999999999127	24
337.09999999999127	55
337.09999999999127	44
337.1999999999971	44
337.1999999999971	18
337.1999999999971	53
337.1999999999971	8
337.1999999999971	49
337.1999999999971	54
337.29999999998836	62
337.29999999998836	53
337.29999999998836	5
337.29999999998836	26
337.29999999998836	40
337.29999999998836	33
337.29999999998836	62
338.09999999999127	45
338.09999999999127	63
338.09999999999127	7
338.09999999999127	14
338.09999999999127	27
338.09999999999127	8
338.1999999999971	34
338.1999999999971	1
338.1999999999971	39
338.29999999998836	29
341.29999999998836	1
341.5	41
341.5	30
341.8999999999942	41
342.0	15
342.0	44
342.0	24
342.0	32
342.0	56
342.0	57
342.09999999999127	59
342.09999999999127	31
342.09999999999127	55
342.09999999999127	15
342.09999999999127	45
342.1999999999971	44
342.1999999999971	1
342.1999999999971	30
342.1999999999971	27
342.1999999999971	31
342.1999999999971	8
342.1999999999971	7
342.1999999999971	15
342.1999999999971	61
342.1999999999971	27
342.1999999999971	34
342.29999999998836	62
342.29999999998836	8
342.29999999998836	14
342.29999999998836	29
342.29999999998836	27
342.79999999998836	45
342.8999999999942	35
343.0	53
343.0	29
343.0	33
343.09999999999127	44
343.09999999999127	57
343.09999999999127	62
343.1999999999971	54
343.29999999998836	5
343.29999999998836	5
342.5	26
342.5	1
342.59999999999127	56
342.6999999999971	8
342.6999999999971	49
342.6999999999971	30
342.6999999999971	30
342.6999999999971	39
342.6999999999971	40
342.79999999998836	63
342.79999999998836	63
345.79999999998836	35
345.79999999998836	35
345.79999999998836	34
346.6999999999971	41
346.6999999999971	49
346.79999999998836	44
346.8999999999942	55
346.8999999999942	24
347.0	45
347.0	55
347.0	59
347.09999999999127	15
347.1999999999971	32
347.1999999999971	41
347.1999999999971	7
347.1999999999971	44
347.1999999999971	15
347.1999999999971	8
347.1999999999971	31
347.29999999998836	57
347.29999999998836	27
347.29999999998836	27
347.29999999998836	27
347.29999999998836	45
347.29999999998836	34
347.29999999998836	34
347.29999999998836	31
347.29999999998836	53
347.29999999998836	15
347.79999999998836	62
347.5	29
348.09999999999127	54
348.1999999999971	40
347.5	29
347.5	8
347.5	8
347.5	1
347.5	61
347.5	44
347.5	5
347.5	35
347.59999999999127	24
347.59999999999127	24
347.59999999999127	24
347.59999999999127	30
347.59999999999127	30
347.59999999999127	63
347.59999999999127	63
347.59999999999127	39
347.6999999999971	14
347.6999999999971	26
347.6999999999971	56
348.5	35
348.5	35
350.1999999999971	61
350.59999999999127	34
350.6999999999971	8
351.09999999999127	35
351.6999999999971	39
351.8999999999942	44
351.8999999999942	18
351.8999999999942	41
351.8999999999942	49
352.0	55
352.0	63
352.0	8
352.0	40
352.09999999999127	27
352.09999999999127	59
352.09999999999127	41
352.09999999999127	24
352.09999999999127	24
352.09999999999127	5
352.1999999999971	35
352.1999999999971	59
352.1999999999971	26
352.1999999999971	34
352.1999999999971	57
352.1999999999971	56
352.1999999999971	56
352.1999999999971	31
352.1999999999971	27
352.29999999998836	31
352.29999999998836	7
352.29999999998836	1
352.29999999998836	8
352.29999999998836	45
352.29999999998836	15
352.29999999998836	40
352.29999999998836	8
352.29999999998836	15
352.29999999998836	54
352.29999999998836	27
353.09999999999127	8
353.09999999999127	35
353.09999999999127	61
353.09999999999127	18
353.09999999999127	44
353.09999999999127	29
353.09999999999127	28
353.09999999999127	24
353.09999999999127	30
353.09999999999127	63
353.09999999999127	63
353.09999999999127	63
353.09999999999127	14
353.09999999999127	14
353.09999999999127	32
353.09999999999127	5
353.79999999998836	39
353.79999999998836	39
353.8999999999942	17
353.8999999999942	17
353.8999999999942	35
353.8999999999942	62
354.09999999999127	56
354.1999999999971	52
355.79999999998836	34
355.79999999998836	61
355.8999999999942	56
357.1999999999971	56
357.1999999999971	59
357.1999999999971	39
357.1999999999971	44
357.1999999999971	24
357.1999999999971	5
357.1999999999971	27
357.1999999999971	18
357.1999999999971	57
357.1999999999971	1
357.1999999999971	35
357.1999999999971	55
357.1999999999971	1
357.1999999999971	31
357.1999999999971	35
357.1999999999971	34
357.1999999999971	35
357.1999999999971	15
357.1999999999971	39
357.79999999998836	15
358.0	26
358.09999999999127	7
358.1999999999971	24
358.1999999999971	24
358.1999999999971	5
358.1999999999971	56
358.1999999999971	56
358.1999999999971	61
358.29999999998836	18
358.29999999998836	59
357.5	27
357.5	27
357.5	31
357.5	31
357.5	45
357.5	33
357.5	41
357.5	32
357.5	44
357.5	14
357.5	14
357.5	62
357.5	62
357.5	29
357.5	39
357.5	30
357.5	52
357.5	32
357.5	34
357.5	8
357.5	8
357.5	17
357.5	63
357.5	63
357.5	63
357.5	17
357.5	28
357.59999999999127	54
357.59999999999127	40
357.59999999999127	40
357.59999999999127	35
357.6999999999971	35
360.09999999999127	35
360.59999999999127	5
360.6999999999971	56
360.79999999998836	55
361.8999999999942	44
361.8999999999942	18
362.0	57
362.0	52
362.0	1
362.0	27
362.0	18
362.09999999999127	40
362.09999999999127	39
362.09999999999127	31
362.09999999999127	63
362.09999999999127	56
362.1999999999971	15
362.1999999999971	45
362.1999999999971	1
362.1999999999971	40
362.1999999999971	54
362.1999999999971	61
362.1999999999971	55
362.1999999999971	35
362.29999999998836	56
362.29999999998836	31
362.29999999998836	33
362.29999999998836	62
362.29999999998836	28
362.29999999998836	29
362.29999999998836	5
362.29999999998836	39
362.29999999998836	45
362.29999999998836	63
362.29999999998836	62
362.29999999998836	15
362.5	35
362.59999999999127	33
362.6999999999971	8
362.6999999999971	7
362.79999999998836	5
362.79999999998836	17
363.1999999999971	29
363.29999999998836	17
362.5	8
362.5	39
362.5	24
362.5	24
362.5	24
362.5	26
362.5	18
362.5	14
362.5	44
362.5	35
362.5	15
362.59999999999127	27
362.59999999999127	34
362.59999999999127	32
362.59999999999127	59
362.59999999999127	59
362.59999999999127	41
362.59999999999127	34
362.6999999999971	56
362.79999999998836	52
362.8999999999942	40
362.8999999999942	35
365.5	35
365.8999999999942	55
366.8999999999942	34
367.09999999999127	31
367.09999999999127	18
367.09999999999127	18
367.09999999999127	28
367.09999999999127	27
367.09999999999127	56
367.09999999999127	15
367.1999999999971	40
367.1999999999971	56
367.1999999999971	55
367.1999999999971	56
367.1999999999971	15
367.29999999998836	26
367.29999999998836	33
367.29999999998836	54
367.29999999998836	33
367.29999999998836	7
367.29999999998836	62
367.29999999998836	61
367.29999999998836	8
367.29999999998836	1
367.29999999998836	40
368.09999999999127	17
368.09999999999127	17
368.1999999999971	32
368.1999999999971	32
368.1999999999971	32
368.1999999999971	52
368.29999999998836	59
368.29999999998836	27
368.29999999998836	29
368.29999999998836	29
368.29999999998836	5
368.29999999998836	5
367.5	40
367.5	8
367.5	34
367.5	44
367.5	41
367.59999999999127	35
367.59999999999127	26
367.59999999999127	35
367.59999999999127	24
367.59999999999127	15
367.59999999999127	56
367.59999999999127	24
367.59999999999127	14
367.59999999999127	31
367.59999999999127	63
367.59999999999127	63
367.59999999999127	59
367.59999999999127	35
367.6999999999971	34
367.6999999999971	39
367.6999999999971	39
367.79999999998836	18
367.79999999998836	24
370.8999999999942	35
371.0	55
371.0	29
371.09999999999127	44
371.1999999999971	35
371.1999999999971	35
371.8999999999942	31
371.8999999999942	28
372.29999999998836	49
372.29999999998836	61
372.79999999998836	49
372.5	17
373.09999999999127	62
373.09999999999127	62
372.5	35
372.5	8
372.5	8
372.5	63
372.5	63
372.5	27
372.5	52
372.59999999999127	56
372.59999999999127	56
372.59999999999127	56
372.59999999999127	31
372.59999999999127	24
372.6999999999971	29
372.79999999998836	7
372.79999999998836	39
373.09999999999127	55
373.0	15
373.0	15
373.0	5
373.0	15
373.0	35
373.0	59
373.0	59
373.0	24
373.0	24
373.0	1
373.0	27
373.0	34
373.0	26
373.0	26
373.09999999999127	28
373.09999999999127	31
373.09999999999127	18
373.09999999999127	18
373.09999999999127	35
373.09999999999127	33
373.09999999999127	54
373.09999999999127	39
373.09999999999127	41
373.09999999999127	14
373.09999999999127	14
373.1999999999971	56
373.1999999999971	17
373.1999999999971	17
373.1999999999971	17
373.29999999998836	44
373.29999999998836	32
373.5	40
373.5	40
373.5	40
376.29999999998836	44
376.5	35
376.59999999999127	35
377.0	28
377.0	17
377.09999999999127	62
377.09999999999127	39
377.09999999999127	31
377.09999999999127	27
377.1999999999971	61
377.1999999999971	55
377.1999999999971	33
377.1999999999971	32
377.29999999998836	28
377.29999999998836	7
377.29999999998836	31
377.29999999998836	17
377.29999999998836	44
377.29999999998836	26
377.29999999998836	26
377.29999999998836	40
377.29999999998836	14
377.29999999998836	29
377.29999999998836	14
377.5	35
377.6999999999971	15
377.5	31
377.6999999999971	62
377.6999999999971	56
377.6999999999971	56
377.79999999998836	24
377.79999999998836	41
377.79999999998836	41
377.79999999998836	59
377.79999999998836	17
377.8999999999942	40
377.5	59
377.5	27
377.5	34
377.5	15
377.5	33
377.5	35
377.5	49
377.5	61
377.59999999999127	24
377.59999999999127	1
377.59999999999127	8
377.59999999999127	63
377.59999999999127	5
377.59999999999127	35
377.59999999999127	39
377.59999999999127	63
377.59999999999127	52
377.6999999999971	18
377.6999999999971	18
377.79999999998836	54
378.09999999999127	62
378.09999999999127	28
381.59999999999127	44
382.0	35
382.0	32
382.09999999999127	17
382.09999999999127	35
382.09999999999127	28
382.09999999999127	62
382.09999999999127	32
382.1999999999971	14
382.1999999999971	27
382.1999999999971	59
382.1999999999971	54
382.1999999999971	34
382.1999999999971	39
382.1999999999971	39
382.1999999999971	55
382.1999999999971	40
382.1999999999971	63
382.29999999998836	33
382.29999999998836	18
382.29999999998836	18
382.29999999998836	44
382.29999999998836	15
382.29999999998836	40
382.29999999998836	40
382.29999999998836	56
382.29999999998836	26
382.29999999998836	26
382.29999999998836	28
382.59999999999127	35
382.59999999999127	31
382.6999999999971	54
382.79999999998836	24
382.79999999998836	24
382.79999999998836	14
382.79999999998836	33
382.79999999998836	17
383.09999999999127	15
383.09999999999127	56
383.1999999999971	27
383.1999999999971	7
382.5	62
382.5	17
382.59999999999127	35
382.59999999999127	32
382.59999999999127	61
382.59999999999127	35
382.59999999999127	49
382.59999999999127	35
382.59999999999127	59
382.59999999999127	29
382.59999999999127	29
382.59999999999127	41
382.59999999999127	41
382.59999999999127	39
382.59999999999127	52
382.59999999999127	5
382.59999999999127	1
382.59999999999127	8
382.59999999999127	8
382.6999999999971	63
382.79999999998836	35
383.0	28
384.5	35
384.5	35
387.0	33
387.0	27
387.0	24
387.0	49
387.0	35
387.0	14
387.09999999999127	59
387.1999999999971	32
387.1999999999971	40
387.1999999999971	55
387.1999999999971	32
387.1999999999971	28
387.1999999999971	8
387.1999999999971	35
387.1999999999971	1
387.1999999999971	40
387.1999999999971	39
387.29999999998836	63
387.29999999998836	56
387.29999999998836	35
387.29999999998836	54
387.29999999998836	15
387.29999999998836	62
387.29999999998836	17
388.0	17
387.59999999999127	33
387.6999999999971	14
387.79999999998836	18
387.8999999999942	33
388.0	54
388.0	32
388.0	31
388.0	41
388.09999999999127	56
388.29999999998836	34
388.29999999998836	27
388.29999999998836	35
387.5	15
387.5	18
387.5	5
387.5	39
387.5	52
387.5	35
387.5	8
387.5	59
387.5	28
387.5	14
387.5	57
387.5	7
387.5	44
387.5	63
387.59999999999127	49
387.59999999999127	29
387.59999999999127	26
387.59999999999127	5
387.59999999999127	24
387.59999999999127	26
387.59999999999127	40
387.59999999999127	35
387.59999999999127	61
387.59999999999127	35
387.59999999999127	41
387.59999999999127	62
387.59999999999127	29
387.59999999999127	57
387.59999999999127	35
387.59999999999127	49
387.6999999999971	17
387.6999999999971	35
387.8999999999942	28
389.6999999999971	35
390.0	35
390.1999999999971	49
390.5	33
391.59999999999127	24
391.6999999999971	35
391.79999999998836	49
391.79999999998836	27
391.8999999999942	44
392.0	40
392.0	59
392.09999999999127	14
392.1999999999971	34
392.1999999999971	61
392.1999999999971	35
392.29999999998836	32
392.29999999998836	55
392.29999999998836	55
392.29999999998836	41
392.29999999998836	44
393.29999999998836	31
392.5	1
392.5	15
392.5	15
392.59999999999127	54
392.59999999999127	54
392.6999999999971	26
392.6999999999971	40
392.6999999999971	28
393.09999999999127	8
393.09999999999127	62
393.1999999999971	55
393.1999999999971	33
393.1999999999971	32
393.1999999999971	17
392.5	5
392.5	14
392.5	14
392.5	29
392.5	29
392.5	61
392.5	41
392.5	33
392.5	56
392.5	52
392.59999999999127	35
392.59999999999127	7
392.59999999999127	35
392.59999999999127	59
392.59999999999127	59
392.59999999999127	62
392.59999999999127	28
392.59999999999127	29
392.59999999999127	24
392.59999999999127	63
392.59999999999127	57
392.59999999999127	27
392.59999999999127	57
392.59999999999127	35
392.59999999999127	40
392.6999999999971	49
392.6999999999971	49
392.6999999999971	44
392.79999999998836	39
392.79999999998836	39
392.79999999998836	35
392.79999999998836	18
392.8999999999942	34
392.8999999999942	35
393.0	26
393.0	35
394.8999999999942	35
395.0	35
395.1999999999971	49
395.5	33
396.59999999999127	24
396.79999999998836	59
396.8999999999942	27
397.0	44
397.0	40
397.0	41
397.09999999999127	32
397.1999999999971	29
397.1999999999971	41
397.29999999998836	26
397.29999999998836	55
397.29999999998836	61
397.29999999998836	61
397.59999999999127	54
397.79999999998836	57
397.79999999998836	14
397.79999999998836	29
397.5	29
397.5	33
397.5	35
397.5	24
397.5	28
397.5	62
397.5	31
397.5	52
397.5	5
397.5	55
397.5	41
397.5	61
397.5	7
397.5	44
397.5	15
397.59999999999127	56
397.59999999999127	1
397.59999999999127	32
397.59999999999127	17
397.59999999999127	52
397.59999999999127	54
397.59999999999127	55
397.59999999999127	33
397.59999999999127	14
397.6999999999971	18
397.6999999999971	52
397.6999999999971	27
397.6999999999971	63
397.6999999999971	35
397.6999999999971	57
397.6999999999971	26
397.6999999999971	35
397.6999999999971	34
397.79999999998836	35
397.79999999998836	7
397.79999999998836	40
397.79999999998836	35
397.79999999998836	44
397.79999999998836	59
397.79999999998836	59
397.8999999999942	35
398.0	28
398.0	49
398.09999999999127	35
400.6999999999971	14
401.6999999999971	24
401.6999999999971	32
401.6999999999971	59
401.8999999999942	33
402.0	44
402.0	55
402.0	31
402.0	35
402.09999999999127	41
402.09999999999127	61
402.09999999999127	29
402.1999999999971	26
402.29999999998836	57
402.29999999998836	49
402.29999999998836	61
403.09999999999127	54
403.09999999999127	33
402.5	41
402.5	62
402.5	28
402.5	55
402.5	24
402.5	29
402.59999999999127	18
402.59999999999127	59
402.59999999999127	56
402.59999999999127	31
402.59999999999127	44
402.59999999999127	61
402.59999999999127	7
402.59999999999127	32
402.59999999999127	17
402.59999999999127	41
402.59999999999127	40
402.59999999999127	52
402.59999999999127	52
402.59999999999127	63
402.59999999999127	33
402.6999999999971	44
403.0	52
403.0	59
403.0	35
403.0	1
403.0	28
403.0	35
403.09999999999127	55
403.09999999999127	27
403.09999999999127	35
403.09999999999127	57
403.09999999999127	26
403.09999999999127	15
403.09999999999127	49
403.09999999999127	5
403.09999999999127	7
403.59999999999127	35
403.59999999999127	14
403.59999999999127	14
403.59999999999127	54
403.59999999999127	34
403.6999999999971	35
403.6999999999971	35
403.6999999999971	35
403.6999999999971	35
403.79999999998836	35
406.6999999999971	32
406.6999999999971	59
406.8999999999942	24
406.8999999999942	33
407.0	31
407.0	61
407.0	61
407.0	44
407.09999999999127	40
407.09999999999127	57
407.1999999999971	40
407.1999999999971	57
407.1999999999971	41
407.1999999999971	55
407.1999999999971	1
407.1999999999971	35
407.1999999999971	61
407.1999999999971	49
407.29999999998836	35
407.29999999998836	52
407.29999999998836	59
407.59999999999127	33
407.5	55
407.5	18
407.59999999999127	28
407.59999999999127	28
407.59999999999127	31
407.59999999999127	52
407.59999999999127	63
407.59999999999127	17
407.59999999999127	7
407.59999999999127	40
407.59999999999127	44
407.6999999999971	54
407.6999999999971	52
407.6999999999971	59
407.79999999998836	34
407.79999999998836	35
407.79999999998836	35
407.79999999998836	62
407.79999999998836	29
407.79999999998836	24
407.79999999998836	1
407.79999999998836	7
407.79999999998836	61
407.79999999998836	27
407.79999999998836	35
407.8999999999942	5
407.8999999999942	35
407.8999999999942	15
407.8999999999942	57
407.8999999999942	35
407.8999999999942	49
407.8999999999942	35
407.8999999999942	55
408.0	14
408.0	14
408.0	35
408.0	33
408.0	26
408.0	41
408.0	41
408.09999999999127	56
408.59999999999127	35
411.09999999999127	32
412.0	24
412.0	44
412.0	33
412.0	61
412.09999999999127	57
412.09999999999127	55
412.09999999999127	1
412.09999999999127	40
412.1999999999971	35
412.1999999999971	32
412.1999999999971	57
412.29999999998836	40
412.29999999998836	52
412.29999999998836	33
412.5	32
412.5	41
412.5	18
412.5	29
412.5	7
412.59999999999127	54
412.6999999999971	1
412.6999999999971	17
412.6999999999971	28
412.6999999999971	34
412.6999999999971	35
412.6999999999971	31
412.6999999999971	41
412.6999999999971	15
412.6999999999971	24
412.6999999999971	52
412.6999999999971	52
412.79999999998836	35
412.79999999998836	40
412.79999999998836	44
412.79999999998836	63
412.79999999998836	41
412.79999999998836	5
412.79999999998836	55
412.79999999998836	7
412.79999999998836	33
412.8999999999942	27
412.8999999999942	59
412.8999999999942	35
412.8999999999942	35
412.8999999999942	57
412.8999999999942	26
412.8999999999942	35
412.8999999999942	14
412.8999999999942	35
412.8999999999942	29
412.8999999999942	62
413.0	35
413.0	32
413.0	35
413.09999999999127	49
413.09999999999127	61
413.29999999998836	35
416.8999999999942	55
417.0	44
417.0	32
417.0	61
417.0	1
417.09999999999127	24
417.09999999999127	33
417.6999999999971	52
417.79999999998836	57
417.79999999998836	57
417.79999999998836	32
417.8999999999942	40
418.09999999999127	27
418.09999999999127	29
418.6999999999971	35
418.6999999999971	35
418.6999999999971	15
418.6999999999971	1
418.6999999999971	18
418.6999999999971	63
418.6999999999971	17
418.6999999999971	32
418.6999999999971	61
418.6999999999971	31
418.6999999999971	28
418.6999999999971	62
418.6999999999971	59
418.6999999999971	29
418.6999999999971	54
418.6999999999971	35
418.6999999999971	57
418.6999999999971	49
418.6999999999971	26
418.6999999999971	35
418.6999999999971	35
418.6999999999971	55
418.79999999998836	35
418.79999999998836	14
418.79999999998836	27
418.79999999998836	24
418.79999999998836	33
418.79999999998836	7
418.79999999998836	44
418.79999999998836	41
418.79999999998836	41
418.8999999999942	40
418.8999999999942	35
418.8999999999942	34
418.8999999999942	35
418.8999999999942	35
419.0	35
421.79999999998836	55
422.0	44
422.09999999999127	1
422.09999999999127	61
422.1999999999971	33
422.1999999999971	24
422.1999999999971	18
422.29999999998836	35
422.29999999998836	35
422.5	57
422.5	57
422.6999999999971	41
423.0	32
422.5	35
422.6999999999971	54
422.6999999999971	1
422.6999999999971	35
422.6999999999971	18
422.6999999999971	55
422.6999999999971	15
422.79999999998836	17
422.79999999998836	27
422.79999999998836	35
422.79999999998836	32
422.8999999999942	57
422.8999999999942	49
422.8999999999942	26
422.8999999999942	35
422.8999999999942	61
422.8999999999942	29
422.8999999999942	59
422.8999999999942	34
422.8999999999942	62
422.8999999999942	40
422.8999999999942	31
422.8999999999942	41
422.8999999999942	63
422.8999999999942	33
422.8999999999942	7
422.8999999999942	35
422.8999999999942	44
422.8999999999942	35
423.0	14
423.0	35
423.0	35
423.0	35
423.0	24
423.09999999999127	28
426.8999999999942	44
427.0	61
427.0	1
427.09999999999127	35
427.1999999999971	18
427.29999999998836	61
427.29999999998836	41
428.09999999999127	33
427.5	32
427.6999999999971	35
427.8999999999942	61
427.8999999999942	62
427.8999999999942	28
427.8999999999942	18
427.8999999999942	55
427.8999999999942	40
427.8999999999942	34
427.8999999999942	27
427.8999999999942	59
427.8999999999942	35
427.8999999999942	7
427.8999999999942	33
427.8999999999942	15
427.8999999999942	35
427.8999999999942	54
427.8999999999942	29
427.8999999999942	35
427.8999999999942	35
427.8999999999942	26
428.0	41
428.0	35
428.0	17
428.0	14
428.0	24
428.09999999999127	35
428.09999999999127	44
428.09999999999127	63
428.09999999999127	49
428.09999999999127	57
428.09999999999127	35
428.09999999999127	1
428.1999999999971	32
431.8999999999942	59
431.8999999999942	32
432.0	41
432.0	1
432.1999999999971	61
432.1999999999971	18
432.29999999998836	33
433.29999999998836	32
432.59999999999127	54
432.79999999998836	32
432.79999999998836	35
432.8999999999942	28
432.8999999999942	29
432.8999999999942	61
432.8999999999942	59
432.8999999999942	33
432.8999999999942	55
432.8999999999942	62
432.8999999999942	15
432.8999999999942	7
432.8999999999942	35
432.8999999999942	41
432.8999999999942	27
432.8999999999942	1
433.0	44
433.29999999998836	35
433.29999999998836	35
433.29999999998836	18
433.29999999998836	17
433.29999999998836	63
433.29999999998836	35
433.29999999998836	57
433.29999999998836	54
433.29999999998836	26
433.8999999999942	24
434.0	35
434.0	34
434.0	49
434.0	35
437.1999999999971	32
437.29999999998836	18
437.5	54
437.5	49
437.5	32
437.79999999998836	32
437.8999999999942	61
437.8999999999942	28
437.8999999999942	7
437.8999999999942	62
437.8999999999942	55
438.0	18
438.0	34
438.0	59
438.0	63
438.0	35
438.0	35
438.0	44
438.0	35
438.0	57
438.09999999999127	35
438.09999999999127	17
438.09999999999127	1
438.09999999999127	35
438.09999999999127	49
438.09999999999127	41
438.09999999999127	33
438.09999999999127	35
438.09999999999127	35
438.09999999999127	29
438.09999999999127	26
438.1999999999971	24
438.1999999999971	54
442.1999999999971	55
442.29999999998836	54
443.0	32
442.59999999999127	32
443.0	41
443.0	63
443.0	28
443.0	1
443.0	32
443.0	62
443.0	61
443.0	7
443.0	35
443.09999999999127	35
443.09999999999127	18
443.09999999999127	59
443.09999999999127	44
443.09999999999127	29
443.09999999999127	24
443.09999999999127	55
443.09999999999127	17
443.09999999999127	35
443.1999999999971	35
443.1999999999971	57
443.1999999999971	35
443.1999999999971	26
443.1999999999971	49
443.1999999999971	54
443.1999999999971	33
443.1999999999971	35
444.29999999998836	34
443.59999999999127	35
447.09999999999127	54
447.1999999999971	55
447.59999999999127	32
448.09999999999127	32
448.09999999999127	32
448.09999999999127	1
448.09999999999127	24
448.1999999999971	54
448.1999999999971	28
448.1999999999971	63
448.1999999999971	35
448.1999999999971	41
448.1999999999971	7
448.1999999999971	35
448.1999999999971	62
448.1999999999971	35
448.1999999999971	55
448.1999999999971	61
448.1999999999971	57
448.1999999999971	35
448.1999999999971	49
448.1999999999971	26
448.1999999999971	35
448.1999999999971	35
448.29999999998836	17
448.29999999998836	59
448.29999999998836	18
448.29999999998836	29
448.29999999998836	33
448.6999999999971	35
448.5	44
452.0	54
452.09999999999127	54
452.8999999999942	55
453.1999999999971	55
452.5	35
453.09999999999127	1
453.09999999999127	28
453.09999999999127	57
453.1999999999971	35
453.1999999999971	24
453.1999999999971	61
453.1999999999971	26
453.1999999999971	54
453.1999999999971	62
453.1999999999971	55
453.1999999999971	17
453.1999999999971	18
453.1999999999971	41
453.1999999999971	35
453.6999999999971	7
453.6999999999971	35
453.79999999998836	63
453.79999999998836	35
453.79999999998836	35
454.0	29
454.0	49
454.0	59
454.0	35
454.1999999999971	44
453.59999999999127	35
456.8999999999942	59
457.0	54
457.1999999999971	54
458.09999999999127	55
457.59999999999127	55
457.59999999999127	35
458.1999999999971	17
458.1999999999971	28
458.1999999999971	54
458.29999999998836	61
458.29999999998836	1
458.29999999998836	35
458.29999999998836	18
458.29999999998836	41
458.29999999998836	35
458.79999999998836	35
459.0	55
459.0	62
459.1999999999971	35
459.29999999998836	7
458.5	59
458.5	49
458.5	35
458.5	57
458.5	35
458.5	26
458.5	44
458.5	24
458.59999999999127	35
458.59999999999127	63
462.09999999999127	59
462.29999999998836	55
462.5	54
462.5	55
463.0	57
463.1999999999971	17
463.29999999998836	54
463.29999999998836	28
463.79999999998836	35
464.0	61
464.09999999999127	35
463.5	35
463.59999999999127	7
463.59999999999127	18
463.59999999999127	1
463.59999999999127	41
463.59999999999127	55
463.59999999999127	63
463.59999999999127	26
463.59999999999127	24
463.59999999999127	35
463.59999999999127	35
463.59999999999127	62
463.59999999999127	49
463.59999999999127	35
463.59999999999127	35
463.6999999999971	59
463.6999999999971	44
465.1999999999971	35
467.29999999998836	59
468.0	55
467.59999999999127	55
468.0	54
468.09999999999127	57
468.79999999998836	17
469.09999999999127	61
469.1999999999971	35
468.5	59
468.5	28
468.5	7
468.5	35
468.59999999999127	55
468.59999999999127	63
468.59999999999127	35
468.59999999999127	62
468.59999999999127	54
468.59999999999127	35
468.59999999999127	49
468.59999999999127	44
468.59999999999127	35
468.59999999999127	35
468.6999999999971	1
468.6999999999971	18
468.79999999998836	24
468.79999999998836	35
468.79999999998836	26
472.59999999999127	35
473.5	17
473.5	63
473.5	61
473.5	59
473.59999999999127	57
473.59999999999127	62
473.59999999999127	35
473.6999999999971	35
473.6999999999971	7
473.6999999999971	28
473.6999999999971	55
473.6999999999971	44
473.79999999998836	35
473.79999999998836	49
473.79999999998836	26
473.79999999998836	1
473.79999999998836	54
473.79999999998836	35
473.79999999998836	24
473.79999999998836	35
473.79999999998836	18
473.8999999999942	35
473.8999999999942	35
477.5	35
478.59999999999127	62
478.59999999999127	17
478.6999999999971	59
478.6999999999971	63
478.6999999999971	1
478.6999999999971	7
478.6999999999971	44
478.6999999999971	61
478.6999999999971	18
478.79999999998836	26
478.79999999998836	54
478.79999999998836	35
478.79999999998836	57
478.79999999998836	35
478.79999999998836	49
478.79999999998836	35
478.79999999998836	24
478.79999999998836	35
478.79999999998836	35
478.79999999998836	35
478.8999999999942	28
478.8999999999942	35
482.29999999998836	35
483.79999999998836	62
483.79999999998836	24
483.79999999998836	1
483.79999999998836	35
483.79999999998836	18
483.79999999998836	26
483.8999999999942	7
483.8999999999942	44
483.8999999999942	35
483.8999999999942	17
483.8999999999942	49
483.8999999999942	59
483.8999999999942	35
484.0	35
484.0	54
484.0	35
484.0	28
484.09999999999127	35
484.09999999999127	61
484.09999999999127	35
484.09999999999127	57
487.09999999999127	35
488.8999999999942	26
488.8999999999942	35
488.8999999999942	24
489.0	1
489.0	49
489.0	44
489.0	35
489.0	35
489.09999999999127	54
489.09999999999127	35
489.09999999999127	7
489.09999999999127	62
489.09999999999127	35
489.09999999999127	35
489.09999999999127	59
489.09999999999127	35
489.09999999999127	57
489.09999999999127	28
489.09999999999127	17
489.09999999999127	61
494.0	35
494.0	35
494.09999999999127	54
494.09999999999127	35
494.09999999999127	49
494.1999999999971	35
494.1999999999971	44
494.1999999999971	28
494.1999999999971	61
494.1999999999971	35
494.1999999999971	57
494.1999999999971	26
494.1999999999971	7
494.1999999999971	62
494.1999999999971	35
494.1999999999971	24
494.1999999999971	59
494.1999999999971	35
494.29999999998836	17
499.09999999999127	35
499.09999999999127	24
499.1999999999971	61
499.1999999999971	35
499.1999999999971	54
499.1999999999971	28
499.1999999999971	57
499.1999999999971	35
499.29999999998836	26
499.29999999998836	35
499.29999999998836	44
499.29999999998836	49
499.29999999998836	62
499.29999999998836	35
499.29999999998836	59
499.29999999998836	35
499.6999999999971	35
499.79999999998836	7
504.1999999999971	61
505.0	59
504.59999999999127	28
504.6999999999971	35
504.6999999999971	62
504.79999999998836	7
504.79999999998836	35
505.29999999998836	54
504.5	44
504.5	35
504.5	26
504.5	57
504.5	35
504.5	35
504.5	49
504.5	35
504.5	35
504.5	24
510.0	61
509.6999999999971	62
509.79999999998836	35
509.5	59
509.5	28
509.5	35
509.5	26
509.59999999999127	44
509.59999999999127	35
509.59999999999127	35
509.59999999999127	35
509.59999999999127	57
509.59999999999127	49
509.59999999999127	35
509.59999999999127	24
514.5999999999913	59
514.6999999999971	35
514.6999999999971	54
514.7999999999884	26
514.7999999999884	49
559.7999999999884	28
