0.0	2
2.0	2
4.0	2
6.0	2
6.900000000001455	53
8.0	2
8.700000000004366	41
8.80000000000291	48
8.900000000001455	53
8.900000000001455	19
10.0	2
10.700000000004366	41
10.80000000000291	48
10.900000000001455	53
11.10000000000582	19
11.400000000001455	12
11.400000000001455	95
11.5	93
12.10000000000582	76
12.5	41
12.700000000004366	2
12.80000000000291	65
12.900000000001455	48
12.900000000001455	19
13.0	53
13.400000000001455	95
13.60000000000582	93
13.80000000000291	76
13.900000000001455	28
15.10000000000582	85
14.700000000004366	7
14.700000000004366	41
14.80000000000291	65
14.900000000001455	48
14.900000000001455	19
15.0	53
15.10000000000582	74
15.400000000001455	95
15.80000000000291	2
15.900000000001455	25
16.10000000000582	28
16.200000000004366	76
16.80000000000291	41
17.10000000000582	85
16.5	70
16.700000000004366	22
16.700000000004366	7
16.900000000001455	53
17.0	19
17.0	56
17.700000000004366	74
17.400000000001455	93
17.60000000000582	48
17.80000000000291	65
17.80000000000291	33
18.0	95
18.10000000000582	25
18.900000000001455	22
18.900000000001455	7
18.900000000001455	74
18.900000000001455	19
18.900000000001455	41
18.900000000001455	85
19.0	6
19.10000000000582	70
19.10000000000582	53
19.400000000001455	95
19.60000000000582	93
19.700000000004366	86
19.700000000004366	28
19.80000000000291	65
19.80000000000291	56
20.0	16
20.0	33
20.200000000004366	48
20.80000000000291	22
20.80000000000291	85
20.80000000000291	20
20.80000000000291	41
20.900000000001455	19
21.0	74
21.0	53
21.0	6
21.5	95
21.80000000000291	86
21.80000000000291	65
21.80000000000291	93
21.900000000001455	48
22.0	25
22.10000000000582	1
22.200000000004366	80
22.200000000004366	100
22.200000000004366	56
22.200000000004366	33
22.200000000004366	16
22.5	51
22.700000000004366	74
22.900000000001455	7
22.900000000001455	20
22.900000000001455	41
23.0	27
23.0	6
23.0	62
23.200000000004366	18
23.200000000004366	85
23.5	70
23.400000000001455	42
23.400000000001455	53
23.5	95
23.5	19
23.700000000004366	28
23.80000000000291	65
24.0	49
24.0	93
24.10000000000582	22
24.5	56
24.400000000001455	16
24.5	1
24.5	51
24.5	14
24.5	39
24.60000000000582	48
24.60000000000582	100
24.900000000001455	74
25.0	6
25.10000000000582	20
25.200000000004366	7
25.400000000001455	27
25.5	95
25.5	18
25.5	86
25.5	45
25.5	19
25.60000000000582	85
25.80000000000291	65
25.80000000000291	48
26.0	56
26.400000000001455	41
26.5	1
26.5	22
26.60000000000582	49
26.60000000000582	16
26.60000000000582	53
26.60000000000582	39
26.60000000000582	62
26.80000000000291	100
27.0	76
27.10000000000582	25
27.10000000000582	58
27.400000000001455	93
27.5	20
27.5	95
27.60000000000582	27
27.700000000004366	80
27.700000000004366	74
27.700000000004366	45
27.700000000004366	19
27.80000000000291	48
27.80000000000291	6
27.900000000001455	96
28.0	49
29.200000000004366	15
29.200000000004366	85
28.400000000001455	1
28.60000000000582	53
28.80000000000291	41
28.80000000000291	65
28.80000000000291	28
28.80000000000291	40
28.900000000001455	56
28.900000000001455	33
28.900000000001455	62
28.900000000001455	100
29.0	27
29.80000000000291	86
30.0	45
29.400000000001455	16
29.400000000001455	83
29.5	95
29.5	39
29.60000000000582	10
29.700000000004366	18
29.80000000000291	48
29.900000000001455	25
29.900000000001455	20
29.900000000001455	3
30.0	22
30.0	7
30.0	49
30.0	93
30.400000000001455	1
30.5	63
30.5	53
30.5	14
30.60000000000582	19
30.60000000000582	6
30.700000000004366	96
30.700000000004366	15
30.900000000001455	76
31.10000000000582	27
31.200000000004366	62
31.200000000004366	10
31.200000000004366	41
31.200000000004366	74
31.200000000004366	87
32.0	45
31.400000000001455	35
31.5	95
31.5	85
31.700000000004366	83
31.80000000000291	48
32.400000000001455	56
32.400000000001455	6
32.400000000001455	7
32.400000000001455	3
32.400000000001455	28
32.400000000001455	54
32.400000000001455	20
32.400000000001455	1
32.5	22
32.5	63
32.5	15
32.5	100
32.5	40
33.5	87
33.5	86
33.5	35
33.5	53
33.5	19
33.5	51
33.5	10
33.5	74
33.5	62
33.5	96
33.5	45
33.5	57
33.5	27
33.5	85
33.60000000000582	28
33.60000000000582	41
33.60000000000582	25
33.80000000000291	83
33.80000000000291	95
33.900000000001455	39
34.400000000001455	29
34.400000000001455	33
34.400000000001455	48
34.400000000001455	25
34.400000000001455	40
34.400000000001455	1
35.10000000000582	51
35.10000000000582	7
35.10000000000582	16
35.10000000000582	15
35.10000000000582	6
35.10000000000582	62
35.10000000000582	63
35.10000000000582	3
35.10000000000582	20
35.10000000000582	65
35.200000000004366	22
35.200000000004366	49
35.200000000004366	100
35.200000000004366	93
35.700000000004366	96
36.10000000000582	77
35.400000000001455	54
35.400000000001455	53
35.400000000001455	76
35.60000000000582	57
35.60000000000582	92
36.200000000004366	95
36.200000000004366	10
36.200000000004366	14
36.200000000004366	45
36.200000000004366	41
36.200000000004366	74
36.200000000004366	56
36.60000000000582	83
36.400000000001455	2
36.5	27
36.5	63
36.60000000000582	72
36.60000000000582	35
36.700000000004366	1
36.700000000004366	48
36.700000000004366	87
36.700000000004366	22
36.80000000000291	15
37.0	42
37.0	62
37.10000000000582	18
37.200000000004366	72
37.200000000004366	20
37.200000000004366	39
37.900000000001455	100
37.400000000001455	11
37.5	95
37.5	19
37.5	77
37.60000000000582	49
37.60000000000582	97
37.60000000000582	76
37.700000000004366	40
37.700000000004366	65
37.700000000004366	25
37.700000000004366	10
37.700000000004366	45
38.10000000000582	80
38.10000000000582	85
38.700000000004366	83
38.900000000001455	15
38.900000000001455	74
38.900000000001455	41
38.5	63
38.5	6
38.5	96
38.700000000004366	100
38.80000000000291	39
38.80000000000291	35
38.80000000000291	1
38.900000000001455	87
38.900000000001455	33
39.0	62
39.200000000004366	16
39.400000000001455	51
39.400000000001455	43
39.5	23
39.5	95
39.5	57
39.5	7
39.5	77
39.60000000000582	72
39.60000000000582	58
39.60000000000582	20
39.700000000004366	29
39.700000000004366	28
39.700000000004366	3
39.80000000000291	76
39.80000000000291	49
39.80000000000291	25
39.900000000001455	10
39.900000000001455	81
40.0	65
41.0	68
40.5	12
40.5	92
40.60000000000582	87
40.60000000000582	2
40.60000000000582	63
40.60000000000582	83
40.60000000000582	96
40.700000000004366	22
40.700000000004366	15
40.80000000000291	93
40.80000000000291	1
40.900000000001455	56
40.900000000001455	20
41.0	100
41.0	62
41.400000000001455	97
41.5	95
41.5	77
41.60000000000582	4
41.60000000000582	99
41.700000000004366	76
41.80000000000291	25
41.80000000000291	16
41.900000000001455	72
41.900000000001455	80
41.900000000001455	28
41.900000000001455	23
41.900000000001455	6
41.900000000001455	48
42.0	74
42.0	49
42.0	27
42.0	51
42.80000000000291	96
42.900000000001455	15
42.400000000001455	63
42.700000000004366	12
42.80000000000291	65
42.80000000000291	1
42.80000000000291	87
42.900000000001455	22
42.900000000001455	39
42.900000000001455	83
42.900000000001455	20
43.0	97
43.0	40
43.10000000000582	62
43.10000000000582	56
43.200000000004366	100
44.0	86
43.400000000001455	57
43.400000000001455	72
43.5	95
43.5	77
43.900000000001455	80
43.900000000001455	5
43.900000000001455	25
43.900000000001455	74
43.900000000001455	42
43.900000000001455	28
43.900000000001455	23
43.900000000001455	19
44.0	81
44.0	49
44.0	76
44.10000000000582	43
44.200000000004366	7
44.400000000001455	96
44.400000000001455	83
44.60000000000582	35
44.700000000004366	12
44.700000000004366	61
44.80000000000291	57
45.0	100
45.0	63
45.0	20
45.10000000000582	33
45.10000000000582	1
45.10000000000582	40
45.10000000000582	87
45.10000000000582	45
45.200000000004366	75
45.200000000004366	56
45.200000000004366	6
45.200000000004366	62
45.5	72
45.5	95
45.5	18
45.60000000000582	4
45.700000000004366	65
45.700000000004366	74
45.700000000004366	51
45.700000000004366	23
45.80000000000291	48
45.900000000001455	15
46.200000000004366	42
46.200000000004366	10
46.900000000001455	26
47.10000000000582	14
47.200000000004366	77
47.200000000004366	81
46.400000000001455	49
46.400000000001455	63
46.5	93
46.5	53
46.60000000000582	99
46.700000000004366	12
46.80000000000291	17
46.900000000001455	22
46.900000000001455	7
47.0	27
47.0	61
47.0	100
47.0	62
47.10000000000582	20
47.10000000000582	75
47.400000000001455	88
47.400000000001455	6
47.400000000001455	83
47.400000000001455	66
47.5	50
47.5	95
47.60000000000582	26
47.60000000000582	80
47.60000000000582	5
47.700000000004366	72
48.400000000001455	40
48.5	65
48.60000000000582	57
48.60000000000582	33
48.700000000004366	54
49.10000000000582	19
48.400000000001455	56
48.400000000001455	10
48.400000000001455	63
48.400000000001455	76
48.5	86
48.5	96
48.5	53
48.5	77
48.60000000000582	81
48.700000000004366	22
48.700000000004366	90
48.80000000000291	99
48.80000000000291	61
48.900000000001455	12
48.900000000001455	80
49.0	44
49.0	62
49.10000000000582	75
49.10000000000582	20
49.200000000004366	27
49.200000000004366	66
49.5	72
49.5	95
49.5	5
49.5	100
49.900000000001455	88
49.900000000001455	6
49.900000000001455	28
50.0	25
50.0	48
50.0	18
50.0	42
50.0	1
50.0	65
50.0	15
50.700000000004366	12
50.700000000004366	61
50.700000000004366	74
50.700000000004366	68
50.700000000004366	49
50.700000000004366	23
50.700000000004366	40
50.700000000004366	99
50.700000000004366	77
50.700000000004366	33
50.80000000000291	7
50.80000000000291	96
50.80000000000291	83
50.900000000001455	100
50.900000000001455	20
51.0	36
51.0	26
51.0	44
51.0	62
51.0	63
51.200000000004366	58
51.900000000001455	75
51.900000000001455	42
51.400000000001455	89
51.400000000001455	6
51.400000000001455	4
51.5	66
51.5	72
51.60000000000582	95
51.60000000000582	88
51.80000000000291	15
51.900000000001455	65
51.900000000001455	80
51.900000000001455	19
52.10000000000582	5
52.400000000001455	1
52.5	48
52.400000000001455	96
52.400000000001455	40
52.400000000001455	54
52.400000000001455	33
52.400000000001455	63
52.5	18
52.5	25
52.60000000000582	99
52.700000000004366	12
52.700000000004366	61
52.80000000000291	56
53.0	100
53.0	62
53.10000000000582	75
53.10000000000582	20
53.10000000000582	97
53.200000000004366	77
53.5	50
53.900000000001455	15
53.400000000001455	26
53.400000000001455	44
53.5	66
53.5	72
53.5	95
53.5	27
53.60000000000582	37
53.60000000000582	88
53.80000000000291	3
53.80000000000291	16
53.80000000000291	51
54.0	19
54.0	6
54.200000000004366	40
54.200000000004366	33
54.80000000000291	90
54.80000000000291	96
54.900000000001455	25
55.0	10
54.400000000001455	57
54.5	63
54.5	7
54.5	53
54.60000000000582	77
54.60000000000582	49
54.60000000000582	99
54.80000000000291	44
54.80000000000291	65
54.80000000000291	54
54.900000000001455	76
54.900000000001455	80
54.900000000001455	100
54.900000000001455	97
55.0	58
55.200000000004366	20
55.900000000001455	42
55.400000000001455	4
55.400000000001455	2
55.5	68
55.5	72
55.5	27
55.60000000000582	5
55.60000000000582	56
55.700000000004366	15
55.700000000004366	51
55.700000000004366	12
55.900000000001455	19
55.900000000001455	28
56.0	81
56.0	82
56.0	1
56.10000000000582	22
56.200000000004366	95
56.400000000001455	96
56.400000000001455	63
56.5	90
56.5	75
56.5	93
56.5	86
56.60000000000582	41
56.700000000004366	66
56.700000000004366	35
56.700000000004366	14
56.80000000000291	89
56.80000000000291	54
56.80000000000291	57
56.80000000000291	76
56.900000000001455	6
56.900000000001455	80
56.900000000001455	100
57.10000000000582	56
57.10000000000582	27
57.200000000004366	77
57.200000000004366	62
57.200000000004366	87
57.400000000001455	26
57.5	5
57.60000000000582	85
57.60000000000582	99
57.60000000000582	65
57.700000000004366	30
57.700000000004366	17
57.80000000000291	48
57.80000000000291	20
57.900000000001455	50
58.0	16
58.0	46
58.10000000000582	95
58.10000000000582	74
58.10000000000582	61
58.200000000004366	36
58.200000000004366	40
58.200000000004366	91
58.200000000004366	1
58.700000000004366	29
58.900000000001455	96
59.0	15
58.60000000000582	63
58.700000000004366	68
58.80000000000291	37
58.80000000000291	19
58.80000000000291	18
58.80000000000291	81
58.80000000000291	35
58.900000000001455	80
59.10000000000582	76
59.10000000000582	66
59.10000000000582	100
59.400000000001455	12
59.400000000001455	4
59.400000000001455	57
59.60000000000582	56
59.60000000000582	25
59.60000000000582	39
59.60000000000582	62
59.60000000000582	26
59.700000000004366	43
59.700000000004366	5
59.700000000004366	75
59.700000000004366	97
59.700000000004366	51
59.900000000001455	99
59.900000000001455	65
59.900000000001455	72
59.900000000001455	17
60.200000000004366	20
60.5	95
60.400000000001455	36
60.400000000001455	16
60.5	1
60.5	48
60.60000000000582	50
60.60000000000582	96
60.60000000000582	74
60.60000000000582	63
60.60000000000582	15
60.700000000004366	93
60.700000000004366	18
60.80000000000291	40
60.80000000000291	46
60.900000000001455	76
60.900000000001455	68
60.900000000001455	35
60.900000000001455	80
60.900000000001455	37
60.900000000001455	19
61.0	81
61.400000000001455	71
61.5	66
61.5	12
61.60000000000582	86
61.60000000000582	4
61.60000000000582	57
61.700000000004366	25
61.80000000000291	56
61.80000000000291	62
61.900000000001455	60
61.900000000001455	28
61.900000000001455	100
62.0	65
62.0	17
62.0	3
62.0	45
62.10000000000582	72
62.10000000000582	75
62.200000000004366	5
62.900000000001455	93
62.400000000001455	1
62.400000000001455	63
62.5	76
62.5	20
62.60000000000582	16
62.60000000000582	11
62.700000000004366	15
62.700000000004366	51
62.80000000000291	71
62.80000000000291	26
64.20000000000437	88
64.20000000000437	96
64.20000000000437	56
64.20000000000437	80
64.20000000000437	22
64.20000000000437	25
64.20000000000437	4
64.20000000000437	50
64.20000000000437	97
64.20000000000437	65
64.20000000000437	89
64.20000000000437	100
64.20000000000437	19
64.60000000000582	39
64.60000000000582	54
64.60000000000582	41
64.60000000000582	2
64.60000000000582	48
64.70000000000437	95
64.70000000000437	27
64.70000000000437	28
64.70000000000437	33
65.5	20
65.60000000000582	73
65.60000000000582	19
65.60000000000582	22
65.70000000000437	26
65.70000000000437	1
65.80000000000291	66
65.80000000000291	16
65.90000000000146	61
66.0	72
66.0	93
66.10000000000582	71
66.20000000000437	60
65.40000000000146	75
65.40000000000146	80
65.40000000000146	38
65.40000000000146	38
65.40000000000146	62
65.40000000000146	86
65.40000000000146	54
65.40000000000146	81
65.40000000000146	81
65.5	99
65.5	5
65.60000000000582	77
65.70000000000437	18
65.70000000000437	46
65.70000000000437	96
65.70000000000437	42
65.90000000000146	43
65.90000000000146	100
65.90000000000146	15
66.0	48
66.0	63
66.10000000000582	4
67.10000000000582	95
67.20000000000437	28
66.40000000000146	87
66.40000000000146	11
66.40000000000146	99
66.40000000000146	65
66.40000000000146	40
66.60000000000582	36
66.60000000000582	10
66.60000000000582	46
66.60000000000582	16
66.60000000000582	49
66.90000000000146	60
67.0	23
67.0	80
67.0	20
67.0	81
67.10000000000582	34
67.10000000000582	5
67.10000000000582	74
67.20000000000437	91
67.20000000000437	73
67.90000000000146	51
68.0	15
67.40000000000146	71
67.40000000000146	58
67.5	66
67.5	72
67.5	25
67.5	12
67.5	19
67.60000000000582	27
67.60000000000582	33
67.60000000000582	62
67.90000000000146	96
67.90000000000146	97
68.0	17
68.10000000000582	30
68.10000000000582	6
68.10000000000582	100
68.10000000000582	50
68.20000000000437	77
68.40000000000146	65
68.40000000000146	18
68.40000000000146	48
68.40000000000146	57
68.40000000000146	56
68.5	22
68.60000000000582	36
68.60000000000582	95
68.60000000000582	28
68.70000000000437	74
68.70000000000437	5
68.90000000000146	80
68.90000000000146	20
69.10000000000582	76
69.10000000000582	38
69.10000000000582	75
69.10000000000582	51
69.10000000000582	14
69.20000000000437	4
69.20000000000437	91
69.40000000000146	43
69.40000000000146	63
69.5	99
69.5	72
69.60000000000582	16
69.60000000000582	73
69.60000000000582	19
69.60000000000582	71
69.60000000000582	62
69.70000000000437	12
69.70000000000437	23
69.70000000000437	25
69.80000000000291	26
70.0	17
70.0	55
70.10000000000582	60
70.10000000000582	100
70.20000000000437	33
70.90000000000146	5
71.0	65
71.10000000000582	1
70.5	93
70.60000000000582	3
70.60000000000582	66
70.60000000000582	15
70.60000000000582	56
70.60000000000582	6
70.60000000000582	29
70.70000000000437	41
70.70000000000437	57
70.70000000000437	48
70.90000000000146	18
70.90000000000146	86
70.90000000000146	28
71.0	27
71.20000000000437	16
71.20000000000437	4
71.20000000000437	19
71.40000000000146	9
71.40000000000146	12
71.40000000000146	45
71.40000000000146	77
71.40000000000146	35
71.40000000000146	75
71.5	22
71.5	97
71.60000000000582	73
71.60000000000582	99
71.70000000000437	63
71.70000000000437	10
72.0	17
72.0	100
72.10000000000582	80
72.10000000000582	50
72.10000000000582	26
72.20000000000437	36
72.20000000000437	6
72.90000000000146	76
72.90000000000146	96
72.40000000000146	71
72.40000000000146	49
72.5	20
72.5	65
72.5	40
72.70000000000437	66
72.70000000000437	37
72.70000000000437	68
72.80000000000291	94
72.80000000000291	5
72.80000000000291	48
73.0	56
73.10000000000582	72
73.10000000000582	34
73.10000000000582	28
73.10000000000582	3
74.0	73
73.40000000000146	93
73.5	12
74.20000000000437	38
73.5	81
73.5	63
73.60000000000582	19
73.60000000000582	50
73.60000000000582	7
73.60000000000582	90
73.70000000000437	1
73.70000000000437	46
73.80000000000291	11
73.80000000000291	40
73.80000000000291	61
73.90000000000146	60
73.90000000000146	33
74.0	10
74.20000000000437	23
74.20000000000437	58
74.20000000000437	24
74.40000000000146	26
74.40000000000146	96
74.5	72
74.5	5
74.5	74
74.60000000000582	54
74.60000000000582	80
74.60000000000582	27
74.70000000000437	95
74.70000000000437	22
74.70000000000437	25
74.80000000000291	20
74.80000000000291	42
74.90000000000146	68
75.10000000000582	19
75.20000000000437	73
75.20000000000437	15
75.20000000000437	99
75.5	1
75.5	55
75.5	100
75.60000000000582	30
75.60000000000582	35
75.60000000000582	4
75.60000000000582	48
75.80000000000291	71
75.80000000000291	81
75.80000000000291	36
75.80000000000291	85
75.80000000000291	26
75.80000000000291	56
75.90000000000146	66
75.90000000000146	12
75.90000000000146	40
75.90000000000146	80
76.0	27
76.10000000000582	57
76.10000000000582	24
76.20000000000437	25
76.70000000000437	17
76.40000000000146	5
76.5	68
76.5	51
76.5	41
76.60000000000582	99
76.60000000000582	34
76.70000000000437	43
76.80000000000291	63
76.90000000000146	78
76.90000000000146	50
77.5	22
77.5	95
77.5	58
77.5	73
77.5	75
77.5	10
77.5	37
77.60000000000582	28
77.60000000000582	4
77.60000000000582	9
77.60000000000582	60
77.60000000000582	19
77.60000000000582	53
77.60000000000582	55
77.60000000000582	44
77.70000000000437	62
77.70000000000437	18
77.80000000000291	3
77.80000000000291	77
77.90000000000146	66
78.0	23
78.0	52
78.10000000000582	6
78.10000000000582	76
78.10000000000582	69
78.10000000000582	90
78.10000000000582	74
78.40000000000146	93
78.80000000000291	30
78.40000000000146	13
78.5	100
79.80000000000291	15
79.90000000000146	22
80.0	56
80.0	68
80.0	38
80.10000000000582	40
80.10000000000582	31
80.10000000000582	35
80.10000000000582	20
80.20000000000437	85
80.20000000000437	95
80.20000000000437	26
79.40000000000146	51
79.40000000000146	12
79.40000000000146	42
79.40000000000146	96
79.40000000000146	5
79.40000000000146	27
79.40000000000146	73
79.40000000000146	54
79.5	99
79.60000000000582	55
79.70000000000437	80
79.70000000000437	25
79.70000000000437	75
79.80000000000291	81
79.90000000000146	50
79.90000000000146	24
79.90000000000146	19
80.80000000000291	62
80.80000000000291	63
81.10000000000582	94
81.10000000000582	17
80.90000000000146	12
80.90000000000146	3
80.90000000000146	32
80.90000000000146	76
80.90000000000146	36
80.90000000000146	58
80.90000000000146	27
80.90000000000146	1
80.90000000000146	65
80.90000000000146	71
81.0	19
81.0	6
81.0	57
81.0	49
81.0	90
81.0	48
81.0	56
81.10000000000582	23
81.10000000000582	26
81.10000000000582	41
81.10000000000582	75
81.20000000000437	29
81.20000000000437	73
81.20000000000437	61
81.40000000000146	11
81.5	72
82.0	100
81.40000000000146	86
81.5	10
81.80000000000291	66
81.90000000000146	25
81.90000000000146	60
81.90000000000146	69
82.0	5
82.10000000000582	83
82.10000000000582	62
82.10000000000582	30
82.10000000000582	99
82.10000000000582	74
82.20000000000437	18
82.20000000000437	6
82.20000000000437	80
82.20000000000437	40
83.10000000000582	53
82.40000000000146	28
82.40000000000146	95
82.40000000000146	58
82.60000000000582	77
82.70000000000437	17
82.70000000000437	22
82.80000000000291	49
82.80000000000291	15
82.80000000000291	20
82.90000000000146	57
83.0	3
83.0	35
83.0	56
83.10000000000582	76
83.10000000000582	44
83.10000000000582	10
83.10000000000582	75
83.20000000000437	19
83.20000000000437	73
83.20000000000437	82
83.20000000000437	48
83.40000000000146	85
83.40000000000146	66
83.40000000000146	68
83.5	55
83.60000000000582	30
83.80000000000291	8
83.80000000000291	4
83.80000000000291	81
84.0	100
84.10000000000582	50
84.10000000000582	72
84.10000000000582	98
84.10000000000582	60
84.20000000000437	71
84.20000000000437	40
84.40000000000146	26
84.5	47
84.60000000000582	17
85.20000000000437	95
84.40000000000146	94
84.40000000000146	11
84.40000000000146	36
84.5	76
84.5	96
84.60000000000582	3
84.90000000000146	12
84.90000000000146	1
84.90000000000146	52
85.0	49
85.0	77
85.10000000000582	46
85.10000000000582	34
85.10000000000582	56
85.10000000000582	74
85.20000000000437	58
85.20000000000437	5
85.20000000000437	27
85.20000000000437	25
86.20000000000437	20
85.40000000000146	23
85.40000000000146	73
85.40000000000146	89
85.40000000000146	61
85.5	19
85.5	62
85.5	68
85.60000000000582	66
85.60000000000582	72
85.90000000000146	69
85.90000000000146	42
86.0	100
86.0	40
86.10000000000582	53
86.20000000000437	71
86.5	24
86.60000000000582	13
86.70000000000437	38
86.40000000000146	83
86.40000000000146	70
86.5	80
86.5	75
86.5	15
86.60000000000582	85
86.60000000000582	95
86.60000000000582	37
86.60000000000582	26
86.70000000000437	47
86.70000000000437	3
86.70000000000437	77
86.90000000000146	35
87.0	49
87.0	56
87.10000000000582	62
87.20000000000437	19
87.20000000000437	4
87.20000000000437	73
87.40000000000146	76
87.5	11
88.0	5
87.40000000000146	60
87.40000000000146	57
87.60000000000582	58
87.70000000000437	69
87.70000000000437	29
87.70000000000437	44
87.70000000000437	25
87.70000000000437	74
87.70000000000437	84
87.70000000000437	8
87.80000000000291	98
87.80000000000291	81
87.80000000000291	40
87.90000000000146	51
87.90000000000146	31
88.10000000000582	72
88.10000000000582	12
88.10000000000582	75
88.10000000000582	10
88.10000000000582	86
89.10000000000582	37
88.40000000000146	14
88.40000000000146	13
88.40000000000146	99
88.60000000000582	100
88.70000000000437	63
88.70000000000437	68
88.70000000000437	20
88.90000000000146	6
88.90000000000146	26
88.90000000000146	78
88.90000000000146	54
89.0	85
89.0	19
89.0	56
89.10000000000582	70
89.20000000000437	52
89.20000000000437	17
89.20000000000437	71
90.0	73
90.0	50
90.10000000000582	25
90.20000000000437	89
89.5	33
89.5	69
89.60000000000582	92
89.60000000000582	80
89.80000000000291	22
89.80000000000291	57
89.80000000000291	64
89.90000000000146	62
90.0	3
90.0	18
90.0	11
90.0	29
90.20000000000437	81
90.20000000000437	90
90.20000000000437	2
90.20000000000437	1
90.20000000000437	32
90.90000000000146	84
91.10000000000582	86
90.40000000000146	41
90.5	63
90.60000000000582	55
90.70000000000437	9
90.70000000000437	74
90.80000000000291	61
90.90000000000146	80
91.0	19
91.0	13
91.0	17
91.10000000000582	56
91.10000000000582	25
91.10000000000582	75
91.20000000000437	58
91.20000000000437	91
91.40000000000146	68
91.5	66
92.20000000000437	42
91.40000000000146	28
91.5	72
91.5	15
91.5	20
91.60000000000582	94
91.70000000000437	24
91.80000000000291	71
91.80000000000291	22
91.80000000000291	73
91.90000000000146	69
92.0	100
92.10000000000582	16
92.20000000000437	85
92.20000000000437	81
92.20000000000437	52
92.20000000000437	23
92.20000000000437	3
92.70000000000437	95
92.40000000000146	79
92.40000000000146	49
92.40000000000146	11
92.40000000000146	26
92.40000000000146	1
92.5	27
92.60000000000582	32
92.60000000000582	61
92.70000000000437	36
92.70000000000437	57
92.90000000000146	4
93.0	8
93.10000000000582	25
93.20000000000437	75
93.20000000000437	73
94.0	6
93.5	54
93.5	99
93.70000000000437	43
94.10000000000582	86
94.10000000000582	74
94.10000000000582	31
93.40000000000146	94
93.40000000000146	44
93.5	60
93.5	68
93.60000000000582	69
93.60000000000582	19
93.70000000000437	64
93.70000000000437	56
93.70000000000437	10
94.10000000000582	55
94.20000000000437	29
94.20000000000437	20
94.20000000000437	40
94.90000000000146	63
94.90000000000146	33
94.90000000000146	80
94.90000000000146	17
94.90000000000146	81
95.10000000000582	96
94.40000000000146	3
94.40000000000146	85
94.40000000000146	48
94.5	66
94.5	72
94.5	93
94.60000000000582	26
94.70000000000437	12
94.70000000000437	95
94.70000000000437	86
94.70000000000437	14
94.80000000000291	13
95.90000000000146	30
95.90000000000146	100
95.90000000000146	54
95.90000000000146	4
96.0	99
96.0	25
96.0	56
96.0	75
96.0	22
96.0	78
96.0	84
96.0	52
96.0	42
96.0	9
96.0	17
96.0	61
96.0	76
96.0	68
96.0	74
96.0	80
96.0	44
96.0	19
96.0	89
96.10000000000582	53
96.10000000000582	20
96.20000000000437	81
96.40000000000146	64
97.10000000000582	6
96.40000000000146	69
96.40000000000146	50
96.70000000000437	40
96.70000000000437	67
96.70000000000437	79
96.70000000000437	73
96.70000000000437	26
96.70000000000437	92
97.5	87
97.5	84
97.5	3
97.5	1
97.5	52
97.5	25
97.5	82
97.5	72
97.5	56
97.5	71
97.5	60
97.5	39
97.5	66
97.5	5
97.60000000000582	57
97.60000000000582	62
97.60000000000582	85
97.70000000000437	41
97.70000000000437	11
97.80000000000291	13
97.90000000000146	24
97.90000000000146	43
97.90000000000146	86
97.90000000000146	20
98.0	37
98.0	15
98.0	48
98.20000000000437	19
98.20000000000437	22
98.20000000000437	90
98.40000000000146	85
98.40000000000146	73
98.40000000000146	54
98.40000000000146	42
98.40000000000146	41
99.20000000000437	99
99.20000000000437	75
99.20000000000437	76
99.20000000000437	47
99.20000000000437	81
99.20000000000437	31
99.20000000000437	56
99.20000000000437	69
99.20000000000437	53
99.20000000000437	23
99.20000000000437	61
99.80000000000291	4
99.80000000000291	66
99.90000000000146	80
99.40000000000146	3
99.40000000000146	64
99.40000000000146	68
99.5	72
99.5	5
99.5	25
99.5	14
99.60000000000582	87
99.60000000000582	8
99.60000000000582	26
99.60000000000582	57
99.70000000000437	60
99.70000000000437	29
99.80000000000291	50
99.80000000000291	84
99.80000000000291	48
100.10000000000582	38
100.10000000000582	70
100.10000000000582	90
100.20000000000437	94
100.20000000000437	86
100.40000000000146	10
100.5	20
101.20000000000437	75
101.20000000000437	40
100.40000000000146	73
100.40000000000146	99
100.40000000000146	54
100.60000000000582	71
100.60000000000582	4
100.70000000000437	55
100.70000000000437	44
100.70000000000437	91
100.70000000000437	22
100.70000000000437	31
100.70000000000437	74
100.70000000000437	37
100.80000000000291	42
101.0	96
101.10000000000582	56
101.10000000000582	25
101.20000000000437	61
101.20000000000437	77
101.60000000000582	64
102.20000000000437	30
101.5	50
102.20000000000437	43
101.40000000000146	83
101.40000000000146	18
101.40000000000146	21
101.5	62
101.60000000000582	3
101.60000000000582	19
101.70000000000437	47
101.70000000000437	12
101.80000000000291	26
101.80000000000291	11
101.90000000000146	84
101.90000000000146	40
102.0	100
102.10000000000582	69
102.20000000000437	10
102.40000000000146	29
102.40000000000146	73
102.70000000000437	95
102.90000000000146	92
102.40000000000146	86
102.5	75
102.60000000000582	54
102.70000000000437	61
102.70000000000437	27
102.70000000000437	4
102.70000000000437	99
102.70000000000437	96
102.80000000000291	44
102.90000000000146	71
102.90000000000146	65
102.90000000000146	31
103.0	6
103.0	35
103.0	55
103.0	17
103.10000000000582	64
103.20000000000437	25
103.70000000000437	1
104.0	33
104.20000000000437	53
103.40000000000146	77
103.40000000000146	79
103.5	83
103.60000000000582	69
103.70000000000437	24
103.70000000000437	50
103.80000000000291	67
103.80000000000291	20
103.80000000000291	3
103.80000000000291	19
103.90000000000146	32
103.90000000000146	46
103.90000000000146	9
103.90000000000146	78
104.0	85
104.10000000000582	10
104.20000000000437	7
104.20000000000437	72
104.80000000000291	58
104.40000000000146	81
104.5	56
104.5	22
104.5	11
104.60000000000582	13
104.70000000000437	48
104.70000000000437	86
104.70000000000437	37
104.80000000000291	61
104.80000000000291	52
104.80000000000291	40
104.90000000000146	62
104.90000000000146	8
105.0	12
105.0	73
105.10000000000582	31
105.10000000000582	63
105.10000000000582	54
105.20000000000437	44
106.10000000000582	33
105.40000000000146	85
105.40000000000146	99
105.5	43
105.5	69
105.60000000000582	28
105.70000000000437	47
105.70000000000437	92
105.80000000000291	64
105.80000000000291	1
105.90000000000146	29
105.90000000000146	7
106.0	55
106.0	50
106.0	49
106.0	46
106.0	32
106.10000000000582	39
106.10000000000582	56
106.10000000000582	66
106.10000000000582	100
106.40000000000146	41
106.40000000000146	23
106.40000000000146	65
106.5	63
106.60000000000582	26
106.60000000000582	89
106.70000000000437	70
106.90000000000146	20
106.90000000000146	48
106.90000000000146	96
106.90000000000146	31
107.0	14
107.0	51
107.10000000000582	30
107.10000000000582	83
107.10000000000582	68
107.20000000000437	77
107.20000000000437	71
107.20000000000437	73
107.20000000000437	75
107.20000000000437	90
107.40000000000146	25
107.40000000000146	4
107.40000000000146	40
107.5	43
107.60000000000582	3
107.60000000000582	76
107.70000000000437	11
107.90000000000146	64
107.90000000000146	22
107.90000000000146	100
107.90000000000146	72
108.10000000000582	61
108.10000000000582	36
108.10000000000582	60
108.10000000000582	5
108.20000000000437	37
108.20000000000437	13
108.20000000000437	1
108.80000000000291	29
108.80000000000291	69
108.80000000000291	95
109.0	24
108.40000000000146	41
108.5	85
108.60000000000582	96
108.60000000000582	79
108.80000000000291	47
108.80000000000291	19
108.90000000000146	80
108.90000000000146	31
109.0	82
109.0	15
109.0	99
109.10000000000582	25
109.10000000000582	51
109.20000000000437	75
109.20000000000437	73
109.20000000000437	11
109.20000000000437	71
110.20000000000437	16
109.40000000000146	18
109.40000000000146	77
109.5	6
109.5	78
109.5	50
109.5	53
109.70000000000437	64
109.70000000000437	56
109.70000000000437	22
109.80000000000291	20
109.90000000000146	83
109.90000000000146	43
109.90000000000146	37
110.0	14
110.0	26
110.10000000000582	90
110.70000000000437	62
110.70000000000437	41
110.70000000000437	7
110.70000000000437	3
110.70000000000437	85
110.70000000000437	86
110.70000000000437	69
110.70000000000437	97
110.70000000000437	40
110.70000000000437	72
110.70000000000437	57
110.80000000000291	61
110.80000000000291	54
110.90000000000146	47
110.90000000000146	31
111.0	55
111.0	81
111.0	1
111.10000000000582	29
111.10000000000582	24
111.20000000000437	36
111.20000000000437	99
111.20000000000437	98
111.40000000000146	27
112.10000000000582	5
112.20000000000437	75
111.40000000000146	10
111.40000000000146	73
111.5	9
111.5	96
111.5	53
111.5	25
111.60000000000582	67
111.60000000000582	28
111.60000000000582	4
111.70000000000437	6
111.70000000000437	76
111.70000000000437	22
111.80000000000291	35
111.80000000000291	23
112.20000000000437	77
112.40000000000146	87
112.60000000000582	50
113.10000000000582	80
112.40000000000146	95
112.40000000000146	20
112.40000000000146	85
112.40000000000146	32
113.10000000000582	26
113.10000000000582	69
113.10000000000582	64
113.10000000000582	71
113.10000000000582	11
113.10000000000582	56
113.10000000000582	25
113.10000000000582	84
113.10000000000582	75
113.20000000000437	13
113.20000000000437	31
113.90000000000146	29
114.10000000000582	46
114.10000000000582	96
114.20000000000437	86
113.5	19
113.5	100
113.5	97
113.80000000000291	3
113.80000000000291	54
113.80000000000291	12
113.80000000000291	43
113.80000000000291	23
113.80000000000291	27
113.90000000000146	10
113.90000000000146	40
114.0	35
114.0	72
114.40000000000146	62
114.5	24
114.5	51
114.5	48
114.5	30
114.5	63
114.5	76
114.5	99
114.5	6
114.5	69
114.5	44
114.60000000000582	77
114.60000000000582	74
114.60000000000582	43
114.60000000000582	79
114.60000000000582	73
114.60000000000582	70
114.70000000000437	33
114.70000000000437	55
114.70000000000437	46
114.70000000000437	61
114.80000000000291	28
114.80000000000291	40
114.80000000000291	32
114.90000000000146	22
115.0	20
115.0	64
116.10000000000582	96
115.5	66
115.5	95
115.5	34
115.5	10
115.60000000000582	65
115.70000000000437	12
115.70000000000437	72
115.70000000000437	29
115.70000000000437	56
115.80000000000291	52
115.80000000000291	71
115.80000000000291	81
115.90000000000146	39
115.90000000000146	31
115.90000000000146	11
115.90000000000146	68
116.0	15
116.0	19
116.10000000000582	82
116.10000000000582	27
116.40000000000146	42
116.5	90
116.5	100
116.70000000000437	61
116.70000000000437	74
116.80000000000291	23
116.80000000000291	99
116.80000000000291	40
116.80000000000291	54
116.90000000000146	30
116.90000000000146	53
116.90000000000146	24
116.90000000000146	69
116.90000000000146	6
116.90000000000146	76
117.0	62
117.0	79
117.10000000000582	4
117.10000000000582	32
117.10000000000582	73
117.40000000000146	64
117.5	29
117.70000000000437	50
117.70000000000437	25
117.80000000000291	51
117.80000000000291	71
117.90000000000146	22
117.90000000000146	55
117.90000000000146	33
117.90000000000146	96
117.90000000000146	80
117.90000000000146	78
117.90000000000146	26
118.0	72
118.0	10
118.0	31
118.0	5
118.0	19
118.0	77
118.0	81
118.10000000000582	95
118.10000000000582	86
118.20000000000437	47
118.5	69
118.60000000000582	37
118.70000000000437	87
118.70000000000437	56
118.80000000000291	74
118.80000000000291	16
118.90000000000146	93
118.90000000000146	70
119.0	75
119.0	82
119.0	4
119.0	20
119.0	11
119.10000000000582	58
119.10000000000582	41
119.20000000000437	48
119.20000000000437	100
119.20000000000437	73
120.20000000000437	96
119.40000000000146	14
119.5	29
119.5	23
119.60000000000582	77
119.70000000000437	66
119.80000000000291	79
119.80000000000291	99
119.90000000000146	61
119.90000000000146	40
120.0	31
120.10000000000582	32
120.10000000000582	63
120.10000000000582	76
120.10000000000582	47
120.10000000000582	12
120.10000000000582	25
120.20000000000437	38
120.20000000000437	28
120.20000000000437	71
120.20000000000437	85
120.20000000000437	43
120.40000000000146	6
121.10000000000582	22
121.10000000000582	49
120.5	69
120.5	5
120.5	10
120.60000000000582	42
120.90000000000146	24
121.0	19
121.0	33
121.0	56
121.0	13
121.10000000000582	17
121.20000000000437	3
121.20000000000437	75
121.20000000000437	90
121.20000000000437	54
121.40000000000146	48
121.60000000000582	11
122.0	73
122.20000000000437	96
122.20000000000437	86
121.40000000000146	74
121.40000000000146	15
121.40000000000146	41
121.40000000000146	20
121.5	58
121.60000000000582	67
121.80000000000291	40
122.0	97
122.0	1
122.20000000000437	99
122.20000000000437	55
123.0	39
122.40000000000146	79
122.60000000000582	78
122.60000000000582	66
122.60000000000582	84
122.40000000000146	89
122.40000000000146	71
122.40000000000146	81
122.5	49
122.5	35
122.5	5
122.5	69
122.60000000000582	12
122.60000000000582	53
122.60000000000582	31
122.60000000000582	85
122.60000000000582	22
122.70000000000437	61
122.70000000000437	46
122.80000000000291	25
123.0	77
123.20000000000437	17
123.40000000000146	24
123.40000000000146	75
123.40000000000146	80
123.40000000000146	28
123.5	87
123.5	29
123.5	76
123.5	73
123.5	72
123.60000000000582	43
123.60000000000582	20
123.60000000000582	32
123.70000000000437	9
124.60000000000582	3
124.60000000000582	64
124.60000000000582	11
124.70000000000437	49
124.70000000000437	67
124.70000000000437	41
124.70000000000437	26
124.70000000000437	30
124.70000000000437	55
124.70000000000437	40
124.70000000000437	66
124.80000000000291	74
124.80000000000291	51
124.80000000000291	96
124.80000000000291	71
125.40000000000146	84
125.40000000000146	50
125.40000000000146	96
125.40000000000146	86
125.40000000000146	85
125.40000000000146	22
125.40000000000146	79
126.10000000000582	95
126.10000000000582	80
126.10000000000582	75
126.10000000000582	47
126.10000000000582	10
126.10000000000582	10
126.10000000000582	69
126.10000000000582	37
126.10000000000582	33
126.10000000000582	20
126.10000000000582	29
126.10000000000582	64
126.10000000000582	19
126.10000000000582	63
126.10000000000582	71
126.10000000000582	21
126.10000000000582	41
126.20000000000437	31
126.20000000000437	87
126.20000000000437	70
126.20000000000437	77
126.20000000000437	24
126.20000000000437	11
126.20000000000437	16
126.90000000000146	25
126.90000000000146	43
126.40000000000146	97
126.40000000000146	42
126.40000000000146	46
126.40000000000146	61
126.40000000000146	72
126.5	57
126.5	5
126.60000000000582	100
126.60000000000582	79
126.60000000000582	4
126.70000000000437	12
127.10000000000582	23
127.10000000000582	74
127.10000000000582	14
127.10000000000582	82
127.10000000000582	60
127.10000000000582	21
127.10000000000582	73
127.10000000000582	7
127.20000000000437	68
127.80000000000291	72
127.80000000000291	3
127.80000000000291	77
127.80000000000291	38
127.80000000000291	29
127.80000000000291	49
127.80000000000291	40
127.80000000000291	81
127.80000000000291	66
127.80000000000291	61
127.80000000000291	41
127.80000000000291	84
127.80000000000291	83
127.80000000000291	52
127.80000000000291	28
127.80000000000291	22
128.0	31
128.10000000000582	24
128.10000000000582	69
128.10000000000582	34
128.10000000000582	97
128.20000000000437	71
128.20000000000437	11
128.20000000000437	99
128.20000000000437	55
128.20000000000437	1
128.20000000000437	46
128.40000000000146	64
129.20000000000437	5
128.5	56
128.60000000000582	53
128.60000000000582	77
129.90000000000146	75
129.90000000000146	23
130.10000000000582	18
130.10000000000582	30
130.10000000000582	85
130.10000000000582	84
130.20000000000437	6
129.40000000000146	62
129.40000000000146	7
129.40000000000146	90
129.40000000000146	89
129.40000000000146	73
129.40000000000146	26
129.60000000000582	87
129.70000000000437	61
129.70000000000437	80
129.70000000000437	29
129.70000000000437	64
129.8000000000029	48
129.8000000000029	96
129.8000000000029	40
129.90000000000146	72
129.90000000000146	86
129.90000000000146	100
130.0	31
130.0	41
130.0	19
130.10000000000582	63
130.20000000000437	42
130.40000000000146	25
130.40000000000146	37
130.40000000000146	43
130.40000000000146	71
130.5	33
130.60000000000582	78
130.60000000000582	28
130.70000000000437	69
130.8000000000029	49
130.8000000000029	79
130.90000000000146	85
130.90000000000146	44
130.90000000000146	5
131.0	53
131.0	24
131.0	46
131.10000000000582	39
131.10000000000582	60
131.10000000000582	90
131.20000000000437	10
131.40000000000146	14
131.5	54
131.60000000000582	7
131.60000000000582	97
131.60000000000582	75
131.60000000000582	99
131.60000000000582	23
131.70000000000437	58
131.70000000000437	70
131.8000000000029	40
131.90000000000146	6
131.90000000000146	21
132.0	37
132.0	31
132.0	11
132.10000000000582	18
132.20000000000437	1
132.70000000000437	4
132.90000000000146	48
133.0	29
132.40000000000146	96
132.60000000000582	69
132.60000000000582	16
132.70000000000437	71
132.70000000000437	76
132.8000000000029	3
132.8000000000029	85
132.8000000000029	19
132.90000000000146	94
132.90000000000146	27
133.0	41
133.0	28
133.10000000000582	62
133.10000000000582	78
133.10000000000582	26
133.10000000000582	43
133.5	33
133.60000000000582	84
133.40000000000146	53
133.40000000000146	72
133.40000000000146	79
133.40000000000146	44
133.60000000000582	100
133.60000000000582	4
133.70000000000437	61
133.90000000000146	48
133.90000000000146	98
133.90000000000146	39
134.10000000000582	24
134.10000000000582	63
134.10000000000582	12
134.10000000000582	52
134.20000000000437	5
134.20000000000437	58
134.20000000000437	10
134.20000000000437	75
134.60000000000582	14
134.40000000000146	7
134.40000000000146	99
134.40000000000146	40
134.5	21
134.60000000000582	96
134.60000000000582	11
134.70000000000437	6
134.70000000000437	70
134.8000000000029	86
134.90000000000146	56
134.90000000000146	60
135.0	31
135.10000000000582	49
135.20000000000437	97
135.20000000000437	54
136.20000000000437	19
135.40000000000146	34
135.70000000000437	77
135.90000000000146	55
135.90000000000146	18
135.90000000000146	69
136.20000000000437	64
135.40000000000146	22
135.5	85
135.60000000000582	81
135.60000000000582	82
135.8000000000029	89
135.8000000000029	41
135.8000000000029	40
135.90000000000146	46
136.0	83
136.10000000000582	51
136.10000000000582	62
136.10000000000582	84
136.10000000000582	91
136.10000000000582	48
136.20000000000437	11
136.20000000000437	1
136.40000000000146	7
136.40000000000146	74
136.40000000000146	4
136.40000000000146	44
136.5	70
136.60000000000582	99
136.70000000000437	77
136.8000000000029	75
136.8000000000029	25
136.8000000000029	28
136.90000000000146	71
136.90000000000146	58
137.0	96
137.0	80
137.0	19
137.10000000000582	79
137.10000000000582	26
137.20000000000437	97
138.10000000000582	38
138.10000000000582	33
138.20000000000437	30
138.20000000000437	68
137.40000000000146	41
137.5	17
137.60000000000582	47
137.60000000000582	72
137.60000000000582	31
137.70000000000437	61
137.70000000000437	87
137.70000000000437	64
137.8000000000029	65
138.0	55
138.10000000000582	62
138.10000000000582	56
138.10000000000582	54
138.10000000000582	18
138.10000000000582	48
138.20000000000437	53
138.5	46
138.70000000000437	12
138.90000000000146	69
138.40000000000146	81
138.40000000000146	7
138.40000000000146	75
138.5	14
138.60000000000582	28
138.60000000000582	22
138.70000000000437	40
138.8000000000029	42
138.8000000000029	99
138.90000000000146	86
139.0	31
139.0	44
139.0	71
139.10000000000582	39
139.10000000000582	33
139.20000000000437	49
139.20000000000437	5
139.40000000000146	96
139.40000000000146	23
139.40000000000146	19
139.40000000000146	85
139.5	79
139.5	54
139.60000000000582	73
139.60000000000582	16
139.60000000000582	10
139.60000000000582	4
139.8000000000029	52
139.8000000000029	89
139.8000000000029	58
139.90000000000146	61
139.90000000000146	32
140.60000000000582	12
140.60000000000582	7
140.60000000000582	8
140.70000000000437	50
140.70000000000437	18
140.70000000000437	81
140.70000000000437	94
140.70000000000437	56
140.70000000000437	60
141.20000000000437	19
141.20000000000437	34
141.20000000000437	20
141.20000000000437	6
141.20000000000437	84
141.20000000000437	49
141.20000000000437	77
141.20000000000437	16
141.20000000000437	90
141.20000000000437	22
142.10000000000582	71
141.40000000000146	44
141.5	55
141.5	21
141.70000000000437	11
142.0	87
142.0	72
141.40000000000146	97
141.40000000000146	75
141.40000000000146	41
141.40000000000146	99
141.40000000000146	53
141.5	83
141.60000000000582	100
141.60000000000582	28
141.60000000000582	80
141.70000000000437	64
141.70000000000437	86
141.8000000000029	5
141.8000000000029	69
141.8000000000029	31
141.8000000000029	73
141.8000000000029	54
141.90000000000146	43
142.0	18
142.0	40
142.10000000000582	46
142.20000000000437	37
142.40000000000146	17
142.8000000000029	91
142.40000000000146	87
142.5	61
142.5	59
142.5	56
142.90000000000146	70
142.90000000000146	89
142.90000000000146	23
143.0	85
143.0	62
143.0	84
143.0	94
143.0	14
143.0	7
143.0	96
143.0	47
143.0	58
143.60000000000582	55
143.60000000000582	77
143.60000000000582	11
143.60000000000582	12
143.60000000000582	34
143.60000000000582	75
143.60000000000582	41
143.60000000000582	95
143.60000000000582	69
143.70000000000437	32
143.70000000000437	80
143.70000000000437	18
143.70000000000437	86
143.8000000000029	53
143.8000000000029	72
143.8000000000029	71
143.8000000000029	81
143.8000000000029	4
143.8000000000029	48
143.8000000000029	6
143.90000000000146	1
143.90000000000146	31
144.10000000000582	99
144.10000000000582	19
144.20000000000437	100
144.5	54
144.5	27
144.60000000000582	28
144.60000000000582	5
144.60000000000582	78
144.60000000000582	37
144.60000000000582	10
144.60000000000582	21
144.60000000000582	23
144.70000000000437	67
144.70000000000437	79
144.8000000000029	7
144.8000000000029	25
144.8000000000029	73
144.90000000000146	87
144.90000000000146	64
144.90000000000146	43
144.90000000000146	40
145.0	96
145.10000000000582	61
145.20000000000437	55
145.5	63
145.5	50
145.5	72
145.5	97
145.60000000000582	36
145.70000000000437	15
145.70000000000437	32
145.70000000000437	46
145.70000000000437	62
145.70000000000437	56
145.70000000000437	84
145.8000000000029	11
145.8000000000029	86
145.8000000000029	31
145.90000000000146	69
146.0	34
146.0	49
146.0	99
146.0	94
146.10000000000582	77
146.10000000000582	71
146.10000000000582	39
146.10000000000582	90
146.20000000000437	53
146.60000000000582	44
146.60000000000582	16
146.60000000000582	41
146.70000000000437	54
146.70000000000437	43
146.70000000000437	93
146.70000000000437	6
146.8000000000029	5
146.8000000000029	7
146.8000000000029	79
146.8000000000029	75
146.8000000000029	20
147.0	25
147.10000000000582	64
147.10000000000582	33
147.20000000000437	73
147.20000000000437	8
147.90000000000146	55
148.10000000000582	61
147.5	95
147.5	50
147.60000000000582	11
147.60000000000582	99
147.70000000000437	60
147.8000000000029	80
147.8000000000029	96
147.8000000000029	35
147.8000000000029	74
147.8000000000029	4
147.90000000000146	84
147.90000000000146	87
147.90000000000146	57
148.0	100
148.0	22
148.10000000000582	46
148.10000000000582	34
148.20000000000437	97
148.20000000000437	10
148.20000000000437	75
149.10000000000582	70
149.20000000000437	56
148.40000000000146	41
148.40000000000146	28
148.5	17
148.5	47
148.5	43
148.70000000000437	61
148.8000000000029	54
149.0	53
149.0	31
149.0	18
149.0	64
149.10000000000582	6
149.20000000000437	72
149.20000000000437	71
149.20000000000437	94
149.60000000000582	33
149.90000000000146	55
149.40000000000146	23
149.5	62
149.5	83
149.60000000000582	19
149.60000000000582	11
149.60000000000582	99
149.70000000000437	16
149.8000000000029	22
149.8000000000029	5
149.8000000000029	79
150.0	21
150.0	86
150.20000000000437	81
150.20000000000437	90
150.20000000000437	73
150.90000000000146	89
151.10000000000582	87
151.10000000000582	2
151.20000000000437	27
150.40000000000146	9
150.40000000000146	97
150.40000000000146	7
150.40000000000146	10
150.40000000000146	42
150.60000000000582	20
150.70000000000437	47
150.8000000000029	96
150.90000000000146	55
150.90000000000146	69
151.0	31
151.0	19
151.10000000000582	48
151.10000000000582	6
151.10000000000582	33
151.20000000000437	4
152.10000000000582	65
151.40000000000146	32
151.70000000000437	24
151.8000000000029	93
151.40000000000146	41
151.40000000000146	80
151.40000000000146	100
151.5	40
151.5	79
151.60000000000582	94
151.8000000000029	86
151.8000000000029	71
151.8000000000029	99
151.90000000000146	43
152.10000000000582	16
152.10000000000582	8
152.10000000000582	12
152.20000000000437	5
152.20000000000437	7
152.20000000000437	34
152.20000000000437	20
152.40000000000146	77
152.40000000000146	97
152.40000000000146	75
152.40000000000146	18
152.5	54
152.5	70
152.5	44
152.60000000000582	56
152.60000000000582	90
152.60000000000582	83
152.60000000000582	72
152.70000000000437	1
153.0	81
153.0	58
153.10000000000582	40
153.10000000000582	68
153.10000000000582	26
153.20000000000437	96
153.60000000000582	64
153.70000000000437	73
153.70000000000437	84
153.40000000000146	100
153.40000000000146	25
153.5	41
153.5	55
153.60000000000582	80
153.60000000000582	31
153.60000000000582	51
153.60000000000582	4
153.60000000000582	11
153.70000000000437	89
153.70000000000437	48
153.8000000000029	7
153.8000000000029	86
154.0	16
154.20000000000437	94
154.20000000000437	8
155.0	57
155.0	71
155.0	34
155.10000000000582	70
154.40000000000146	77
154.40000000000146	19
154.90000000000146	43
154.90000000000146	30
154.90000000000146	6
154.90000000000146	22
154.90000000000146	23
154.90000000000146	66
154.90000000000146	56
154.90000000000146	90
154.90000000000146	75
154.90000000000146	83
155.0	99
155.0	87
155.10000000000582	40
155.20000000000437	80
155.20000000000437	18
155.20000000000437	73
156.0	69
156.10000000000582	91
155.5	96
155.5	64
155.5	84
155.5	47
155.5	1
155.5	55
155.8000000000029	100
155.8000000000029	7
155.8000000000029	86
155.8000000000029	51
155.8000000000029	31
155.8000000000029	15
155.90000000000146	28
155.90000000000146	81
156.10000000000582	24
156.10000000000582	33
156.90000000000146	5
156.90000000000146	42
157.0	48
157.0	75
157.0	35
157.0	19
157.0	90
157.0	70
157.0	60
157.0	11
157.0	53
157.0	10
157.0	6
157.0	71
157.10000000000582	3
157.10000000000582	79
157.10000000000582	67
157.20000000000437	16
157.20000000000437	18
157.20000000000437	99
158.10000000000582	87
157.8000000000029	78
157.8000000000029	97
157.8000000000029	72
157.8000000000029	43
157.8000000000029	77
157.8000000000029	39
157.8000000000029	92
157.90000000000146	80
157.90000000000146	84
158.5	54
158.5	100
158.5	96
158.5	88
158.5	79
158.5	69
158.5	86
158.60000000000582	31
158.60000000000582	40
158.60000000000582	5
158.60000000000582	82
158.60000000000582	3
158.60000000000582	89
158.60000000000582	21
158.60000000000582	19
158.60000000000582	81
158.60000000000582	73
158.70000000000437	50
158.70000000000437	17
158.70000000000437	33
158.70000000000437	49
158.8000000000029	7
158.90000000000146	64
158.90000000000146	41
159.0	97
159.10000000000582	61
159.20000000000437	58
159.70000000000437	2
160.0	95
159.40000000000146	38
159.5	44
159.5	46
159.5	11
159.5	13
159.5	99
159.70000000000437	53
159.70000000000437	4
159.70000000000437	20
159.70000000000437	43
160.0	100
160.0	84
160.0	41
160.10000000000582	25
160.10000000000582	69
160.20000000000437	37
160.40000000000146	16
160.40000000000146	5
160.40000000000146	67
160.40000000000146	79
160.5	91
160.5	54
160.5	62
160.60000000000582	31
160.60000000000582	3
160.70000000000437	8
160.70000000000437	34
160.70000000000437	94
160.8000000000029	64
160.8000000000029	7
160.90000000000146	40
160.90000000000146	44
160.90000000000146	17
161.0	86
161.0	75
161.10000000000582	28
161.10000000000582	19
161.10000000000582	6
161.10000000000582	59
161.20000000000437	72
161.5	56
161.5	78
161.5	43
161.5	87
161.60000000000582	51
161.60000000000582	4
161.70000000000437	13
161.70000000000437	33
161.8000000000029	12
161.8000000000029	10
161.8000000000029	55
161.90000000000146	21
161.90000000000146	95
162.0	23
162.10000000000582	82
162.20000000000437	22
162.20000000000437	47
162.20000000000437	100
162.20000000000437	18
162.70000000000437	26
163.20000000000437	70
162.40000000000146	97
162.5	8
162.60000000000582	60
162.60000000000582	81
162.60000000000582	79
162.70000000000437	76
162.8000000000029	74
162.8000000000029	80
162.90000000000146	94
162.90000000000146	69
162.90000000000146	64
163.0	31
163.10000000000582	17
163.10000000000582	33
163.10000000000582	11
163.20000000000437	20
164.20000000000437	44
163.40000000000146	91
163.40000000000146	6
163.40000000000146	2
163.40000000000146	24
163.5	99
163.60000000000582	14
163.60000000000582	4
163.70000000000437	72
163.70000000000437	43
163.8000000000029	56
163.8000000000029	22
163.8000000000029	53
163.8000000000029	7
163.8000000000029	75
163.90000000000146	19
163.90000000000146	86
164.20000000000437	82
164.40000000000146	65
164.5	87
164.8000000000029	47
164.90000000000146	59
164.40000000000146	97
164.5	54
164.5	3
164.5	46
164.60000000000582	69
164.60000000000582	94
164.70000000000437	89
164.8000000000029	13
164.8000000000029	11
164.90000000000146	55
164.90000000000146	17
164.90000000000146	71
164.90000000000146	49
164.90000000000146	95
164.90000000000146	18
165.0	79
165.0	85
165.0	41
165.10000000000582	33
165.20000000000437	5
165.40000000000146	20
165.5	77
165.5	6
165.5	21
165.60000000000582	81
165.60000000000582	58
165.70000000000437	84
165.8000000000029	7
165.90000000000146	99
165.90000000000146	56
165.90000000000146	72
165.90000000000146	66
165.90000000000146	1
166.0	75
166.0	61
166.0	4
166.10000000000582	39
166.10000000000582	24
166.20000000000437	97
166.20000000000437	82
166.20000000000437	11
166.40000000000146	16
166.90000000000146	92
166.5	87
166.60000000000582	5
166.70000000000437	3
166.70000000000437	43
166.8000000000029	10
166.8000000000029	91
167.0	86
167.0	19
167.0	67
167.0	70
167.0	80
167.0	53
167.0	79
167.0	46
167.10000000000582	6
167.20000000000437	21
167.20000000000437	89
167.20000000000437	55
167.20000000000437	33
167.90000000000146	17
167.40000000000146	31
167.60000000000582	15
167.70000000000437	99
167.8000000000029	100
167.8000000000029	7
167.90000000000146	65
167.90000000000146	71
167.90000000000146	49
168.0	52
168.10000000000582	1
168.10000000000582	44
168.10000000000582	61
168.10000000000582	24
168.10000000000582	56
168.10000000000582	47
168.20000000000437	10
168.20000000000437	12
168.20000000000437	14
168.20000000000437	96
168.20000000000437	11
168.40000000000146	54
168.5	81
168.70000000000437	8
169.20000000000437	68
168.8000000000029	58
168.90000000000146	87
169.0	22
169.0	72
169.0	75
169.0	41
169.0	4
169.10000000000582	3
169.10000000000582	33
169.10000000000582	64
169.10000000000582	76
169.10000000000582	70
169.20000000000437	90
169.20000000000437	28
169.20000000000437	17
170.20000000000437	94
169.40000000000146	40
169.60000000000582	79
169.90000000000146	43
169.5	23
169.60000000000582	21
169.90000000000146	95
170.0	80
170.10000000000582	73
170.10000000000582	99
170.20000000000437	35
170.20000000000437	7
170.20000000000437	97
170.20000000000437	86
170.20000000000437	31
170.5	18
170.60000000000582	61
170.8000000000029	100
171.0	19
170.40000000000146	82
170.40000000000146	56
171.20000000000437	6
171.20000000000437	24
171.8000000000029	16
172.10000000000582	3
172.20000000000437	1
171.70000000000437	81
171.8000000000029	65
171.90000000000146	27
171.90000000000146	41
171.90000000000146	4
171.90000000000146	99
171.90000000000146	8
171.90000000000146	83
172.0	20
172.0	57
172.0	10
172.0	48
172.0	11
172.0	5
172.0	31
172.0	80
172.0	76
172.10000000000582	72
172.10000000000582	96
172.10000000000582	79
172.20000000000437	33
172.20000000000437	14
172.20000000000437	58
172.20000000000437	82
172.40000000000146	89
172.5	46
173.0	43
172.40000000000146	22
172.40000000000146	100
172.40000000000146	28
172.5	61
172.5	18
172.60000000000582	35
172.60000000000582	97
172.60000000000582	7
172.60000000000582	75
172.60000000000582	4
172.8000000000029	96
172.90000000000146	17
173.10000000000582	65
173.60000000000582	64
173.60000000000582	42
173.60000000000582	8
173.60000000000582	68
173.60000000000582	50
173.60000000000582	72
173.60000000000582	26
173.70000000000437	33
174.40000000000146	54
174.40000000000146	95
174.40000000000146	3
174.40000000000146	13
174.40000000000146	84
174.40000000000146	16
174.40000000000146	47
174.40000000000146	56
174.40000000000146	66
174.40000000000146	20
174.5	82
174.5	40
174.5	43
174.5	63
174.60000000000582	74
174.60000000000582	91
174.60000000000582	97
174.70000000000437	6
174.8000000000029	70
174.90000000000146	99
174.90000000000146	41
175.0	80
175.10000000000582	76
175.10000000000582	44
175.10000000000582	64
175.10000000000582	24
175.10000000000582	79
175.10000000000582	89
175.20000000000437	73
175.90000000000146	66
175.90000000000146	17
175.40000000000146	21
175.5	7
175.5	86
175.5	68
175.5	65
175.60000000000582	22
175.60000000000582	96
175.60000000000582	42
175.60000000000582	53
175.8000000000029	19
175.8000000000029	3
175.90000000000146	46
175.90000000000146	55
176.0	20
176.10000000000582	54
176.10000000000582	6
176.10000000000582	29
176.20000000000437	60
176.20000000000437	97
176.20000000000437	16
176.20000000000437	10
176.20000000000437	31
176.90000000000146	72
176.40000000000146	75
176.40000000000146	56
176.5	91
176.60000000000582	43
176.60000000000582	18
176.60000000000582	77
176.70000000000437	11
176.8000000000029	7
176.8000000000029	5
176.90000000000146	99
177.0	19
177.0	86
177.10000000000582	33
177.10000000000582	40
177.20000000000437	24
177.5	26
177.5	28
177.70000000000437	79
177.40000000000146	96
177.40000000000146	12
177.40000000000146	17
177.40000000000146	8
177.5	54
177.60000000000582	81
177.70000000000437	58
177.90000000000146	4
177.90000000000146	27
178.0	23
178.0	94
178.0	68
178.0	20
178.20000000000437	22
178.20000000000437	91
178.40000000000146	1
178.40000000000146	6
178.40000000000146	87
178.40000000000146	56
178.40000000000146	85
178.5	25
178.5	69
178.5	89
178.5	67
178.70000000000437	99
178.70000000000437	43
178.90000000000146	21
179.0	7
179.0	31
179.0	70
179.20000000000437	97
179.20000000000437	86
179.60000000000582	11
179.40000000000146	38
179.70000000000437	64
179.40000000000146	16
179.40000000000146	79
179.40000000000146	8
179.5	26
179.5	66
179.5	54
179.5	19
179.5	78
179.60000000000582	96
179.60000000000582	24
179.60000000000582	90
179.70000000000437	53
179.70000000000437	5
179.90000000000146	94
180.0	20
180.10000000000582	36
180.10000000000582	60
180.20000000000437	28
180.70000000000437	6
180.40000000000146	25
180.40000000000146	23
180.5	55
180.5	72
180.5	43
180.5	17
180.60000000000582	70
180.60000000000582	12
180.70000000000437	4
180.70000000000437	68
180.70000000000437	40
180.8000000000029	22
180.8000000000029	91
180.90000000000146	99
181.0	10
181.0	51
181.10000000000582	77
181.20000000000437	24
181.20000000000437	7
181.8000000000029	56
181.40000000000146	75
181.5	19
181.5	54
181.60000000000582	29
181.60000000000582	81
181.60000000000582	96
181.60000000000582	86
181.60000000000582	33
181.60000000000582	97
181.60000000000582	8
181.70000000000437	26
181.70000000000437	16
181.8000000000029	28
181.8000000000029	90
181.8000000000029	58
181.90000000000146	27
182.0	100
182.10000000000582	65
182.20000000000437	87
182.20000000000437	94
182.40000000000146	49
182.5	64
182.5	21
182.60000000000582	70
182.60000000000582	79
182.70000000000437	55
182.70000000000437	43
182.8000000000029	80
182.8000000000029	35
182.8000000000029	95
182.90000000000146	12
182.90000000000146	6
182.90000000000146	18
183.0	19
183.0	7
183.0	5
183.10000000000582	44
183.10000000000582	84
183.10000000000582	66
183.20000000000437	38
183.20000000000437	46
184.20000000000437	99
183.5	4
183.60000000000582	72
183.70000000000437	57
183.70000000000437	29
183.8000000000029	81
183.8000000000029	16
183.90000000000146	24
183.90000000000146	54
184.0	97
184.0	31
184.0	20
184.0	28
184.10000000000582	77
184.10000000000582	33
184.20000000000437	90
184.20000000000437	22
184.20000000000437	89
184.40000000000146	91
184.40000000000146	87
184.60000000000582	41
184.70000000000437	99
184.8000000000029	96
184.8000000000029	7
184.8000000000029	53
184.8000000000029	25
184.8000000000029	75
185.20000000000437	64
185.20000000000437	55
185.20000000000437	84
185.20000000000437	43
185.70000000000437	3
186.0	79
186.0	35
186.20000000000437	50
185.40000000000146	17
185.40000000000146	4
185.60000000000582	72
185.60000000000582	46
185.70000000000437	76
185.70000000000437	39
185.70000000000437	12
185.90000000000146	29
185.90000000000146	68
186.0	80
186.0	66
186.0	5
186.0	21
186.0	71
186.10000000000582	42
186.10000000000582	26
186.10000000000582	33
186.10000000000582	70
186.10000000000582	44
186.10000000000582	47
186.10000000000582	18
186.10000000000582	95
186.20000000000437	60
186.8000000000029	77
187.70000000000437	89
187.70000000000437	24
187.70000000000437	16
187.70000000000437	54
187.8000000000029	75
187.8000000000029	43
187.8000000000029	3
187.8000000000029	86
187.8000000000029	34
187.8000000000029	22
187.8000000000029	15
187.8000000000029	71
187.8000000000029	96
187.8000000000029	10
187.8000000000029	40
187.8000000000029	19
187.90000000000146	4
187.90000000000146	94
187.90000000000146	83
188.0	20
188.0	11
188.0	23
188.40000000000146	18
188.40000000000146	70
188.40000000000146	96
188.40000000000146	97
188.40000000000146	8
188.40000000000146	35
188.40000000000146	17
188.40000000000146	33
188.40000000000146	47
188.40000000000146	38
188.40000000000146	28
188.40000000000146	87
188.40000000000146	21
189.10000000000582	43
189.10000000000582	29
189.20000000000437	24
189.20000000000437	75
190.10000000000582	82
189.5	79
189.90000000000146	80
190.0	12
189.40000000000146	19
189.40000000000146	95
189.40000000000146	90
189.40000000000146	22
189.40000000000146	74
189.40000000000146	10
189.40000000000146	7
189.40000000000146	7
189.60000000000582	81
189.60000000000582	52
189.60000000000582	32
189.60000000000582	66
189.70000000000437	64
189.70000000000437	46
189.70000000000437	46
189.70000000000437	84
189.70000000000437	65
190.10000000000582	4
190.10000000000582	100
190.10000000000582	9
190.10000000000582	62
190.10000000000582	1
190.10000000000582	18
190.20000000000437	64
190.20000000000437	6
190.20000000000437	21
190.5	73
191.20000000000437	85
190.40000000000146	79
190.40000000000146	33
190.40000000000146	94
190.40000000000146	89
190.40000000000146	96
190.5	5
190.60000000000582	31
190.70000000000437	43
190.8000000000029	78
190.8000000000029	7
190.90000000000146	65
190.90000000000146	89
191.10000000000582	68
191.10000000000582	54
191.20000000000437	47
191.20000000000437	25
191.20000000000437	20
191.5	19
192.10000000000582	17
191.40000000000146	24
191.40000000000146	49
191.40000000000146	83
191.5	99
191.60000000000582	77
191.60000000000582	97
191.60000000000582	53
191.8000000000029	74
191.8000000000029	10
191.8000000000029	41
191.90000000000146	71
191.90000000000146	76
192.20000000000437	100
192.20000000000437	4
192.40000000000146	26
192.70000000000437	29
193.0	1
193.10000000000582	46
193.10000000000582	40
193.20000000000437	91
192.40000000000146	70
192.40000000000146	42
192.40000000000146	87
192.40000000000146	80
192.40000000000146	96
192.5	6
192.5	33
192.60000000000582	43
192.8000000000029	7
192.90000000000146	47
192.90000000000146	12
193.0	21
193.0	89
193.10000000000582	68
193.70000000000437	24
193.8000000000029	10
193.90000000000146	31
193.40000000000146	22
193.40000000000146	97
193.40000000000146	95
193.40000000000146	23
193.40000000000146	19
193.40000000000146	16
193.5	65
193.60000000000582	77
193.60000000000582	81
193.60000000000582	25
193.70000000000437	8
193.8000000000029	20
194.0	34
194.0	74
194.0	75
194.10000000000582	21
194.10000000000582	54
194.20000000000437	94
194.90000000000146	4
195.0	56
195.10000000000582	72
194.40000000000146	53
194.40000000000146	49
194.5	40
194.5	17
194.5	55
194.60000000000582	70
194.60000000000582	41
194.60000000000582	58
194.70000000000437	32
194.8000000000029	71
194.8000000000029	7
194.90000000000146	84
195.0	87
195.10000000000582	62
195.10000000000582	43
195.20000000000437	35
195.20000000000437	96
195.20000000000437	15
195.70000000000437	31
195.70000000000437	29
195.5	89
195.5	46
195.5	91
195.60000000000582	6
195.60000000000582	33
195.60000000000582	80
195.60000000000582	16
195.70000000000437	11
195.70000000000437	28
195.70000000000437	12
195.8000000000029	22
195.8000000000029	19
195.90000000000146	99
195.90000000000146	38
195.90000000000146	18
196.10000000000582	65
196.20000000000437	77
196.60000000000582	57
196.8000000000029	24
197.10000000000582	66
196.40000000000146	10
196.5	79
196.5	43
196.60000000000582	39
196.70000000000437	4
196.70000000000437	40
196.70000000000437	17
196.70000000000437	36
196.70000000000437	8
196.70000000000437	50
196.90000000000146	26
196.90000000000146	1
196.90000000000146	68
197.0	7
197.0	20
197.10000000000582	6
197.10000000000582	76
197.5	89
197.40000000000146	96
197.40000000000146	12
197.40000000000146	5
197.5	83
197.5	47
197.70000000000437	49
197.8000000000029	80
197.8000000000029	42
197.90000000000146	25
197.90000000000146	64
197.90000000000146	31
197.90000000000146	78
198.0	29
198.0	97
198.0	71
198.10000000000582	95
198.10000000000582	33
198.10000000000582	63
198.20000000000437	65
198.5	43
198.60000000000582	70
198.60000000000582	62
198.70000000000437	46
198.8000000000029	7
198.8000000000029	85
198.90000000000146	41
198.90000000000146	66
198.90000000000146	89
199.0	38
199.0	32
199.0	19
199.0	11
199.10000000000582	79
199.10000000000582	74
199.10000000000582	76
199.20000000000437	34
199.20000000000437	35
199.20000000000437	94
199.20000000000437	22
199.5	13
199.40000000000146	96
199.5	91
199.70000000000437	54
199.70000000000437	24
199.8000000000029	71
199.8000000000029	81
199.90000000000146	56
199.90000000000146	99
200.0	10
200.0	58
200.10000000000582	64
200.10000000000582	26
200.10000000000582	65
200.20000000000437	42
200.8000000000029	63
200.90000000000146	27
201.0	12
200.40000000000146	97
200.5	40
200.5	46
200.70000000000437	66
200.90000000000146	8
200.90000000000146	50
201.0	70
201.0	60
201.10000000000582	55
201.10000000000582	87
201.8000000000029	6
201.8000000000029	29
201.8000000000029	89
201.8000000000029	80
201.8000000000029	5
201.8000000000029	47
201.8000000000029	31
201.8000000000029	43
201.8000000000029	7
201.8000000000029	19
201.8000000000029	99
201.90000000000146	24
202.0	22
202.0	96
202.0	77
202.0	76
202.10000000000582	91
202.10000000000582	4
202.20000000000437	38
202.20000000000437	86
202.20000000000437	3
202.60000000000582	16
202.5	54
202.60000000000582	17
202.8000000000029	75
203.0	12
202.40000000000146	26
202.40000000000146	10
202.5	79
202.5	27
202.60000000000582	46
202.60000000000582	70
202.60000000000582	43
203.0	18
203.0	28
203.0	4
203.70000000000437	19
203.70000000000437	96
203.70000000000437	20
203.70000000000437	61
203.70000000000437	22
203.70000000000437	6
203.70000000000437	94
203.70000000000437	32
203.70000000000437	31
203.70000000000437	24
203.70000000000437	41
203.70000000000437	81
203.70000000000437	74
203.70000000000437	80
203.70000000000437	69
203.70000000000437	29
203.70000000000437	89
203.70000000000437	77
203.8000000000029	65
203.8000000000029	97
203.90000000000146	99
204.90000000000146	33
205.0	78
204.40000000000146	38
204.40000000000146	86
204.8000000000029	43
204.8000000000029	64
204.8000000000029	85
204.8000000000029	87
204.8000000000029	60
204.8000000000029	51
204.8000000000029	22
204.8000000000029	26
204.8000000000029	4
204.8000000000029	28
204.8000000000029	7
204.90000000000146	55
204.90000000000146	54
204.90000000000146	11
204.90000000000146	89
204.90000000000146	12
205.0	94
205.0	46
205.10000000000582	24
205.40000000000146	96
205.5	32
205.60000000000582	29
205.60000000000582	19
205.70000000000437	37
205.70000000000437	99
205.70000000000437	66
205.70000000000437	91
205.8000000000029	62
205.8000000000029	58
205.90000000000146	80
205.90000000000146	56
206.20000000000437	84
206.20000000000437	72
206.40000000000146	12
206.5	46
206.5	71
206.70000000000437	43
206.70000000000437	1
206.8000000000029	22
206.8000000000029	35
206.8000000000029	97
206.8000000000029	31
206.90000000000146	42
206.90000000000146	55
206.90000000000146	54
206.90000000000146	85
206.90000000000146	7
206.90000000000146	17
207.0	87
207.10000000000582	24
207.40000000000146	96
207.40000000000146	86
207.5	91
207.70000000000437	75
207.8000000000029	77
207.8000000000029	19
207.8000000000029	81
207.90000000000146	79
207.90000000000146	27
207.90000000000146	4
207.90000000000146	66
207.90000000000146	99
208.0	90
208.0	32
208.10000000000582	56
208.10000000000582	72
208.20000000000437	18
208.5	46
208.5	84
208.8000000000029	28
208.8000000000029	100
208.90000000000146	64
209.0	41
209.0	85
209.0	71
209.0	35
209.10000000000582	54
209.10000000000582	22
209.10000000000582	86
209.10000000000582	74
209.20000000000437	7
209.20000000000437	75
209.40000000000146	87
209.40000000000146	33
209.40000000000146	32
209.40000000000146	48
209.60000000000582	96
209.60000000000582	94
209.70000000000437	15
209.70000000000437	99
209.8000000000029	29
209.90000000000146	11
210.0	24
210.0	19
210.10000000000582	10
210.10000000000582	89
210.10000000000582	91
210.20000000000437	66
210.20000000000437	12
210.60000000000582	43
210.8000000000029	27
210.5	8
210.60000000000582	17
210.8000000000029	22
210.8000000000029	7
210.8000000000029	31
210.90000000000146	47
211.0	79
211.10000000000582	1
211.10000000000582	33
211.10000000000582	56
211.10000000000582	78
211.10000000000582	76
211.20000000000437	35
211.60000000000582	55
211.60000000000582	65
211.70000000000437	71
211.40000000000146	81
211.40000000000146	85
211.5	15
211.5	94
211.60000000000582	42
211.60000000000582	90
211.60000000000582	80
211.70000000000437	96
211.70000000000437	29
211.70000000000437	99
211.90000000000146	73
212.10000000000582	83
212.20000000000437	27
212.20000000000437	74
213.10000000000582	66
213.10000000000582	12
213.20000000000437	46
212.40000000000146	77
212.40000000000146	19
212.5	79
212.5	4
212.5	84
212.60000000000582	58
212.70000000000437	8
212.70000000000437	32
212.8000000000029	7
212.8000000000029	71
212.8000000000029	22
212.90000000000146	47
213.0	31
213.0	81
213.10000000000582	33
213.70000000000437	40
214.0	76
213.40000000000146	90
213.40000000000146	55
213.60000000000582	41
213.60000000000582	87
213.60000000000582	62
213.60000000000582	80
213.60000000000582	15
213.70000000000437	11
213.70000000000437	99
213.70000000000437	91
213.70000000000437	94
213.8000000000029	38
213.90000000000146	96
213.90000000000146	73
214.0	29
214.0	19
214.20000000000437	35
214.20000000000437	10
214.20000000000437	43
214.40000000000146	56
214.5	66
214.5	26
214.5	12
214.60000000000582	20
214.70000000000437	78
214.70000000000437	17
214.70000000000437	54
215.0	18
215.0	24
215.10000000000582	75
215.10000000000582	53
215.10000000000582	49
215.60000000000582	96
215.60000000000582	84
215.60000000000582	41
215.60000000000582	7
215.60000000000582	43
215.60000000000582	4
215.60000000000582	77
215.70000000000437	6
215.70000000000437	89
215.8000000000029	97
215.8000000000029	80
215.8000000000029	3
215.8000000000029	31
215.8000000000029	87
215.8000000000029	90
216.40000000000146	32
216.40000000000146	1
216.40000000000146	38
216.40000000000146	69
216.40000000000146	42
216.40000000000146	94
216.5	99
216.5	29
216.5	91
216.5	22
216.60000000000582	15
216.60000000000582	71
216.70000000000437	33
216.70000000000437	56
216.70000000000437	72
216.8000000000029	23
216.90000000000146	46
216.90000000000146	66
217.0	10
217.60000000000582	54
218.10000000000582	81
218.10000000000582	12
218.20000000000437	87
218.20000000000437	85
217.8000000000029	42
217.8000000000029	77
217.8000000000029	17
218.20000000000437	24
218.20000000000437	74
218.20000000000437	84
218.70000000000437	29
218.70000000000437	26
218.70000000000437	75
218.70000000000437	96
218.70000000000437	64
218.70000000000437	41
218.70000000000437	40
218.70000000000437	25
218.70000000000437	31
218.8000000000029	97
218.8000000000029	47
218.8000000000029	90
218.8000000000029	5
218.90000000000146	56
219.0	28
219.8000000000029	32
219.8000000000029	99
219.8000000000029	54
219.8000000000029	43
219.8000000000029	37
219.8000000000029	24
219.8000000000029	89
219.8000000000029	96
219.8000000000029	65
219.90000000000146	12
219.90000000000146	78
219.90000000000146	75
219.90000000000146	62
220.0	91
220.0	87
220.0	6
220.0	6
220.0	58
220.0	15
220.10000000000582	17
220.20000000000437	16
220.20000000000437	16
220.60000000000582	46
221.20000000000437	4
220.40000000000146	41
220.40000000000146	94
220.5	66
220.60000000000582	79
220.60000000000582	42
220.60000000000582	31
220.60000000000582	7
220.60000000000582	28
220.60000000000582	71
220.70000000000437	26
220.70000000000437	99
220.90000000000146	5
220.90000000000146	40
220.90000000000146	91
220.90000000000146	90
220.90000000000146	29
220.90000000000146	48
221.0	78
221.0	22
221.5	89
221.5	87
221.5	12
221.5	43
221.60000000000582	24
221.70000000000437	32
221.8000000000029	84
221.8000000000029	96
221.8000000000029	37
221.90000000000146	54
221.90000000000146	60
222.0	58
222.0	49
222.0	74
222.0	75
222.10000000000582	17
222.60000000000582	97
222.70000000000437	16
222.70000000000437	28
222.90000000000146	7
222.90000000000146	15
222.90000000000146	4
222.90000000000146	65
222.90000000000146	46
222.90000000000146	55
223.0	56
223.0	78
223.0	99
223.0	31
223.0	10
223.10000000000582	41
223.10000000000582	20
223.10000000000582	24
223.20000000000437	35
223.20000000000437	29
223.5	43
223.8000000000029	3
223.8000000000029	80
223.90000000000146	87
224.0	22
224.0	42
224.0	69
224.10000000000582	49
224.10000000000582	96
224.10000000000582	94
224.10000000000582	38
224.10000000000582	84
224.10000000000582	47
224.20000000000437	58
225.0	97
224.40000000000146	6
224.60000000000582	28
224.90000000000146	54
224.90000000000146	17
225.10000000000582	4
225.10000000000582	40
225.10000000000582	89
225.10000000000582	46
225.10000000000582	71
225.20000000000437	86
225.20000000000437	76
225.20000000000437	62
225.20000000000437	7
225.20000000000437	19
225.40000000000146	79
225.5	41
225.60000000000582	99
225.40000000000146	35
225.5	29
225.5	24
225.5	78
225.60000000000582	43
225.90000000000146	66
226.0	90
226.0	10
226.10000000000582	56
226.90000000000146	96
226.60000000000582	73
227.0	16
227.0	75
226.40000000000146	26
226.40000000000146	25
226.40000000000146	31
226.40000000000146	5
226.5	15
226.60000000000582	6
226.70000000000437	74
226.8000000000029	64
227.0	19
227.10000000000582	17
227.20000000000437	20
227.20000000000437	28
227.20000000000437	71
227.60000000000582	89
227.70000000000437	40
227.70000000000437	46
227.40000000000146	77
227.40000000000146	87
227.40000000000146	12
227.40000000000146	54
227.5	49
227.5	79
227.5	99
227.5	29
227.8000000000029	43
228.20000000000437	90
229.10000000000582	84
229.10000000000582	78
228.40000000000146	31
228.40000000000146	7
228.40000000000146	23
228.40000000000146	60
228.5	6
228.5	26
228.5	65
228.60000000000582	97
228.60000000000582	69
228.60000000000582	95
228.60000000000582	56
229.0	71
229.20000000000437	77
229.60000000000582	4
229.90000000000146	62
229.40000000000146	22
229.40000000000146	5
229.40000000000146	75
229.40000000000146	3
229.5	87
229.60000000000582	80
229.60000000000582	33
229.60000000000582	66
229.60000000000582	10
229.60000000000582	41
229.60000000000582	72
229.60000000000582	28
229.60000000000582	19
229.70000000000437	99
229.70000000000437	40
229.8000000000029	55
229.8000000000029	48
229.8000000000029	24
229.90000000000146	79
230.0	96
230.0	31
230.8000000000029	17
230.8000000000029	49
230.8000000000029	43
230.8000000000029	76
230.8000000000029	100
230.8000000000029	7
230.8000000000029	16
230.90000000000146	56
230.90000000000146	25
231.5	29
231.5	78
231.5	10
231.60000000000582	96
231.60000000000582	74
231.60000000000582	20
231.60000000000582	77
231.60000000000582	71
231.70000000000437	26
231.70000000000437	99
231.8000000000029	46
231.90000000000146	79
231.90000000000146	89
231.90000000000146	87
231.90000000000146	66
232.0	4
232.0	31
232.0	75
232.0	41
232.60000000000582	43
232.70000000000437	95
232.70000000000437	73
233.20000000000437	65
233.20000000000437	100
233.20000000000437	17
233.20000000000437	69
233.60000000000582	60
233.40000000000146	48
234.0	56
233.40000000000146	54
233.40000000000146	96
233.40000000000146	41
233.40000000000146	6
233.5	79
233.60000000000582	3
233.70000000000437	49
233.70000000000437	99
233.8000000000029	71
233.90000000000146	55
233.90000000000146	78
234.10000000000582	7
234.60000000000582	43
234.60000000000582	84
234.60000000000582	80
234.60000000000582	26
234.60000000000582	66
234.60000000000582	31
234.60000000000582	75
234.60000000000582	89
234.60000000000582	4
234.60000000000582	3
234.60000000000582	24
234.70000000000437	22
234.70000000000437	46
234.8000000000029	69
234.8000000000029	20
234.90000000000146	29
235.20000000000437	86
235.90000000000146	87
235.40000000000146	33
235.40000000000146	72
235.40000000000146	10
235.5	79
235.70000000000437	99
235.70000000000437	17
235.8000000000029	19
236.0	96
236.20000000000437	41
236.40000000000146	25
236.5	4
236.70000000000437	55
237.20000000000437	66
236.40000000000146	12
236.40000000000146	31
236.40000000000146	7
236.60000000000582	43
236.8000000000029	22
236.90000000000146	81
237.10000000000582	46
237.90000000000146	29
237.40000000000146	86
237.40000000000146	69
237.5	79
237.5	71
237.70000000000437	72
237.70000000000437	99
237.8000000000029	1
238.0	17
238.5	80
238.5	40
238.5	87
238.5	4
238.60000000000582	55
238.60000000000582	96
238.60000000000582	10
238.70000000000437	31
238.70000000000437	43
238.70000000000437	24
238.8000000000029	84
239.10000000000582	66
239.20000000000437	41
239.40000000000146	81
239.5	46
239.5	29
239.5	62
239.5	78
239.60000000000582	7
239.60000000000582	75
239.70000000000437	79
239.70000000000437	99
239.70000000000437	71
239.70000000000437	19
239.70000000000437	77
239.70000000000437	11
239.90000000000146	17
240.0	80
240.20000000000437	10
240.40000000000146	69
240.60000000000582	100
240.60000000000582	43
240.70000000000437	4
240.8000000000029	96
241.0	56
241.0	84
241.40000000000146	72
241.5	31
241.90000000000146	79
241.90000000000146	40
241.90000000000146	71
242.0	46
242.0	5
242.0	41
242.90000000000146	29
242.40000000000146	54
242.8000000000029	22
242.8000000000029	7
242.90000000000146	1
242.90000000000146	99
243.0	20
243.10000000000582	96
243.20000000000437	26
243.60000000000582	4
243.60000000000582	11
243.40000000000146	66
243.40000000000146	69
243.5	10
243.5	41
243.60000000000582	75
243.90000000000146	79
244.0	43
244.10000000000582	56
244.8000000000029	77
244.40000000000146	61
244.5	54
244.5	84
244.70000000000437	99
244.8000000000029	7
245.0	3
247.8000000000029	10
247.8000000000029	24
247.8000000000029	71
247.8000000000029	71
247.8000000000029	80
247.8000000000029	31
247.8000000000029	54
247.8000000000029	72
247.8000000000029	56
247.8000000000029	87
247.8000000000029	11
247.8000000000029	20
247.8000000000029	73
247.90000000000146	41
247.90000000000146	43
247.90000000000146	69
247.90000000000146	22
247.90000000000146	7
247.90000000000146	55
247.90000000000146	75
247.90000000000146	17
247.90000000000146	17
247.90000000000146	96
248.0	84
248.0	66
248.0	79
248.0	79
248.40000000000146	56
248.40000000000146	26
248.40000000000146	43
248.40000000000146	77
248.40000000000146	4
248.5	5
248.5	62
249.20000000000437	24
249.20000000000437	99
249.20000000000437	99
249.20000000000437	31
249.20000000000437	55
249.20000000000437	96
249.40000000000146	17
249.5	79
249.70000000000437	26
249.8000000000029	7
250.5	10
250.5	4
250.60000000000582	43
250.8000000000029	96
250.8000000000029	72
250.90000000000146	24
250.90000000000146	6
251.10000000000582	55
251.5	79
251.5	54
251.60000000000582	46
251.60000000000582	77
251.70000000000437	81
251.90000000000146	56
252.0	99
252.0	41
253.10000000000582	96
253.10000000000582	22
253.10000000000582	24
253.40000000000146	41
253.70000000000437	79
253.8000000000029	54
253.8000000000029	7
253.90000000000146	81
254.0	43
254.0	84
254.10000000000582	71
254.5	99
255.0	46
255.0	77
255.20000000000437	96
255.20000000000437	75
255.40000000000146	41
255.60000000000582	43
255.90000000000146	54
255.90000000000146	24
255.90000000000146	56
256.0	31
256.5	22
257.20000000000437	84
256.40000000000146	80
256.40000000000146	79
256.6000000000058	55
256.90000000000146	40
257.0	72
257.40000000000146	41
257.5	96
257.5	4
257.5	54
257.6000000000058	7
257.70000000000437	71
258.1000000000058	77
258.1000000000058	24
258.1000000000058	56
258.40000000000146	75
258.40000000000146	20
258.5	99
258.5	84
258.6000000000058	43
258.6000000000058	10
259.0	22
259.5	19
259.40000000000146	96
259.40000000000146	41
259.5	79
260.20000000000437	10
260.5	77
260.8000000000029	54
260.40000000000146	56
260.6000000000058	7
260.90000000000146	20
261.5	43
262.20000000000437	77
262.20000000000437	19
262.20000000000437	22
262.20000000000437	96
262.20000000000437	56
262.5	24
262.6000000000058	10
262.6000000000058	41
262.8000000000029	7
262.90000000000146	71
263.90000000000146	24
264.20000000000437	79
264.0	75
264.0	99
264.0	96
264.6000000000058	77
264.8000000000029	19
265.20000000000437	56
264.40000000000146	41
264.5	54
264.8000000000029	7
264.90000000000146	40
265.90000000000146	24
265.5	22
265.6000000000058	75
265.40000000000146	20
265.90000000000146	81
266.8000000000029	79
266.5	54
266.5	56
266.6000000000058	77
266.8000000000029	99
267.1000000000058	4
267.20000000000437	43
267.20000000000437	96
267.20000000000437	20
267.40000000000146	71
267.40000000000146	7
267.40000000000146	75
267.70000000000437	24
268.1000000000058	81
268.5	54
268.70000000000437	77
268.90000000000146	79
269.0	56
269.6000000000058	5
269.70000000000437	19
270.70000000000437	96
270.8000000000029	77
271.1000000000058	56
271.20000000000437	43
272.20000000000437	19
271.6000000000058	10
271.90000000000146	24
272.40000000000146	96
272.5	71
272.6000000000058	43
273.1000000000058	79
274.1000000000058	77
274.40000000000146	56
274.5	19
274.5	79
274.6000000000058	96
275.0	43
275.40000000000146	5
276.1000000000058	19
276.20000000000437	56
276.70000000000437	4
276.8000000000029	75
276.8000000000029	79
276.8000000000029	24
278.40000000000146	77
278.6000000000058	43
278.6000000000058	96
278.8000000000029	19
278.90000000000146	56
279.70000000000437	77
279.8000000000029	75
279.8000000000029	99
279.8000000000029	43
281.1000000000058	96
281.5	79
281.8000000000029	56
281.90000000000146	99
281.90000000000146	19
283.0	96
283.0	75
284.0	56
284.0	43
284.90000000000146	79
285.6000000000058	24
285.8000000000029	75
286.0	43
286.1000000000058	19
286.20000000000437	56
286.90000000000146	99
287.8000000000029	43
288.1000000000058	79
288.70000000000437	24
289.0	56
290.0	96
290.1000000000058	19
290.70000000000437	79
290.8000000000029	75
291.20000000000437	56
291.40000000000146	43
292.5	96
293.40000000000146	99
293.5	75
294.5	56
296.20000000000437	43
297.20000000000437	56
299.40000000000146	75
299.6000000000058	56
301.20000000000437	56
301.6000000000058	43
302.1000000000058	99
303.40000000000146	56
303.90000000000146	75
304.5	99
305.20000000000437	56
305.6000000000058	75
306.0	43
308.90000000000146	75
310.20000000000437	75
310.90000000000146	99
