0.0	5
0.0	5
1.8000000000029104	5
3.0	27
3.2000000000043656	27
3.400000000001455	5
4.200000000004366	85
4.200000000004366	85
4.400000000001455	39
4.400000000001455	39
4.400000000001455	39
4.80000000000291	91
4.80000000000291	91
4.80000000000291	91
4.80000000000291	27
5.0	63
5.0	91
4.400000000001455	39
4.400000000001455	39
4.400000000001455	63
4.400000000001455	91
4.5	63
4.5	63
4.5	91
4.5	91
4.5	86
4.5	86
4.5	86
4.5	86
4.5	86
4.5	86
4.5	86
4.5	77
4.5	77
4.5	63
4.5	91
4.600000000005821	27
4.600000000005821	77
4.600000000005821	19
4.600000000005821	86
4.600000000005821	76
4.600000000005821	76
4.600000000005821	5
4.600000000005821	19
4.600000000005821	85
4.600000000005821	85
4.600000000005821	85
4.600000000005821	85
4.600000000005821	85
4.600000000005821	91
4.700000000004366	86
4.700000000004366	86
4.700000000004366	76
4.700000000004366	39
4.700000000004366	39
4.700000000004366	39
4.700000000004366	39
4.700000000004366	39
4.700000000004366	91
4.700000000004366	91
4.700000000004366	27
4.700000000004366	39
4.700000000004366	77
4.700000000004366	77
4.700000000004366	77
4.700000000004366	85
4.700000000004366	19
4.700000000004366	19
4.700000000004366	76
4.700000000004366	91
4.700000000004366	85
4.80000000000291	85
4.80000000000291	77
4.900000000001455	76
4.900000000001455	5
4.900000000001455	5
4.900000000001455	5
4.900000000001455	77
4.900000000001455	85
4.900000000001455	85
4.900000000001455	10
4.900000000001455	10
4.900000000001455	86
4.900000000001455	86
4.900000000001455	86
4.900000000001455	91
4.900000000001455	91
4.900000000001455	91
4.900000000001455	91
5.0	39
5.0	39
5.0	39
5.0	39
5.0	77
5.0	77
5.0	91
5.0	91
5.100000000005821	77
5.100000000005821	76
5.100000000005821	76
5.100000000005821	10
5.100000000005821	10
5.100000000005821	10
5.100000000005821	27
5.100000000005821	27
5.100000000005821	27
5.100000000005821	27
5.100000000005821	85
5.100000000005821	85
5.100000000005821	85
5.100000000005821	86
5.100000000005821	86
5.100000000005821	86
5.200000000004366	10
5.200000000004366	19
5.200000000004366	19
5.200000000004366	19
5.200000000004366	19
5.200000000004366	19
5.200000000004366	19
5.200000000004366	19
5.200000000004366	39
5.200000000004366	39
5.200000000004366	56
5.200000000004366	56
5.200000000004366	10
5.200000000004366	27
5.200000000004366	76
5.200000000004366	76
5.200000000004366	66
5.200000000004366	66
5.200000000004366	27
5.200000000004366	39
5.600000000005821	85
5.80000000000291	10
5.900000000001455	85
6.0	76
5.400000000001455	86
5.400000000001455	86
5.400000000001455	77
5.400000000001455	77
5.400000000001455	77
5.400000000001455	77
5.400000000001455	77
5.400000000001455	46
5.400000000001455	46
5.400000000001455	10
5.5	19
5.5	19
5.5	19
5.5	19
5.5	86
5.5	27
5.5	27
5.5	85
5.5	10
5.5	10
5.5	46
5.5	46
5.600000000005821	77
5.600000000005821	77
5.600000000005821	10
5.600000000005821	76
5.600000000005821	76
5.600000000005821	39
5.600000000005821	39
5.600000000005821	39
5.600000000005821	39
5.600000000005821	39
5.700000000004366	76
5.700000000004366	80
5.700000000004366	80
5.700000000004366	80
5.700000000004366	19
5.700000000004366	19
5.700000000004366	19
5.700000000004366	19
5.700000000004366	10
5.700000000004366	86
5.700000000004366	86
5.700000000004366	86
5.700000000004366	63
5.700000000004366	63
5.700000000004366	63
5.700000000004366	63
5.700000000004366	63
5.700000000004366	63
5.700000000004366	63
5.700000000004366	63
5.700000000004366	63
5.700000000004366	63
5.700000000004366	63
5.700000000004366	63
5.700000000004366	63
5.700000000004366	63
5.700000000004366	63
5.700000000004366	91
5.700000000004366	91
5.700000000004366	91
5.700000000004366	91
5.700000000004366	91
5.700000000004366	91
5.700000000004366	91
5.700000000004366	80
5.80000000000291	76
5.80000000000291	5
5.80000000000291	5
5.80000000000291	5
5.80000000000291	5
5.80000000000291	5
5.80000000000291	5
5.80000000000291	5
5.80000000000291	5
5.80000000000291	5
5.80000000000291	19
5.80000000000291	19
5.80000000000291	77
5.80000000000291	77
5.80000000000291	77
5.80000000000291	10
5.80000000000291	27
5.80000000000291	27
5.80000000000291	27
5.80000000000291	85
5.80000000000291	85
5.80000000000291	85
5.80000000000291	85
5.900000000001455	10
5.900000000001455	19
5.900000000001455	91
5.900000000001455	91
5.900000000001455	19
5.900000000001455	27
5.900000000001455	80
5.900000000001455	63
5.900000000001455	63
6.0	19
6.0	80
6.0	85
6.0	27
6.0	19
6.0	80
6.0	77
6.0	77
6.0	27
6.0	85
6.0	86
6.0	86
6.100000000005821	86
6.100000000005821	80
6.100000000005821	76
6.100000000005821	76
6.100000000005821	76
6.100000000005821	76
6.100000000005821	77
6.100000000005821	86
6.100000000005821	19
6.100000000005821	27
6.100000000005821	80
6.100000000005821	63
6.100000000005821	85
6.200000000004366	76
6.200000000004366	76
6.200000000004366	46
6.200000000004366	46
6.200000000004366	46
6.200000000004366	46
6.200000000004366	46
6.200000000004366	46
6.200000000004366	46
6.200000000004366	46
6.200000000004366	46
6.200000000004366	27
6.200000000004366	19
6.200000000004366	63
6.200000000004366	19
6.200000000004366	10
6.200000000004366	10
6.200000000004366	10
6.200000000004366	10
6.200000000004366	10
6.200000000004366	5
6.200000000004366	5
6.200000000004366	5
6.200000000004366	5
6.200000000004366	80
6.200000000004366	80
6.200000000004366	77
6.200000000004366	39
6.200000000004366	39
6.200000000004366	39
6.200000000004366	39
6.200000000004366	39
6.200000000004366	86
6.700000000004366	91
6.700000000004366	91
6.700000000004366	91
6.700000000004366	91
6.700000000004366	91
6.700000000004366	91
6.700000000004366	91
6.700000000004366	91
6.700000000004366	63
6.700000000004366	19
6.900000000001455	85
6.900000000001455	76
7.200000000004366	46
6.400000000001455	27
6.400000000001455	19
6.400000000001455	80
6.400000000001455	80
6.400000000001455	80
6.400000000001455	5
6.400000000001455	5
6.400000000001455	19
6.5	27
6.5	39
6.5	39
6.5	39
6.5	86
6.5	86
6.5	91
6.5	91
6.5	46
6.5	86
6.5	91
6.5	27
6.5	80
6.5	80
6.5	80
6.600000000005821	85
6.600000000005821	85
6.600000000005821	85
6.600000000005821	5
6.600000000005821	39
6.700000000004366	91
6.700000000004366	91
6.700000000004366	19
6.700000000004366	19
6.700000000004366	19
6.700000000004366	19
6.700000000004366	39
6.80000000000291	27
6.80000000000291	27
6.80000000000291	27
6.80000000000291	86
6.80000000000291	86
6.80000000000291	85
6.80000000000291	85
6.80000000000291	77
6.80000000000291	77
6.80000000000291	77
6.80000000000291	77
6.80000000000291	77
6.80000000000291	77
6.80000000000291	46
6.80000000000291	46
6.80000000000291	46
6.80000000000291	5
6.80000000000291	5
6.80000000000291	5
6.80000000000291	39
6.80000000000291	57
6.80000000000291	57
6.80000000000291	57
6.80000000000291	57
6.80000000000291	57
6.80000000000291	27
6.900000000001455	77
6.900000000001455	19
6.900000000001455	46
6.900000000001455	8
6.900000000001455	8
7.0	86
7.0	86
7.0	57
7.0	39
7.0	8
7.0	39
7.0	27
7.0	77
7.0	77
7.0	46
7.0	19
7.0	19
7.0	80
7.0	80
7.0	80
7.0	80
7.0	80
7.0	80
7.0	80
7.0	86
7.0	57
7.0	80
7.100000000005821	19
7.100000000005821	19
7.100000000005821	77
7.100000000005821	86
7.100000000005821	39
7.100000000005821	10
7.100000000005821	10
7.100000000005821	10
7.100000000005821	10
7.100000000005821	10
7.100000000005821	10
7.100000000005821	10
7.100000000005821	10
7.100000000005821	10
7.100000000005821	10
7.100000000005821	10
7.100000000005821	80
7.100000000005821	10
7.100000000005821	10
7.200000000004366	57
7.200000000004366	80
7.200000000004366	76
7.200000000004366	76
7.200000000004366	76
7.200000000004366	76
7.200000000004366	76
7.200000000004366	76
7.200000000004366	76
7.200000000004366	76
7.200000000004366	76
7.200000000004366	76
7.200000000004366	10
7.200000000004366	76
7.200000000004366	85
7.200000000004366	85
7.200000000004366	85
7.400000000001455	85
7.400000000001455	85
7.400000000001455	80
7.900000000001455	77
7.900000000001455	86
8.10000000000582	8
8.200000000004366	8
8.200000000004366	77
7.400000000001455	19
7.5	56
7.400000000001455	10
7.400000000001455	80
7.400000000001455	76
7.400000000001455	57
7.400000000001455	57
7.400000000001455	5
7.400000000001455	5
7.400000000001455	5
7.400000000001455	5
7.400000000001455	1
7.400000000001455	1
7.400000000001455	87
7.400000000001455	87
7.400000000001455	87
7.400000000001455	87
7.400000000001455	87
7.400000000001455	39
7.400000000001455	39
7.400000000001455	19
7.400000000001455	80
7.5	8
7.5	8
7.5	57
7.5	66
7.5	66
7.5	66
7.5	87
7.5	5
7.5	5
7.5	5
7.5	76
7.5	10
7.5	85
7.600000000005821	76
7.600000000005821	19
7.700000000004366	85
7.700000000004366	5
7.700000000004366	5
7.700000000004366	77
7.700000000004366	77
7.700000000004366	56
7.700000000004366	56
7.700000000004366	1
7.700000000004366	1
7.700000000004366	87
7.700000000004366	87
7.700000000004366	87
7.700000000004366	87
7.700000000004366	87
7.80000000000291	11
7.80000000000291	11
7.80000000000291	11
7.80000000000291	11
7.80000000000291	76
7.80000000000291	87
7.80000000000291	76
7.80000000000291	57
7.900000000001455	8
7.900000000001455	10
7.900000000001455	10
7.900000000001455	77
7.900000000001455	87
7.900000000001455	76
7.900000000001455	87
7.900000000001455	91
7.900000000001455	91
7.900000000001455	91
7.900000000001455	91
7.900000000001455	91
7.900000000001455	91
7.900000000001455	91
7.900000000001455	91
7.900000000001455	91
7.900000000001455	19
7.900000000001455	19
7.900000000001455	19
7.900000000001455	8
8.0	91
8.0	86
8.0	86
8.0	86
8.0	76
8.0	87
8.0	87
8.0	76
8.0	39
8.0	39
8.0	39
8.10000000000582	66
8.10000000000582	66
8.10000000000582	66
8.10000000000582	66
8.10000000000582	66
8.10000000000582	66
8.10000000000582	1
8.10000000000582	1
8.10000000000582	66
8.10000000000582	1
8.10000000000582	39
8.200000000004366	77
8.200000000004366	77
8.200000000004366	46
8.200000000004366	46
8.200000000004366	46
8.200000000004366	46
8.200000000004366	46
8.200000000004366	46
8.200000000004366	46
8.200000000004366	46
8.200000000004366	46
8.200000000004366	80
8.200000000004366	80
8.200000000004366	80
8.200000000004366	80
8.200000000004366	80
8.200000000004366	80
8.200000000004366	80
8.200000000004366	80
8.200000000004366	80
8.200000000004366	80
8.200000000004366	80
8.80000000000291	5
8.80000000000291	5
8.80000000000291	5
8.80000000000291	5
8.80000000000291	5
8.80000000000291	5
8.80000000000291	87
8.80000000000291	87
8.80000000000291	87
8.80000000000291	87
8.80000000000291	80
8.80000000000291	80
9.0	38
9.0	38
9.10000000000582	5
9.10000000000582	76
9.10000000000582	76
9.10000000000582	76
9.10000000000582	66
9.200000000004366	66
9.200000000004366	3
9.200000000004366	3
9.200000000004366	3
9.200000000004366	3
8.400000000001455	10
8.400000000001455	10
8.400000000001455	10
8.400000000001455	10
8.400000000001455	91
8.400000000001455	91
8.400000000001455	91
8.400000000001455	91
8.400000000001455	91
8.400000000001455	91
8.400000000001455	10
8.400000000001455	76
8.400000000001455	91
8.400000000001455	3
8.400000000001455	87
8.5	56
8.5	56
8.5	56
8.5	56
8.5	56
8.5	5
8.5	3
8.5	19
8.5	19
8.5	19
8.5	19
8.5	19
8.5	19
8.5	10
8.5	5
8.5	76
8.5	91
8.60000000000582	10
8.60000000000582	87
8.60000000000582	87
8.60000000000582	57
8.60000000000582	57
8.60000000000582	57
8.60000000000582	57
8.60000000000582	57
8.60000000000582	57
8.700000000004366	66
8.700000000004366	66
8.700000000004366	46
8.700000000004366	46
8.700000000004366	46
8.700000000004366	46
8.700000000004366	66
8.700000000004366	85
8.700000000004366	85
8.700000000004366	85
8.700000000004366	85
8.700000000004366	85
8.700000000004366	85
8.700000000004366	85
8.700000000004366	66
8.80000000000291	76
8.80000000000291	76
8.80000000000291	19
8.80000000000291	19
8.80000000000291	19
8.80000000000291	56
8.80000000000291	56
8.80000000000291	56
8.80000000000291	10
8.80000000000291	80
8.80000000000291	80
8.80000000000291	80
8.80000000000291	80
8.80000000000291	80
8.80000000000291	80
8.80000000000291	80
8.80000000000291	57
8.80000000000291	5
8.80000000000291	5
8.80000000000291	86
8.80000000000291	86
8.80000000000291	86
8.80000000000291	86
8.80000000000291	86
8.80000000000291	86
8.80000000000291	10
8.900000000001455	5
8.900000000001455	85
8.900000000001455	80
8.900000000001455	57
8.900000000001455	87
8.900000000001455	87
8.900000000001455	87
9.0	91
9.0	91
9.0	91
9.0	11
9.0	11
9.0	11
9.0	11
9.0	11
9.0	11
9.0	11
9.0	11
9.0	11
9.0	3
9.0	3
9.0	3
9.0	3
9.0	10
9.0	80
9.0	87
9.0	96
9.0	96
9.0	38
9.0	38
9.0	38
9.0	38
9.0	38
9.0	38
9.0	38
9.0	38
9.0	91
9.10000000000582	91
9.10000000000582	86
9.10000000000582	86
9.200000000004366	87
9.200000000004366	8
9.200000000004366	8
9.200000000004366	8
9.200000000004366	8
9.200000000004366	8
9.200000000004366	8
9.200000000004366	8
9.200000000004366	8
9.200000000004366	38
9.200000000004366	38
9.200000000004366	96
9.80000000000291	40
9.80000000000291	40
9.80000000000291	40
9.80000000000291	40
9.80000000000291	39
9.80000000000291	39
9.900000000001455	39
9.900000000001455	39
10.0	39
10.0	39
10.200000000004366	39
10.200000000004366	39
10.200000000004366	39
9.400000000001455	3
9.400000000001455	3
9.400000000001455	86
9.400000000001455	63
9.400000000001455	63
9.400000000001455	63
9.400000000001455	63
9.400000000001455	63
9.400000000001455	63
9.400000000001455	63
9.400000000001455	63
9.400000000001455	63
9.400000000001455	63
9.400000000001455	63
9.400000000001455	63
9.400000000001455	63
9.400000000001455	63
9.400000000001455	63
9.400000000001455	63
9.400000000001455	63
9.400000000001455	63
9.400000000001455	63
9.400000000001455	63
9.400000000001455	63
9.400000000001455	63
9.400000000001455	63
9.400000000001455	63
9.400000000001455	63
9.400000000001455	63
9.400000000001455	63
9.400000000001455	63
9.400000000001455	63
9.400000000001455	63
9.400000000001455	63
9.400000000001455	46
9.400000000001455	46
9.400000000001455	46
9.400000000001455	46
9.400000000001455	85
9.400000000001455	85
9.400000000001455	85
9.400000000001455	39
9.400000000001455	27
9.400000000001455	27
9.400000000001455	27
9.400000000001455	27
9.400000000001455	27
9.400000000001455	27
9.400000000001455	27
9.5	27
9.5	27
9.5	27
9.5	27
9.5	66
9.5	66
9.5	66
9.5	91
9.5	91
9.5	91
9.5	87
9.5	87
9.5	57
9.5	57
9.5	87
9.5	40
9.5	40
9.5	40
9.5	80
9.5	80
9.5	80
9.5	80
9.5	80
9.5	56
9.5	56
9.5	56
9.5	5
9.5	5
9.5	5
9.5	5
9.5	5
9.5	38
9.5	38
9.5	38
9.5	11
9.5	11
9.5	11
9.5	11
9.5	3
9.5	3
9.5	3
9.5	27
9.5	27
9.5	27
9.5	27
9.5	27
9.5	27
9.5	27
9.5	27
9.5	27
9.5	27
9.5	27
9.5	27
9.60000000000582	76
9.60000000000582	76
9.60000000000582	76
9.60000000000582	76
9.60000000000582	76
9.60000000000582	76
9.60000000000582	76
9.60000000000582	76
9.60000000000582	40
9.60000000000582	63
9.60000000000582	39
9.60000000000582	76
9.60000000000582	80
9.60000000000582	66
9.60000000000582	66
9.60000000000582	66
9.60000000000582	96
9.60000000000582	96
9.60000000000582	96
9.60000000000582	96
9.60000000000582	8
9.60000000000582	8
9.60000000000582	8
9.60000000000582	8
9.60000000000582	8
9.60000000000582	8
9.60000000000582	91
9.60000000000582	66
9.60000000000582	11
9.700000000004366	27
9.700000000004366	76
9.700000000004366	91
9.700000000004366	87
9.700000000004366	87
9.700000000004366	38
9.700000000004366	38
9.700000000004366	8
9.700000000004366	5
9.700000000004366	5
9.700000000004366	56
9.700000000004366	56
9.700000000004366	56
9.700000000004366	87
9.80000000000291	19
9.80000000000291	19
9.80000000000291	19
9.80000000000291	19
9.80000000000291	19
9.80000000000291	19
9.80000000000291	19
9.80000000000291	19
9.80000000000291	19
9.80000000000291	63
9.80000000000291	63
9.80000000000291	19
9.80000000000291	5
9.80000000000291	66
9.80000000000291	39
9.80000000000291	76
9.80000000000291	10
9.80000000000291	10
9.80000000000291	10
9.80000000000291	10
9.80000000000291	10
9.80000000000291	10
9.80000000000291	10
9.80000000000291	38
9.80000000000291	85
9.80000000000291	85
9.80000000000291	85
9.80000000000291	85
9.80000000000291	8
9.80000000000291	77
9.80000000000291	77
9.80000000000291	77
9.80000000000291	77
9.80000000000291	77
9.80000000000291	77
9.80000000000291	77
9.80000000000291	77
9.80000000000291	77
9.80000000000291	77
9.80000000000291	77
9.80000000000291	77
9.80000000000291	77
9.80000000000291	96
9.80000000000291	96
9.80000000000291	56
9.80000000000291	87
9.80000000000291	39
9.900000000001455	77
9.900000000001455	10
9.900000000001455	19
9.900000000001455	96
9.900000000001455	76
9.900000000001455	87
9.900000000001455	76
9.900000000001455	3
9.900000000001455	3
9.900000000001455	3
9.900000000001455	3
9.900000000001455	91
9.900000000001455	91
9.900000000001455	66
9.900000000001455	85
9.900000000001455	38
9.900000000001455	19
9.900000000001455	56
9.900000000001455	40
9.900000000001455	40
9.900000000001455	40
9.900000000001455	40
9.900000000001455	8
9.900000000001455	5
9.900000000001455	5
10.0	38
10.0	66
10.0	10
10.0	40
10.0	3
10.0	87
10.0	85
10.0	56
10.0	86
10.0	86
10.0	86
10.0	76
10.0	63
10.0	63
10.0	63
10.0	57
10.0	57
10.0	57
10.10000000000582	57
10.10000000000582	57
10.10000000000582	57
10.10000000000582	91
10.10000000000582	91
10.10000000000582	76
10.10000000000582	46
10.10000000000582	46
10.10000000000582	46
10.10000000000582	46
10.10000000000582	46
10.10000000000582	46
10.10000000000582	46
10.10000000000582	19
10.10000000000582	77
10.10000000000582	77
10.10000000000582	27
10.10000000000582	27
10.10000000000582	27
10.10000000000582	27
10.10000000000582	96
10.10000000000582	96
10.10000000000582	11
10.10000000000582	11
10.10000000000582	11
10.10000000000582	57
10.10000000000582	3
10.10000000000582	85
10.200000000004366	76
10.200000000004366	80
10.200000000004366	80
10.200000000004366	80
10.200000000004366	80
10.200000000004366	80
10.200000000004366	80
10.200000000004366	38
10.200000000004366	10
10.200000000004366	27
10.200000000004366	91
10.200000000004366	5
10.200000000004366	5
10.200000000004366	66
10.200000000004366	66
10.200000000004366	10
10.60000000000582	27
10.700000000004366	8
10.700000000004366	8
10.700000000004366	85
10.900000000001455	76
11.10000000000582	85
11.200000000004366	91
11.200000000004366	91
10.400000000001455	56
10.400000000001455	39
10.400000000001455	39
10.400000000001455	39
10.400000000001455	39
10.400000000001455	38
10.400000000001455	38
10.400000000001455	11
10.400000000001455	10
10.400000000001455	8
10.400000000001455	38
10.400000000001455	77
10.400000000001455	57
10.400000000001455	57
10.400000000001455	96
10.400000000001455	96
10.5	85
10.5	77
10.5	38
10.5	10
10.60000000000582	5
10.60000000000582	5
10.60000000000582	5
11.200000000004366	4
11.200000000004366	4
11.200000000004366	4
11.200000000004366	4
11.200000000004366	4
11.200000000004366	4
11.200000000004366	4
11.200000000004366	96
11.200000000004366	96
11.200000000004366	96
11.200000000004366	96
11.200000000004366	96
11.200000000004366	77
11.200000000004366	77
11.200000000004366	77
11.200000000004366	77
11.200000000004366	77
12.0	4
11.5	3
11.5	3
11.5	3
11.5	3
11.5	3
11.5	3
11.5	3
11.60000000000582	3
11.60000000000582	3
11.60000000000582	96
11.700000000004366	5
11.700000000004366	5
11.700000000004366	5
11.700000000004366	5
11.700000000004366	5
11.700000000004366	5
11.700000000004366	10
11.700000000004366	10
11.700000000004366	10
11.700000000004366	10
11.700000000004366	10
12.0	91
12.0	91
12.0	91
12.0	91
12.0	91
12.0	91
12.0	91
12.0	91
12.10000000000582	93
12.10000000000582	93
12.200000000004366	93
12.200000000004366	93
11.400000000001455	3
11.400000000001455	10
11.400000000001455	10
11.400000000001455	5
11.400000000001455	85
11.400000000001455	85
11.400000000001455	85
11.400000000001455	85
11.400000000001455	85
11.400000000001455	85
11.400000000001455	85
11.400000000001455	85
11.400000000001455	10
11.400000000001455	66
11.400000000001455	66
11.400000000001455	66
11.400000000001455	66
11.400000000001455	66
11.5	66
11.5	66
11.5	66
11.5	66
11.5	66
11.5	56
11.5	56
11.5	56
11.5	56
11.5	56
11.5	56
11.5	91
11.5	91
11.5	10
11.60000000000582	91
11.60000000000582	10
11.60000000000582	77
11.60000000000582	77
11.700000000004366	46
11.700000000004366	46
11.700000000004366	46
11.700000000004366	46
11.700000000004366	46
11.700000000004366	46
11.700000000004366	46
11.700000000004366	46
11.700000000004366	46
11.700000000004366	46
11.700000000004366	85
11.700000000004366	85
11.700000000004366	66
11.700000000004366	56
11.80000000000291	80
11.80000000000291	80
11.80000000000291	80
11.80000000000291	80
11.80000000000291	80
11.80000000000291	80
11.80000000000291	80
11.80000000000291	80
11.80000000000291	80
11.80000000000291	80
11.80000000000291	80
11.80000000000291	80
11.80000000000291	80
11.80000000000291	80
11.80000000000291	80
11.80000000000291	80
11.80000000000291	80
11.80000000000291	56
11.80000000000291	19
11.80000000000291	19
11.80000000000291	19
11.80000000000291	19
11.80000000000291	19
11.80000000000291	19
11.80000000000291	19
11.80000000000291	19
11.80000000000291	19
11.80000000000291	19
11.80000000000291	19
11.80000000000291	19
11.80000000000291	3
11.80000000000291	3
11.900000000001455	19
11.900000000001455	11
11.900000000001455	11
11.900000000001455	11
11.900000000001455	11
11.900000000001455	11
11.900000000001455	11
11.900000000001455	11
11.900000000001455	11
11.900000000001455	56
11.900000000001455	93
12.0	93
12.0	93
12.0	11
12.0	3
12.0	10
12.0	10
12.10000000000582	40
12.10000000000582	40
12.10000000000582	40
12.10000000000582	40
12.10000000000582	40
12.10000000000582	40
12.10000000000582	40
12.10000000000582	40
12.10000000000582	40
12.10000000000582	40
12.10000000000582	40
12.10000000000582	40
12.10000000000582	40
12.10000000000582	40
12.10000000000582	40
12.10000000000582	40
12.10000000000582	40
12.10000000000582	40
12.10000000000582	40
12.10000000000582	40
12.10000000000582	40
12.10000000000582	38
12.10000000000582	38
12.10000000000582	38
12.10000000000582	38
12.10000000000582	38
12.10000000000582	38
12.10000000000582	38
12.10000000000582	38
12.200000000004366	63
12.200000000004366	63
12.200000000004366	63
12.200000000004366	63
12.200000000004366	63
12.200000000004366	63
12.200000000004366	63
12.200000000004366	63
12.200000000004366	63
12.200000000004366	63
12.200000000004366	63
12.200000000004366	63
12.200000000004366	63
12.200000000004366	63
12.200000000004366	63
12.200000000004366	63
12.200000000004366	63
12.200000000004366	63
12.200000000004366	63
12.200000000004366	27
12.200000000004366	27
12.200000000004366	27
12.200000000004366	27
12.200000000004366	27
12.200000000004366	27
12.200000000004366	27
12.400000000001455	27
12.5	27
12.5	27
12.900000000001455	27
13.0	27
13.10000000000582	27
13.10000000000582	27
13.10000000000582	27
12.400000000001455	38
12.400000000001455	38
12.400000000001455	38
12.400000000001455	38
12.400000000001455	38
12.400000000001455	38
12.400000000001455	38
12.400000000001455	38
12.400000000001455	57
12.400000000001455	57
12.400000000001455	57
12.400000000001455	57
12.400000000001455	57
12.400000000001455	57
12.400000000001455	57
12.400000000001455	57
12.400000000001455	57
12.400000000001455	57
12.5	57
12.900000000001455	56
12.900000000001455	56
12.900000000001455	11
13.0	10
13.0	10
13.0	4
13.0	4
13.0	4
13.0	46
13.0	46
13.10000000000582	46
13.10000000000582	46
13.10000000000582	10
13.10000000000582	4
13.10000000000582	4
13.10000000000582	4
12.400000000001455	46
12.400000000001455	27
12.400000000001455	57
12.400000000001455	11
12.400000000001455	4
12.400000000001455	56
12.80000000000291	57
12.80000000000291	57
12.80000000000291	27
12.80000000000291	27
12.80000000000291	27
12.80000000000291	27
12.80000000000291	56
12.80000000000291	56
12.80000000000291	46
12.80000000000291	46
12.80000000000291	10
12.80000000000291	10
12.80000000000291	10
12.900000000001455	8
12.900000000001455	8
12.900000000001455	8
12.900000000001455	8
12.900000000001455	8
12.900000000001455	8
12.900000000001455	8
12.900000000001455	8
12.900000000001455	8
12.900000000001455	8
12.900000000001455	8
12.900000000001455	8
12.900000000001455	8
12.900000000001455	8
12.900000000001455	8
12.900000000001455	8
12.900000000001455	8
13.60000000000582	77
13.60000000000582	77
13.60000000000582	77
13.60000000000582	77
13.60000000000582	77
13.60000000000582	77
13.60000000000582	77
13.60000000000582	77
13.60000000000582	77
13.60000000000582	77
13.60000000000582	77
13.60000000000582	77
13.700000000004366	77
13.700000000004366	80
13.700000000004366	80
13.700000000004366	80
13.700000000004366	80
13.700000000004366	80
13.700000000004366	80
13.700000000004366	80
13.700000000004366	80
13.700000000004366	80
13.700000000004366	80
13.700000000004366	80
13.700000000004366	80
13.700000000004366	80
13.700000000004366	80
13.700000000004366	80
13.700000000004366	80
13.700000000004366	80
13.700000000004366	80
13.700000000004366	80
13.700000000004366	80
13.700000000004366	27
13.700000000004366	27
13.700000000004366	27
13.700000000004366	27
13.700000000004366	27
13.700000000004366	27
13.700000000004366	27
13.700000000004366	8
13.700000000004366	8
13.700000000004366	8
13.700000000004366	8
13.700000000004366	8
13.700000000004366	8
13.700000000004366	39
13.700000000004366	39
13.700000000004366	39
13.700000000004366	39
13.700000000004366	39
13.700000000004366	39
13.700000000004366	39
13.700000000004366	39
13.700000000004366	39
13.700000000004366	39
13.700000000004366	39
13.700000000004366	39
13.700000000004366	39
13.700000000004366	39
13.700000000004366	39
13.700000000004366	39
13.700000000004366	39
13.700000000004366	39
13.700000000004366	39
13.700000000004366	39
13.700000000004366	56
13.700000000004366	56
13.700000000004366	56
13.700000000004366	56
13.700000000004366	56
13.700000000004366	57
13.700000000004366	57
13.700000000004366	57
13.700000000004366	57
13.700000000004366	57
13.700000000004366	57
13.700000000004366	57
13.700000000004366	57
13.80000000000291	3
13.80000000000291	3
13.80000000000291	3
13.80000000000291	3
13.80000000000291	3
13.80000000000291	3
13.80000000000291	3
13.80000000000291	3
13.80000000000291	3
13.80000000000291	3
13.80000000000291	3
13.80000000000291	3
13.80000000000291	3
13.80000000000291	3
13.80000000000291	3
13.80000000000291	3
13.80000000000291	23
13.80000000000291	23
13.80000000000291	23
13.900000000001455	23
13.900000000001455	23
13.900000000001455	23
13.900000000001455	23
13.900000000001455	23
13.900000000001455	23
13.900000000001455	23
13.900000000001455	23
13.900000000001455	23
13.900000000001455	23
13.900000000001455	23
13.900000000001455	23
13.900000000001455	23
13.900000000001455	23
13.900000000001455	23
13.900000000001455	23
13.900000000001455	23
13.900000000001455	80
13.900000000001455	80
13.900000000001455	21
13.900000000001455	21
13.900000000001455	1
13.900000000001455	1
13.900000000001455	1
13.900000000001455	1
13.900000000001455	1
13.900000000001455	1
13.900000000001455	1
13.900000000001455	1
13.900000000001455	1
13.900000000001455	1
13.900000000001455	1
13.900000000001455	1
13.900000000001455	1
13.900000000001455	1
13.900000000001455	1
13.900000000001455	1
13.900000000001455	1
13.900000000001455	1
13.900000000001455	1
13.900000000001455	1
13.900000000001455	1
13.900000000001455	1
13.900000000001455	1
13.900000000001455	1
13.900000000001455	1
13.900000000001455	1
13.900000000001455	1
13.900000000001455	1
13.900000000001455	1
13.900000000001455	1
13.900000000001455	1
13.900000000001455	1
13.900000000001455	1
13.900000000001455	1
13.900000000001455	1
13.900000000001455	1
13.900000000001455	86
13.900000000001455	86
13.900000000001455	86
13.900000000001455	86
13.900000000001455	86
13.900000000001455	86
13.900000000001455	86
13.900000000001455	86
13.900000000001455	86
13.900000000001455	86
13.900000000001455	86
14.0	86
14.0	86
14.0	86
14.0	86
14.0	86
14.0	86
14.0	86
14.0	86
14.0	86
14.0	86
14.0	86
14.0	86
14.0	86
14.0	86
14.0	96
14.0	96
14.0	96
14.0	96
14.0	96
14.0	96
14.0	96
14.0	96
14.0	80
14.0	96
14.0	96
14.0	56
14.0	56
14.0	57
14.0	96
14.0	96
14.0	96
14.0	96
14.0	96
14.0	96
14.0	96
14.0	96
14.0	86
14.0	68
14.0	68
14.0	68
14.0	68
14.0	68
14.0	68
14.0	68
14.0	68
14.0	68
14.0	68
14.0	68
14.0	68
14.0	68
14.0	68
14.0	68
14.0	5
14.0	5
14.0	5
14.0	5
14.0	5
14.0	5
14.0	5
14.0	5
14.0	5
14.0	5
14.0	5
14.0	5
14.0	5
14.0	5
14.0	5
14.0	5
14.0	5
14.0	5
14.0	5
14.0	27
14.0	27
14.10000000000582	12
14.10000000000582	12
14.10000000000582	12
14.10000000000582	12
14.10000000000582	12
14.10000000000582	80
14.10000000000582	27
14.10000000000582	46
14.10000000000582	46
14.10000000000582	46
14.10000000000582	46
14.10000000000582	46
14.10000000000582	46
14.10000000000582	46
14.10000000000582	46
14.10000000000582	23
14.10000000000582	77
14.10000000000582	77
14.200000000004366	20
14.200000000004366	20
14.200000000004366	20
14.200000000004366	3
14.200000000004366	3
14.200000000004366	57
14.200000000004366	12
14.200000000004366	76
14.200000000004366	76
14.200000000004366	76
14.200000000004366	76
14.200000000004366	76
14.200000000004366	76
14.200000000004366	76
14.200000000004366	76
14.200000000004366	76
14.200000000004366	76
14.200000000004366	76
14.200000000004366	76
14.200000000004366	76
14.200000000004366	76
14.200000000004366	76
14.200000000004366	76
14.200000000004366	76
14.200000000004366	76
14.200000000004366	76
14.200000000004366	76
14.200000000004366	76
14.200000000004366	76
14.200000000004366	76
14.200000000004366	76
14.200000000004366	76
14.200000000004366	76
14.200000000004366	76
14.200000000004366	76
14.200000000004366	76
14.200000000004366	76
14.200000000004366	76
14.200000000004366	76
14.200000000004366	76
14.200000000004366	80
14.200000000004366	10
14.200000000004366	10
14.200000000004366	10
14.200000000004366	10
14.200000000004366	10
14.200000000004366	10
14.200000000004366	10
14.200000000004366	10
14.200000000004366	10
14.5	3
14.80000000000291	56
14.900000000001455	1
14.900000000001455	1
14.900000000001455	1
15.0	19
15.0	19
15.0	19
15.10000000000582	19
15.10000000000582	19
15.10000000000582	19
15.200000000004366	19
14.400000000001455	19
14.400000000001455	19
14.400000000001455	19
14.400000000001455	19
14.400000000001455	19
14.400000000001455	19
14.400000000001455	19
14.400000000001455	19
14.400000000001455	19
14.400000000001455	19
14.400000000001455	19
14.400000000001455	19
15.0	46
15.10000000000582	68
15.10000000000582	68
15.10000000000582	68
15.10000000000582	68
15.10000000000582	68
15.10000000000582	68
15.10000000000582	68
15.10000000000582	68
15.10000000000582	19
14.400000000001455	85
14.400000000001455	85
14.400000000001455	85
14.400000000001455	85
14.400000000001455	85
14.400000000001455	85
14.400000000001455	85
14.400000000001455	85
14.400000000001455	85
14.400000000001455	85
14.400000000001455	85
14.400000000001455	85
14.400000000001455	85
14.400000000001455	85
14.400000000001455	85
14.400000000001455	85
14.400000000001455	85
14.400000000001455	85
14.400000000001455	85
14.400000000001455	85
14.400000000001455	85
14.400000000001455	85
14.400000000001455	85
14.400000000001455	85
14.400000000001455	85
14.400000000001455	19
14.400000000001455	86
14.400000000001455	86
14.400000000001455	4
14.400000000001455	4
14.400000000001455	4
14.400000000001455	4
14.400000000001455	4
14.400000000001455	4
14.400000000001455	4
14.400000000001455	4
14.5	4
14.5	4
14.5	4
14.5	4
14.5	77
14.5	77
14.5	56
14.5	46
14.5	68
14.5	4
14.5	4
14.5	4
14.5	4
14.5	80
14.5	10
14.5	10
14.5	80
14.5	56
14.5	68
14.5	85
14.80000000000291	85
14.80000000000291	85
14.80000000000291	68
14.80000000000291	8
14.80000000000291	8
14.80000000000291	8
14.80000000000291	8
14.80000000000291	8
14.80000000000291	8
14.80000000000291	8
14.80000000000291	8
14.80000000000291	21
14.80000000000291	56
14.80000000000291	66
14.80000000000291	66
14.80000000000291	66
14.80000000000291	66
14.80000000000291	66
14.900000000001455	66
14.900000000001455	66
14.900000000001455	66
14.900000000001455	66
14.900000000001455	66
14.900000000001455	66
14.900000000001455	66
14.900000000001455	66
14.900000000001455	66
14.900000000001455	4
14.900000000001455	4
14.900000000001455	4
14.900000000001455	35
14.900000000001455	35
14.900000000001455	35
14.900000000001455	85
14.900000000001455	39
14.900000000001455	39
14.900000000001455	39
14.900000000001455	39
14.900000000001455	39
14.900000000001455	39
14.900000000001455	39
14.900000000001455	39
15.200000000004366	39
15.200000000004366	39
15.200000000004366	77
15.200000000004366	77
15.200000000004366	77
15.200000000004366	93
15.200000000004366	93
15.200000000004366	93
15.200000000004366	93
15.200000000004366	93
15.200000000004366	93
15.200000000004366	93
15.200000000004366	93
15.200000000004366	93
15.200000000004366	93
15.200000000004366	93
15.200000000004366	93
15.200000000004366	93
15.200000000004366	93
15.200000000004366	68
15.200000000004366	68
15.200000000004366	68
15.200000000004366	46
15.700000000004366	46
15.5	46
15.5	46
15.60000000000582	46
15.80000000000291	56
15.900000000001455	56
15.900000000001455	56
15.400000000001455	3
15.400000000001455	3
15.400000000001455	3
15.400000000001455	3
15.400000000001455	3
15.400000000001455	3
15.400000000001455	3
15.400000000001455	3
15.400000000001455	77
15.400000000001455	85
15.400000000001455	85
15.400000000001455	85
15.400000000001455	85
15.400000000001455	85
15.400000000001455	77
15.5	11
15.5	11
15.5	11
15.5	11
15.5	11
15.5	11
15.5	39
15.5	39
15.5	11
15.5	11
15.5	11
15.5	11
15.5	11
15.5	11
15.5	11
15.5	11
15.5	11
15.5	11
15.5	11
15.5	11
15.5	11
15.5	11
15.5	11
15.5	11
15.5	11
15.5	11
15.5	86
15.5	86
15.5	86
15.5	86
15.5	86
15.5	86
15.5	11
15.60000000000582	66
15.60000000000582	66
15.60000000000582	66
15.60000000000582	66
15.60000000000582	66
15.60000000000582	66
15.60000000000582	66
15.60000000000582	66
15.60000000000582	66
15.60000000000582	66
15.60000000000582	66
15.60000000000582	66
15.60000000000582	66
15.60000000000582	35
15.60000000000582	35
15.60000000000582	35
15.60000000000582	35
15.60000000000582	23
15.60000000000582	23
15.60000000000582	23
15.60000000000582	23
15.60000000000582	23
15.60000000000582	23
15.60000000000582	23
15.60000000000582	23
15.60000000000582	23
15.60000000000582	23
15.60000000000582	39
15.700000000004366	80
15.700000000004366	80
15.700000000004366	80
15.700000000004366	80
15.700000000004366	80
15.700000000004366	80
15.700000000004366	80
15.700000000004366	80
15.700000000004366	80
15.700000000004366	80
15.700000000004366	80
15.700000000004366	35
15.700000000004366	56
15.700000000004366	56
15.700000000004366	77
15.700000000004366	1
15.700000000004366	1
15.700000000004366	1
15.700000000004366	1
15.700000000004366	1
15.700000000004366	1
15.700000000004366	1
15.700000000004366	1
15.700000000004366	1
15.80000000000291	10
15.80000000000291	10
15.80000000000291	10
15.80000000000291	10
15.80000000000291	10
15.80000000000291	10
15.80000000000291	10
15.80000000000291	10
15.80000000000291	85
15.80000000000291	85
15.80000000000291	85
15.80000000000291	85
15.80000000000291	19
15.80000000000291	19
15.80000000000291	19
15.80000000000291	11
15.80000000000291	11
15.900000000001455	56
15.900000000001455	85
15.900000000001455	39
16.0	77
16.0	77
16.0	39
16.0	10
16.10000000000582	10
16.10000000000582	93
16.10000000000582	93
16.10000000000582	93
16.10000000000582	93
16.200000000004366	12
16.200000000004366	12
16.200000000004366	12
16.700000000004366	87
16.80000000000291	87
16.80000000000291	87
16.80000000000291	87
16.80000000000291	87
16.80000000000291	87
16.80000000000291	56
16.80000000000291	56
16.900000000001455	12
16.900000000001455	12
16.900000000001455	12
16.900000000001455	12
16.900000000001455	12
17.0	12
17.0	12
17.0	12
17.0	20
17.0	20
16.400000000001455	20
16.400000000001455	20
16.400000000001455	20
16.400000000001455	20
16.400000000001455	20
16.400000000001455	20
16.400000000001455	20
16.400000000001455	20
16.400000000001455	20
16.400000000001455	20
16.400000000001455	20
16.400000000001455	20
16.400000000001455	20
16.400000000001455	20
16.400000000001455	20
16.400000000001455	93
16.400000000001455	93
16.400000000001455	12
16.400000000001455	12
16.400000000001455	12
16.400000000001455	12
16.400000000001455	56
16.5	96
16.5	96
16.5	96
16.5	96
16.5	96
16.5	96
16.5	96
16.5	96
16.5	96
16.5	96
16.5	96
16.5	96
16.5	96
16.5	96
16.5	96
16.5	96
16.5	96
16.5	37
16.5	37
16.5	37
16.5	37
16.5	37
16.5	37
16.5	37
16.5	37
16.5	37
16.5	3
16.5	3
16.5	3
16.5	3
16.5	3
16.5	3
16.5	3
16.5	37
16.5	37
16.5	37
16.5	37
16.5	37
16.5	37
16.5	37
16.5	37
16.5	37
16.60000000000582	20
16.60000000000582	87
16.60000000000582	87
16.60000000000582	87
16.60000000000582	87
16.60000000000582	87
16.60000000000582	87
16.60000000000582	3
16.60000000000582	87
16.60000000000582	87
16.60000000000582	87
16.60000000000582	87
16.60000000000582	87
16.60000000000582	87
16.60000000000582	87
16.60000000000582	87
16.60000000000582	87
16.60000000000582	87
16.60000000000582	87
16.700000000004366	87
16.700000000004366	87
16.700000000004366	87
16.700000000004366	87
16.700000000004366	87
16.700000000004366	87
16.700000000004366	87
16.700000000004366	87
16.700000000004366	87
16.700000000004366	87
16.700000000004366	87
16.700000000004366	87
16.700000000004366	87
16.700000000004366	87
16.700000000004366	87
16.700000000004366	87
16.700000000004366	87
16.700000000004366	87
16.700000000004366	87
16.700000000004366	87
16.700000000004366	87
16.700000000004366	87
16.700000000004366	87
16.700000000004366	87
16.700000000004366	87
16.700000000004366	87
16.700000000004366	87
16.700000000004366	87
16.700000000004366	87
16.700000000004366	87
16.700000000004366	87
16.700000000004366	87
16.700000000004366	87
16.700000000004366	87
16.700000000004366	3
16.700000000004366	77
16.700000000004366	77
16.700000000004366	77
16.700000000004366	77
16.80000000000291	28
16.80000000000291	28
16.80000000000291	28
16.80000000000291	28
16.80000000000291	28
16.80000000000291	28
16.80000000000291	28
16.80000000000291	28
16.80000000000291	28
16.80000000000291	28
16.80000000000291	28
16.80000000000291	86
16.80000000000291	86
16.80000000000291	86
16.80000000000291	86
16.80000000000291	86
16.80000000000291	86
16.80000000000291	37
16.80000000000291	3
16.80000000000291	83
16.80000000000291	83
16.80000000000291	83
16.900000000001455	38
16.900000000001455	38
16.900000000001455	38
16.900000000001455	38
16.900000000001455	38
16.900000000001455	38
16.900000000001455	38
16.900000000001455	38
16.900000000001455	38
16.900000000001455	38
16.900000000001455	38
16.900000000001455	38
16.900000000001455	38
16.900000000001455	38
16.900000000001455	38
16.900000000001455	38
16.900000000001455	38
16.900000000001455	38
16.900000000001455	38
16.900000000001455	38
16.900000000001455	38
16.900000000001455	38
16.900000000001455	38
16.900000000001455	38
16.900000000001455	38
16.900000000001455	38
16.900000000001455	38
16.900000000001455	38
16.900000000001455	38
16.900000000001455	77
17.0	47
17.0	47
17.0	47
17.0	47
17.0	47
17.0	47
17.0	47
17.0	47
17.0	47
17.0	47
17.0	47
17.0	47
17.0	47
17.0	47
17.0	47
17.0	47
17.0	47
17.0	47
17.0	47
17.0	47
17.0	47
17.0	47
17.0	47
17.0	47
17.0	47
17.0	37
17.0	47
17.10000000000582	91
17.10000000000582	91
17.10000000000582	91
17.10000000000582	91
17.10000000000582	91
17.10000000000582	91
17.10000000000582	91
17.10000000000582	91
17.10000000000582	91
17.10000000000582	91
17.10000000000582	91
17.10000000000582	91
17.10000000000582	91
17.10000000000582	91
17.10000000000582	91
17.10000000000582	91
17.10000000000582	91
17.10000000000582	91
17.10000000000582	91
17.10000000000582	91
17.10000000000582	91
17.10000000000582	91
17.10000000000582	91
17.10000000000582	91
17.10000000000582	91
17.10000000000582	91
17.10000000000582	91
17.10000000000582	91
17.10000000000582	91
17.10000000000582	91
17.10000000000582	91
17.10000000000582	91
17.10000000000582	91
17.10000000000582	91
17.10000000000582	91
17.10000000000582	91
17.10000000000582	91
17.10000000000582	91
17.10000000000582	91
17.10000000000582	3
17.10000000000582	83
17.10000000000582	83
17.10000000000582	93
17.10000000000582	93
17.10000000000582	93
17.10000000000582	91
17.10000000000582	91
17.10000000000582	91
17.10000000000582	91
17.10000000000582	91
17.10000000000582	10
17.10000000000582	10
17.10000000000582	10
17.10000000000582	10
17.10000000000582	10
17.10000000000582	10
17.10000000000582	91
17.10000000000582	91
17.200000000004366	68
17.200000000004366	68
17.200000000004366	68
17.200000000004366	68
17.200000000004366	68
17.200000000004366	68
17.200000000004366	68
17.200000000004366	68
17.200000000004366	68
17.200000000004366	68
17.400000000001455	21
17.400000000001455	21
17.400000000001455	21
17.60000000000582	23
17.60000000000582	23
17.60000000000582	23
17.60000000000582	23
17.60000000000582	23
17.60000000000582	23
17.60000000000582	23
17.60000000000582	23
17.60000000000582	23
17.60000000000582	23
17.60000000000582	23
17.60000000000582	23
17.60000000000582	23
18.200000000004366	56
18.200000000004366	56
17.400000000001455	56
17.400000000001455	56
17.400000000001455	56
17.400000000001455	46
17.400000000001455	46
17.400000000001455	46
17.400000000001455	46
17.400000000001455	46
17.400000000001455	46
17.400000000001455	46
17.400000000001455	46
17.400000000001455	46
17.400000000001455	46
17.400000000001455	46
17.400000000001455	46
17.400000000001455	46
17.5	14
17.5	14
17.5	14
17.5	14
17.5	85
17.5	85
17.5	85
17.5	85
17.5	85
17.5	85
17.5	85
17.5	85
17.5	85
17.5	85
17.5	85
17.5	85
17.5	85
17.5	85
17.5	85
17.5	1
17.5	1
17.5	1
17.5	1
17.5	1
17.5	1
17.5	1
17.5	1
17.5	1
17.5	1
17.5	68
17.60000000000582	68
17.60000000000582	83
17.60000000000582	83
17.60000000000582	83
17.700000000004366	47
17.700000000004366	47
17.700000000004366	11
17.700000000004366	11
17.700000000004366	11
17.700000000004366	11
17.700000000004366	77
17.700000000004366	77
17.700000000004366	77
17.700000000004366	77
17.700000000004366	1
17.700000000004366	66
17.700000000004366	66
17.700000000004366	66
17.700000000004366	66
17.700000000004366	66
17.700000000004366	66
17.700000000004366	66
17.700000000004366	66
17.700000000004366	66
17.700000000004366	66
17.700000000004366	66
17.700000000004366	66
17.700000000004366	66
17.700000000004366	66
17.700000000004366	10
17.700000000004366	10
17.700000000004366	10
17.700000000004366	10
17.700000000004366	10
17.700000000004366	56
17.700000000004366	21
17.700000000004366	21
17.700000000004366	14
17.700000000004366	14
17.700000000004366	21
17.700000000004366	5
17.700000000004366	5
17.700000000004366	5
17.700000000004366	5
17.700000000004366	5
17.700000000004366	5
17.700000000004366	5
17.700000000004366	5
17.700000000004366	5
17.700000000004366	5
17.700000000004366	5
17.700000000004366	5
17.700000000004366	5
17.700000000004366	5
17.700000000004366	5
17.700000000004366	5
17.700000000004366	5
17.700000000004366	5
17.700000000004366	5
17.700000000004366	5
17.700000000004366	5
17.700000000004366	5
17.80000000000291	5
17.80000000000291	5
17.80000000000291	5
17.80000000000291	5
17.80000000000291	56
17.80000000000291	77
17.80000000000291	11
17.80000000000291	11
17.80000000000291	11
17.80000000000291	11
17.80000000000291	11
17.80000000000291	11
17.80000000000291	11
17.80000000000291	11
17.80000000000291	11
17.80000000000291	3
17.80000000000291	3
17.80000000000291	3
17.80000000000291	3
17.80000000000291	3
17.900000000001455	19
17.900000000001455	19
17.900000000001455	19
17.900000000001455	19
17.900000000001455	19
17.900000000001455	19
17.900000000001455	19
17.900000000001455	19
17.900000000001455	19
17.900000000001455	19
17.900000000001455	19
17.900000000001455	19
17.900000000001455	19
17.900000000001455	19
17.900000000001455	19
17.900000000001455	19
17.900000000001455	19
17.900000000001455	19
17.900000000001455	35
17.900000000001455	35
17.900000000001455	35
17.900000000001455	35
17.900000000001455	35
17.900000000001455	5
18.0	35
18.0	35
18.0	35
18.0	35
18.0	35
18.0	35
18.0	3
18.0	46
18.0	46
18.0	46
18.0	66
18.0	66
18.0	28
18.0	28
18.0	28
18.0	28
18.0	28
18.0	28
18.0	28
18.0	28
18.0	28
18.0	28
18.0	28
18.0	56
18.0	35
18.10000000000582	35
18.10000000000582	35
18.10000000000582	68
18.10000000000582	68
18.10000000000582	20
18.10000000000582	20
18.10000000000582	20
18.10000000000582	20
18.10000000000582	20
18.10000000000582	20
18.10000000000582	20
18.10000000000582	20
18.10000000000582	20
18.10000000000582	20
18.10000000000582	80
18.10000000000582	80
18.10000000000582	80
18.10000000000582	80
18.200000000004366	80
18.200000000004366	80
18.200000000004366	11
18.200000000004366	11
18.200000000004366	80
18.200000000004366	80
18.200000000004366	80
18.200000000004366	80
18.200000000004366	80
18.200000000004366	80
18.200000000004366	80
18.200000000004366	80
18.200000000004366	80
18.200000000004366	37
18.200000000004366	37
18.200000000004366	14
18.200000000004366	14
18.200000000004366	14
18.200000000004366	12
18.200000000004366	12
18.200000000004366	12
18.200000000004366	12
18.200000000004366	12
18.200000000004366	12
18.200000000004366	12
18.200000000004366	12
18.200000000004366	12
18.200000000004366	12
18.200000000004366	12
18.200000000004366	1
18.200000000004366	1
18.200000000004366	1
18.200000000004366	3
18.200000000004366	77
18.200000000004366	77
18.200000000004366	77
18.200000000004366	38
18.200000000004366	38
18.200000000004366	38
18.200000000004366	38
18.200000000004366	38
18.200000000004366	38
18.200000000004366	38
18.200000000004366	38
18.200000000004366	38
18.200000000004366	38
18.200000000004366	38
18.60000000000582	38
18.5	35
18.5	68
18.5	91
18.5	91
18.60000000000582	91
18.60000000000582	91
18.60000000000582	91
18.60000000000582	91
18.60000000000582	91
18.60000000000582	91
18.900000000001455	21
18.900000000001455	21
18.900000000001455	21
19.0	56
19.10000000000582	1
19.200000000004366	20
19.200000000004366	37
19.200000000004366	37
18.400000000001455	37
18.400000000001455	37
18.400000000001455	35
18.400000000001455	21
18.400000000001455	63
18.400000000001455	63
18.400000000001455	63
18.400000000001455	63
18.400000000001455	63
18.400000000001455	63
18.400000000001455	63
18.400000000001455	63
18.400000000001455	63
18.400000000001455	63
18.400000000001455	63
18.400000000001455	63
18.400000000001455	63
18.400000000001455	63
18.400000000001455	63
18.400000000001455	63
18.400000000001455	63
18.400000000001455	63
18.400000000001455	63
18.400000000001455	63
18.400000000001455	63
18.400000000001455	63
18.400000000001455	63
18.400000000001455	63
18.400000000001455	63
18.400000000001455	63
18.400000000001455	63
18.400000000001455	63
18.400000000001455	63
18.400000000001455	63
18.400000000001455	63
18.400000000001455	63
18.400000000001455	63
18.400000000001455	63
18.400000000001455	63
18.400000000001455	63
18.400000000001455	63
18.400000000001455	63
18.400000000001455	63
18.400000000001455	63
18.400000000001455	63
18.400000000001455	63
18.400000000001455	63
18.400000000001455	63
18.400000000001455	63
18.400000000001455	63
18.400000000001455	63
18.400000000001455	63
18.400000000001455	63
18.400000000001455	63
18.400000000001455	63
18.400000000001455	63
18.400000000001455	63
18.400000000001455	63
18.400000000001455	63
18.400000000001455	63
18.400000000001455	63
18.400000000001455	63
18.400000000001455	63
18.5	91
18.5	91
18.5	91
18.5	91
18.5	1
18.5	86
18.5	86
18.5	86
18.5	86
18.5	86
18.5	86
18.5	86
18.60000000000582	83
18.60000000000582	83
18.60000000000582	83
18.60000000000582	83
18.60000000000582	83
18.60000000000582	83
18.60000000000582	83
18.60000000000582	5
18.60000000000582	5
18.60000000000582	5
18.60000000000582	76
18.60000000000582	76
18.60000000000582	76
18.60000000000582	76
18.60000000000582	76
18.60000000000582	76
18.60000000000582	76
18.60000000000582	76
18.60000000000582	76
18.60000000000582	76
18.60000000000582	76
18.60000000000582	76
18.60000000000582	76
18.60000000000582	76
18.60000000000582	76
18.60000000000582	76
18.60000000000582	76
18.60000000000582	76
18.60000000000582	76
18.60000000000582	76
18.60000000000582	76
18.60000000000582	76
18.60000000000582	76
18.60000000000582	76
18.60000000000582	76
18.60000000000582	76
18.60000000000582	76
18.60000000000582	76
18.60000000000582	76
18.60000000000582	76
18.60000000000582	76
18.60000000000582	76
18.60000000000582	76
18.60000000000582	76
18.60000000000582	76
18.60000000000582	76
18.60000000000582	76
18.60000000000582	76
18.60000000000582	76
18.60000000000582	76
18.60000000000582	76
18.60000000000582	76
18.60000000000582	93
18.60000000000582	93
18.60000000000582	93
18.60000000000582	93
18.60000000000582	93
18.60000000000582	93
18.60000000000582	93
18.60000000000582	38
18.60000000000582	38
18.60000000000582	56
18.60000000000582	21
18.700000000004366	68
18.700000000004366	35
18.700000000004366	35
18.700000000004366	23
18.700000000004366	23
18.700000000004366	23
18.700000000004366	23
18.700000000004366	23
18.700000000004366	23
18.700000000004366	23
18.700000000004366	23
18.700000000004366	23
18.700000000004366	23
18.80000000000291	19
18.80000000000291	19
18.80000000000291	19
18.80000000000291	19
18.80000000000291	19
18.80000000000291	19
18.80000000000291	66
18.80000000000291	66
18.80000000000291	66
18.80000000000291	66
18.80000000000291	66
18.80000000000291	1
18.80000000000291	1
18.80000000000291	56
18.80000000000291	96
18.80000000000291	96
18.900000000001455	96
18.900000000001455	96
18.900000000001455	96
18.900000000001455	96
18.900000000001455	63
18.900000000001455	63
18.900000000001455	63
18.900000000001455	63
18.900000000001455	63
18.900000000001455	77
18.900000000001455	77
18.900000000001455	77
18.900000000001455	77
18.900000000001455	28
18.900000000001455	28
18.900000000001455	28
18.900000000001455	28
18.900000000001455	28
18.900000000001455	28
18.900000000001455	28
18.900000000001455	28
18.900000000001455	28
19.0	66
19.0	20
19.0	20
19.0	20
19.0	20
19.0	56
19.0	75
19.0	75
19.0	96
19.0	96
19.0	96
19.0	96
19.0	96
19.0	96
19.0	96
19.0	96
19.0	96
19.0	96
19.10000000000582	21
19.10000000000582	21
19.10000000000582	21
19.10000000000582	21
19.10000000000582	10
19.10000000000582	10
19.10000000000582	10
19.10000000000582	10
19.10000000000582	10
19.10000000000582	10
19.10000000000582	10
19.10000000000582	10
19.10000000000582	10
19.10000000000582	10
19.10000000000582	10
19.10000000000582	19
19.10000000000582	19
19.10000000000582	14
19.10000000000582	14
19.10000000000582	14
19.10000000000582	14
19.10000000000582	14
19.10000000000582	75
19.10000000000582	75
19.10000000000582	75
19.10000000000582	75
19.10000000000582	75
19.10000000000582	75
19.10000000000582	75
19.10000000000582	75
19.10000000000582	75
19.10000000000582	75
19.10000000000582	75
19.10000000000582	75
19.10000000000582	75
19.10000000000582	75
19.10000000000582	75
19.10000000000582	75
19.10000000000582	75
19.10000000000582	63
19.200000000004366	63
19.200000000004366	63
19.200000000004366	75
19.200000000004366	75
19.200000000004366	75
19.200000000004366	75
19.200000000004366	75
19.200000000004366	75
19.200000000004366	75
19.200000000004366	14
19.200000000004366	77
19.200000000004366	37
19.200000000004366	37
19.200000000004366	37
19.200000000004366	91
19.200000000004366	91
19.200000000004366	91
19.200000000004366	91
19.200000000004366	91
20.0	5
19.400000000001455	5
19.400000000001455	5
19.400000000001455	38
19.400000000001455	38
19.400000000001455	38
19.400000000001455	38
19.900000000001455	3
20.0	3
20.0	3
20.0	3
20.0	3
20.0	3
20.0	86
20.0	86
20.10000000000582	86
20.10000000000582	86
20.10000000000582	86
20.10000000000582	86
20.10000000000582	85
20.10000000000582	85
20.10000000000582	85
20.10000000000582	85
20.10000000000582	85
20.10000000000582	85
20.10000000000582	85
20.10000000000582	85
20.200000000004366	85
20.200000000004366	85
20.200000000004366	85
20.200000000004366	85
20.200000000004366	85
20.200000000004366	85
20.200000000004366	85
20.200000000004366	68
20.200000000004366	68
20.200000000004366	68
19.400000000001455	91
19.400000000001455	21
19.400000000001455	21
19.400000000001455	35
19.400000000001455	35
19.400000000001455	35
19.400000000001455	35
19.400000000001455	75
19.400000000001455	37
19.400000000001455	3
19.400000000001455	56
19.400000000001455	56
19.5	76
19.5	76
19.5	76
19.5	76
19.5	76
19.5	76
19.60000000000582	37
19.60000000000582	76
19.60000000000582	75
19.60000000000582	3
19.60000000000582	40
19.60000000000582	40
19.60000000000582	40
19.60000000000582	40
19.60000000000582	40
19.60000000000582	40
19.60000000000582	40
19.60000000000582	40
19.60000000000582	19
19.60000000000582	19
19.60000000000582	19
19.60000000000582	35
19.60000000000582	45
19.60000000000582	45
19.60000000000582	45
19.60000000000582	45
19.60000000000582	45
19.60000000000582	45
19.60000000000582	45
19.60000000000582	45
19.60000000000582	68
19.60000000000582	45
19.60000000000582	45
19.60000000000582	45
19.60000000000582	45
19.60000000000582	45
19.60000000000582	96
19.700000000004366	96
19.700000000004366	96
19.700000000004366	96
19.700000000004366	19
19.700000000004366	40
19.700000000004366	40
19.700000000004366	40
19.700000000004366	40
19.700000000004366	40
19.700000000004366	40
19.700000000004366	40
19.700000000004366	40
19.700000000004366	40
19.700000000004366	40
19.700000000004366	40
19.700000000004366	40
19.700000000004366	40
19.700000000004366	40
19.700000000004366	66
19.700000000004366	66
19.700000000004366	66
19.700000000004366	66
19.700000000004366	40
19.700000000004366	40
19.700000000004366	40
19.700000000004366	40
19.700000000004366	40
19.700000000004366	40
19.700000000004366	40
19.700000000004366	40
19.700000000004366	40
19.700000000004366	40
19.700000000004366	40
19.80000000000291	40
19.80000000000291	40
19.80000000000291	40
19.80000000000291	40
19.80000000000291	40
19.80000000000291	40
19.80000000000291	40
19.80000000000291	40
19.80000000000291	40
19.80000000000291	40
19.80000000000291	40
19.80000000000291	40
19.80000000000291	40
19.80000000000291	40
19.80000000000291	40
19.80000000000291	40
19.80000000000291	40
19.80000000000291	40
19.80000000000291	40
19.80000000000291	40
19.80000000000291	40
19.80000000000291	40
19.80000000000291	40
19.80000000000291	40
19.80000000000291	40
19.80000000000291	40
19.80000000000291	40
19.80000000000291	40
19.80000000000291	40
19.80000000000291	40
19.80000000000291	3
19.80000000000291	93
19.80000000000291	93
19.80000000000291	93
19.80000000000291	93
19.80000000000291	93
19.80000000000291	93
19.80000000000291	27
19.80000000000291	27
19.80000000000291	27
19.80000000000291	27
19.80000000000291	27
19.80000000000291	27
19.80000000000291	27
19.80000000000291	27
19.80000000000291	27
19.80000000000291	27
19.80000000000291	27
19.80000000000291	27
19.80000000000291	27
19.80000000000291	27
19.80000000000291	27
19.80000000000291	27
19.80000000000291	27
19.80000000000291	27
19.80000000000291	27
19.80000000000291	27
19.80000000000291	27
19.900000000001455	27
19.900000000001455	27
19.900000000001455	27
19.900000000001455	27
19.900000000001455	27
19.900000000001455	27
19.900000000001455	27
19.900000000001455	27
19.900000000001455	27
19.900000000001455	27
19.900000000001455	27
19.900000000001455	27
19.900000000001455	27
19.900000000001455	27
19.900000000001455	27
19.900000000001455	27
19.900000000001455	27
19.900000000001455	27
19.900000000001455	12
19.900000000001455	12
19.900000000001455	12
19.900000000001455	12
19.900000000001455	12
19.900000000001455	12
19.900000000001455	12
19.900000000001455	12
19.900000000001455	12
20.10000000000582	58
20.10000000000582	58
20.10000000000582	58
20.10000000000582	27
20.10000000000582	27
20.10000000000582	12
20.10000000000582	58
20.10000000000582	58
20.10000000000582	58
20.10000000000582	58
20.10000000000582	58
20.10000000000582	46
20.10000000000582	46
20.10000000000582	46
20.10000000000582	46
20.10000000000582	46
20.10000000000582	46
20.10000000000582	46
20.10000000000582	46
20.10000000000582	46
20.10000000000582	46
20.10000000000582	46
20.10000000000582	46
20.200000000004366	83
20.200000000004366	83
20.200000000004366	55
20.200000000004366	55
20.200000000004366	55
20.200000000004366	57
20.200000000004366	57
20.200000000004366	57
20.200000000004366	57
20.200000000004366	57
20.200000000004366	57
20.200000000004366	57
20.200000000004366	57
20.200000000004366	57
20.200000000004366	57
20.200000000004366	57
20.200000000004366	57
20.200000000004366	57
20.200000000004366	57
20.200000000004366	57
20.200000000004366	57
20.200000000004366	57
20.200000000004366	57
20.200000000004366	57
20.200000000004366	57
20.200000000004366	57
20.200000000004366	57
20.200000000004366	57
20.200000000004366	57
20.200000000004366	57
20.200000000004366	57
20.200000000004366	57
20.200000000004366	57
20.200000000004366	57
20.200000000004366	57
20.200000000004366	57
20.200000000004366	57
20.200000000004366	57
20.200000000004366	57
20.200000000004366	57
20.200000000004366	57
20.200000000004366	57
20.200000000004366	57
20.200000000004366	57
20.200000000004366	57
20.200000000004366	57
20.200000000004366	57
20.200000000004366	56
20.200000000004366	56
20.200000000004366	56
20.200000000004366	56
20.200000000004366	4
20.200000000004366	4
20.200000000004366	4
20.200000000004366	4
20.200000000004366	4
20.200000000004366	4
20.200000000004366	4
20.200000000004366	4
20.200000000004366	4
20.200000000004366	4
20.200000000004366	4
20.200000000004366	4
20.200000000004366	4
20.200000000004366	4
20.200000000004366	4
20.200000000004366	4
20.200000000004366	4
20.200000000004366	4
20.200000000004366	4
20.700000000004366	4
21.0	4
20.400000000001455	4
20.5	4
20.60000000000582	4
20.60000000000582	4
20.700000000004366	4
20.80000000000291	4
20.80000000000291	4
21.0	4
21.0	4
21.0	4
21.0	4
21.0	4
21.0	4
21.0	4
21.10000000000582	23
21.10000000000582	23
21.10000000000582	23
21.10000000000582	23
21.200000000004366	23
21.200000000004366	23
21.200000000004366	23
21.200000000004366	23
20.400000000001455	7
20.400000000001455	7
20.400000000001455	7
20.400000000001455	7
20.400000000001455	35
20.400000000001455	35
20.400000000001455	35
20.400000000001455	35
20.400000000001455	12
20.400000000001455	7
20.400000000001455	46
20.400000000001455	21
20.400000000001455	21
20.400000000001455	21
20.400000000001455	21
20.400000000001455	21
20.400000000001455	21
20.400000000001455	21
20.400000000001455	21
20.400000000001455	76
20.400000000001455	76
20.400000000001455	76
20.400000000001455	76
20.400000000001455	76
20.400000000001455	14
20.400000000001455	14
20.400000000001455	14
20.400000000001455	14
20.400000000001455	14
20.400000000001455	14
20.400000000001455	14
20.400000000001455	14
20.400000000001455	14
20.400000000001455	1
20.400000000001455	1
20.400000000001455	1
20.5	1
20.5	1
20.5	1
20.5	1
20.5	1
20.5	1
20.5	77
20.5	77
20.5	77
20.5	77
20.5	77
20.5	96
20.5	96
20.5	96
20.5	96
20.5	83
20.5	83
20.5	83
20.5	83
20.5	83
20.5	83
20.5	83
20.5	83
20.5	83
20.5	27
20.5	27
20.5	27
20.5	68
20.5	68
20.60000000000582	68
20.60000000000582	68
20.60000000000582	12
20.60000000000582	58
20.60000000000582	58
20.60000000000582	58
20.700000000004366	88
20.700000000004366	88
20.700000000004366	88
20.700000000004366	88
20.700000000004366	88
20.700000000004366	88
20.700000000004366	88
20.700000000004366	88
20.700000000004366	88
20.700000000004366	88
20.700000000004366	88
20.700000000004366	88
20.700000000004366	88
20.700000000004366	88
20.700000000004366	88
20.700000000004366	88
20.700000000004366	88
20.700000000004366	88
20.700000000004366	35
20.700000000004366	46
20.700000000004366	14
20.700000000004366	46
20.700000000004366	56
20.700000000004366	27
20.80000000000291	12
20.80000000000291	14
20.80000000000291	76
20.80000000000291	76
20.80000000000291	76
20.80000000000291	11
20.80000000000291	11
20.80000000000291	11
20.80000000000291	11
20.80000000000291	11
20.80000000000291	11
20.80000000000291	11
20.80000000000291	11
20.80000000000291	11
20.80000000000291	11
20.80000000000291	11
20.80000000000291	11
20.80000000000291	11
20.80000000000291	11
20.80000000000291	56
20.80000000000291	35
20.80000000000291	21
20.80000000000291	21
20.80000000000291	21
20.80000000000291	88
20.80000000000291	85
20.80000000000291	85
20.80000000000291	85
20.80000000000291	85
20.80000000000291	19
20.80000000000291	19
20.80000000000291	19
20.80000000000291	19
20.80000000000291	19
20.80000000000291	19
20.80000000000291	19
20.900000000001455	10
20.900000000001455	46
20.900000000001455	68
20.900000000001455	68
20.900000000001455	8
20.900000000001455	8
20.900000000001455	8
20.900000000001455	8
20.900000000001455	35
20.900000000001455	28
20.900000000001455	28
20.900000000001455	28
20.900000000001455	28
20.900000000001455	28
20.900000000001455	28
20.900000000001455	28
20.900000000001455	28
20.900000000001455	28
20.900000000001455	28
20.900000000001455	28
20.900000000001455	28
20.900000000001455	28
20.900000000001455	28
20.900000000001455	28
21.0	66
21.0	66
21.0	66
21.0	66
21.0	66
21.0	66
21.0	66
21.0	20
21.0	93
21.0	93
21.0	93
21.0	93
21.0	58
21.0	58
21.0	56
21.0	38
21.0	38
21.0	38
21.0	38
21.0	38
21.0	38
21.0	38
21.0	38
21.0	38
21.10000000000582	66
21.10000000000582	11
21.10000000000582	91
21.10000000000582	91
21.10000000000582	91
21.10000000000582	91
21.10000000000582	91
21.10000000000582	91
21.10000000000582	91
21.10000000000582	91
21.10000000000582	91
21.10000000000582	91
21.10000000000582	91
21.10000000000582	91
21.10000000000582	91
21.10000000000582	91
21.10000000000582	21
21.10000000000582	21
21.10000000000582	39
21.10000000000582	39
21.200000000004366	39
21.200000000004366	39
21.200000000004366	39
21.200000000004366	19
21.200000000004366	19
21.200000000004366	91
21.200000000004366	11
21.200000000004366	68
21.200000000004366	1
21.200000000004366	1
21.200000000004366	1
21.200000000004366	1
21.200000000004366	83
21.200000000004366	83
21.200000000004366	83
21.200000000004366	83
21.200000000004366	83
21.200000000004366	58
21.200000000004366	93
21.200000000004366	85
21.200000000004366	85
21.200000000004366	85
21.200000000004366	85
21.200000000004366	85
21.200000000004366	85
21.5	85
21.5	85
21.5	85
21.5	85
21.5	85
21.5	85
21.5	38
21.60000000000582	66
21.700000000004366	88
21.700000000004366	88
21.80000000000291	93
21.80000000000291	21
21.900000000001455	21
21.900000000001455	88
22.200000000004366	68
22.200000000004366	3
21.400000000001455	56
21.400000000001455	83
21.400000000001455	11
21.400000000001455	85
21.5	38
21.5	66
21.5	96
21.5	96
21.5	96
21.5	96
21.5	96
21.5	96
21.5	73
21.5	73
21.5	73
21.5	73
21.5	73
21.5	73
21.5	35
21.5	35
21.5	85
21.5	75
21.5	75
21.5	75
21.5	75
21.5	75
21.60000000000582	75
21.60000000000582	75
21.60000000000582	75
21.60000000000582	58
21.60000000000582	58
21.700000000004366	56
21.700000000004366	68
21.80000000000291	40
21.80000000000291	40
21.80000000000291	40
21.80000000000291	40
21.80000000000291	40
21.80000000000291	40
21.80000000000291	40
21.80000000000291	40
21.80000000000291	40
21.80000000000291	40
21.80000000000291	40
21.80000000000291	40
21.80000000000291	40
21.80000000000291	73
21.80000000000291	58
21.80000000000291	75
21.80000000000291	55
21.80000000000291	55
21.80000000000291	55
21.80000000000291	55
21.80000000000291	55
21.80000000000291	55
21.80000000000291	55
21.80000000000291	55
21.80000000000291	40
21.80000000000291	35
21.900000000001455	26
21.900000000001455	26
21.900000000001455	26
21.900000000001455	26
21.900000000001455	26
21.900000000001455	26
21.900000000001455	26
21.900000000001455	26
21.900000000001455	26
21.900000000001455	38
21.900000000001455	38
21.900000000001455	85
21.900000000001455	85
21.900000000001455	85
21.900000000001455	91
21.900000000001455	91
21.900000000001455	91
21.900000000001455	73
21.900000000001455	96
21.900000000001455	96
21.900000000001455	66
22.0	66
22.0	66
22.0	12
22.0	12
22.0	12
22.0	12
22.0	12
22.0	26
22.0	46
22.0	12
22.0	28
22.0	28
22.0	28
22.0	28
22.0	28
22.0	28
22.0	28
22.0	28
22.0	28
22.0	28
22.0	28
22.10000000000582	37
22.200000000004366	37
22.200000000004366	66
22.200000000004366	37
22.200000000004366	37
22.200000000004366	37
22.200000000004366	37
22.200000000004366	37
22.200000000004366	37
22.200000000004366	37
22.200000000004366	55
22.200000000004366	57
22.200000000004366	57
22.200000000004366	57
22.200000000004366	57
22.200000000004366	57
22.200000000004366	57
22.200000000004366	57
22.200000000004366	57
22.200000000004366	57
22.200000000004366	57
22.200000000004366	40
22.200000000004366	40
22.200000000004366	21
22.200000000004366	21
22.200000000004366	21
22.200000000004366	21
22.200000000004366	21
22.200000000004366	21
22.5	57
22.60000000000582	57
22.60000000000582	57
22.60000000000582	45
22.60000000000582	45
22.60000000000582	45
22.60000000000582	45
22.60000000000582	45
22.60000000000582	45
22.60000000000582	45
22.700000000004366	45
22.700000000004366	45
22.700000000004366	45
22.700000000004366	45
22.700000000004366	45
22.700000000004366	73
23.0	57
23.200000000004366	75
22.400000000001455	75
22.400000000001455	27
22.400000000001455	27
22.400000000001455	27
22.400000000001455	27
22.400000000001455	27
22.400000000001455	27
22.400000000001455	27
22.400000000001455	27
22.400000000001455	27
22.400000000001455	40
22.400000000001455	27
22.400000000001455	21
22.400000000001455	88
22.400000000001455	88
22.400000000001455	88
22.400000000001455	88
22.400000000001455	88
22.400000000001455	88
22.400000000001455	58
22.400000000001455	58
22.400000000001455	58
22.400000000001455	73
22.5	1
22.5	1
22.5	1
22.5	1
22.5	1
22.5	7
22.5	57
22.5	40
22.5	7
22.5	7
22.5	7
22.5	7
22.60000000000582	26
22.60000000000582	26
22.60000000000582	26
22.60000000000582	40
22.60000000000582	21
22.60000000000582	55
22.60000000000582	73
22.60000000000582	38
22.60000000000582	38
22.60000000000582	7
22.60000000000582	7
22.60000000000582	7
22.60000000000582	7
22.60000000000582	7
22.60000000000582	7
22.60000000000582	4
22.60000000000582	4
22.60000000000582	4
22.60000000000582	66
22.60000000000582	66
22.60000000000582	66
22.60000000000582	4
22.60000000000582	4
22.60000000000582	26
22.60000000000582	21
22.60000000000582	68
22.700000000004366	88
22.700000000004366	57
22.700000000004366	38
22.700000000004366	38
22.700000000004366	1
22.700000000004366	86
22.700000000004366	86
22.700000000004366	86
22.700000000004366	86
22.700000000004366	86
22.700000000004366	86
22.700000000004366	86
22.700000000004366	86
22.700000000004366	86
22.700000000004366	86
22.700000000004366	86
22.700000000004366	86
22.700000000004366	86
22.700000000004366	86
22.700000000004366	86
22.700000000004366	14
22.700000000004366	14
22.700000000004366	14
22.700000000004366	14
22.700000000004366	14
22.700000000004366	14
22.700000000004366	14
22.700000000004366	14
22.700000000004366	14
22.700000000004366	14
22.80000000000291	19
22.80000000000291	19
22.80000000000291	19
22.80000000000291	19
22.80000000000291	37
22.80000000000291	37
22.80000000000291	73
22.80000000000291	88
22.80000000000291	47
22.80000000000291	47
22.80000000000291	47
22.80000000000291	47
22.80000000000291	47
22.80000000000291	47
22.80000000000291	47
22.80000000000291	47
22.80000000000291	47
22.80000000000291	47
22.80000000000291	47
22.80000000000291	47
22.80000000000291	47
22.80000000000291	47
22.80000000000291	47
22.80000000000291	47
22.900000000001455	47
22.900000000001455	47
22.900000000001455	7
22.900000000001455	21
22.900000000001455	66
22.900000000001455	47
22.900000000001455	47
22.900000000001455	83
22.900000000001455	83
22.900000000001455	83
22.900000000001455	83
22.900000000001455	83
22.900000000001455	83
22.900000000001455	83
22.900000000001455	83
22.900000000001455	55
23.0	21
23.0	40
23.0	40
23.0	1
23.0	11
23.0	11
23.0	11
23.0	11
23.0	11
23.0	11
23.0	11
23.0	45
23.0	45
23.0	45
23.0	86
23.0	8
23.0	56
23.0	56
23.0	56
23.0	56
23.0	34
23.0	34
23.0	34
23.0	34
23.0	34
23.0	34
23.0	34
23.0	34
23.0	34
23.0	34
23.10000000000582	73
23.10000000000582	75
23.10000000000582	75
23.10000000000582	27
23.10000000000582	27
23.10000000000582	27
23.10000000000582	27
23.10000000000582	75
23.10000000000582	39
23.10000000000582	39
23.10000000000582	8
23.10000000000582	8
23.10000000000582	8
23.10000000000582	8
23.10000000000582	8
23.10000000000582	8
23.10000000000582	8
23.10000000000582	8
23.10000000000582	8
23.10000000000582	8
23.10000000000582	8
23.10000000000582	8
23.10000000000582	8
23.200000000004366	8
23.200000000004366	8
23.200000000004366	8
23.200000000004366	8
23.200000000004366	8
23.200000000004366	8
23.200000000004366	8
23.200000000004366	8
23.200000000004366	8
23.200000000004366	8
23.200000000004366	8
23.200000000004366	8
23.200000000004366	8
23.200000000004366	63
23.200000000004366	63
23.200000000004366	63
23.200000000004366	63
23.200000000004366	63
23.200000000004366	63
23.200000000004366	63
23.200000000004366	63
23.200000000004366	63
23.200000000004366	63
23.200000000004366	63
23.200000000004366	63
23.200000000004366	63
23.200000000004366	55
23.200000000004366	63
23.200000000004366	63
23.200000000004366	34
23.200000000004366	66
23.200000000004366	66
23.200000000004366	57
23.200000000004366	57
23.200000000004366	83
23.200000000004366	21
23.200000000004366	11
23.200000000004366	45
23.60000000000582	15
23.60000000000582	15
23.60000000000582	15
23.60000000000582	15
23.60000000000582	15
23.60000000000582	15
23.60000000000582	15
23.60000000000582	15
23.60000000000582	15
23.60000000000582	15
23.60000000000582	15
23.60000000000582	15
23.60000000000582	15
23.700000000004366	15
23.700000000004366	15
23.700000000004366	11
23.80000000000291	86
23.80000000000291	88
23.80000000000291	88
23.80000000000291	83
23.900000000001455	39
23.900000000001455	39
23.900000000001455	39
23.400000000001455	12
23.400000000001455	12
23.400000000001455	12
23.400000000001455	15
23.400000000001455	1
23.400000000001455	1
23.400000000001455	58
23.400000000001455	58
23.400000000001455	58
23.400000000001455	58
23.400000000001455	58
23.400000000001455	34
23.400000000001455	34
23.400000000001455	26
23.400000000001455	26
23.400000000001455	26
23.400000000001455	26
23.5	35
23.5	35
23.5	35
23.5	35
23.5	35
23.5	35
23.5	15
23.5	11
23.5	88
23.5	73
23.5	45
23.5	86
23.60000000000582	21
23.60000000000582	21
23.60000000000582	21
23.60000000000582	34
23.700000000004366	97
23.700000000004366	97
23.700000000004366	97
23.700000000004366	97
23.700000000004366	97
23.700000000004366	97
23.700000000004366	97
23.700000000004366	88
23.700000000004366	73
23.700000000004366	1
23.700000000004366	55
23.700000000004366	55
23.700000000004366	63
23.700000000004366	63
23.700000000004366	63
23.700000000004366	63
23.700000000004366	63
23.700000000004366	63
23.700000000004366	63
23.700000000004366	63
23.700000000004366	63
23.700000000004366	63
23.700000000004366	63
23.700000000004366	63
23.700000000004366	63
23.700000000004366	86
23.700000000004366	66
23.700000000004366	66
23.700000000004366	66
23.80000000000291	78
23.80000000000291	78
23.80000000000291	88
23.80000000000291	34
23.80000000000291	11
23.80000000000291	11
23.80000000000291	15
23.80000000000291	45
23.900000000001455	1
23.900000000001455	52
23.900000000001455	35
23.900000000001455	35
23.900000000001455	35
23.900000000001455	35
23.900000000001455	35
24.0	83
24.0	83
24.0	83
24.0	28
24.0	28
24.0	28
24.0	28
24.0	28
24.0	28
24.0	28
24.0	28
24.0	28
24.0	28
24.0	28
24.0	28
24.0	28
24.0	28
24.0	28
24.0	28
24.0	52
24.0	10
24.0	10
24.0	10
24.0	10
24.0	10
24.0	10
24.0	10
24.0	10
24.0	10
24.0	10
24.0	10
24.0	10
24.0	10
24.0	10
24.0	10
24.0	10
24.0	10
24.0	10
24.0	26
24.0	26
24.0	26
24.0	97
24.0	11
24.0	44
24.10000000000582	44
24.10000000000582	58
24.10000000000582	58
24.10000000000582	99
24.10000000000582	99
24.10000000000582	55
24.10000000000582	28
24.10000000000582	28
24.10000000000582	35
24.10000000000582	11
24.10000000000582	83
24.10000000000582	21
24.10000000000582	21
24.200000000004366	73
24.200000000004366	73
24.200000000004366	71
24.200000000004366	71
24.200000000004366	71
24.200000000004366	1
24.5	21
24.5	55
24.60000000000582	40
24.60000000000582	40
24.60000000000582	40
24.60000000000582	40
24.60000000000582	40
24.60000000000582	40
24.700000000004366	40
24.700000000004366	35
24.700000000004366	40
24.80000000000291	66
24.80000000000291	66
24.80000000000291	66
24.80000000000291	45
24.80000000000291	45
24.400000000001455	99
24.400000000001455	71
24.400000000001455	71
24.400000000001455	88
24.400000000001455	88
24.400000000001455	21
24.400000000001455	26
24.400000000001455	34
24.400000000001455	34
24.400000000001455	34
24.400000000001455	34
24.400000000001455	34
24.400000000001455	34
24.400000000001455	88
24.5	97
24.5	97
24.5	26
24.5	7
24.5	7
24.5	7
24.5	7
24.5	7
24.5	7
24.5	73
24.5	7
24.60000000000582	21
24.60000000000582	34
24.60000000000582	55
24.60000000000582	15
24.60000000000582	15
24.60000000000582	15
24.60000000000582	15
24.60000000000582	15
24.60000000000582	28
24.60000000000582	28
24.60000000000582	28
24.60000000000582	28
24.60000000000582	83
24.60000000000582	83
24.60000000000582	44
24.60000000000582	44
24.700000000004366	11
24.700000000004366	11
24.700000000004366	52
24.700000000004366	52
24.700000000004366	34
24.700000000004366	28
24.700000000004366	21
24.700000000004366	67
24.700000000004366	67
24.700000000004366	83
24.80000000000291	78
24.80000000000291	78
24.80000000000291	78
24.80000000000291	44
24.80000000000291	49
24.80000000000291	49
24.80000000000291	52
24.80000000000291	97
24.80000000000291	88
24.80000000000291	1
24.80000000000291	1
24.80000000000291	1
24.80000000000291	71
24.80000000000291	71
24.80000000000291	71
24.80000000000291	26
24.900000000001455	26
24.900000000001455	34
24.900000000001455	97
25.0	88
25.0	35
25.0	35
25.0	26
25.0	49
25.0	1
25.0	40
25.0	21
25.0	94
25.0	94
25.0	15
25.0	15
25.0	44
25.0	28
25.0	28
25.0	28
25.0	44
25.0	55
25.10000000000582	71
25.10000000000582	21
25.10000000000582	52
25.10000000000582	28
25.10000000000582	49
25.10000000000582	97
25.10000000000582	71
25.10000000000582	55
25.10000000000582	98
25.10000000000582	98
25.10000000000582	98
25.200000000004366	98
25.200000000004366	98
25.200000000004366	98
25.200000000004366	98
25.200000000004366	98
25.200000000004366	98
25.200000000004366	98
25.200000000004366	98
25.200000000004366	98
25.200000000004366	98
25.200000000004366	98
25.200000000004366	98
25.200000000004366	98
25.200000000004366	67
25.200000000004366	67
25.200000000004366	67
25.200000000004366	1
25.200000000004366	49
25.700000000004366	26
25.400000000001455	97
25.400000000001455	1
25.400000000001455	26
25.400000000001455	78
25.400000000001455	99
25.400000000001455	99
25.400000000001455	99
25.5	15
25.5	15
25.5	67
25.5	45
25.5	45
25.5	45
25.5	45
25.5	45
25.60000000000582	88
25.60000000000582	88
25.60000000000582	67
25.60000000000582	49
25.60000000000582	49
25.60000000000582	45
25.60000000000582	21
25.60000000000582	21
25.700000000004366	21
25.700000000004366	98
25.700000000004366	98
25.700000000004366	26
25.700000000004366	71
25.700000000004366	71
25.700000000004366	71
25.700000000004366	71
25.700000000004366	99
25.700000000004366	1
25.80000000000291	52
25.80000000000291	52
25.80000000000291	94
25.80000000000291	94
25.80000000000291	71
25.80000000000291	11
25.80000000000291	11
25.80000000000291	11
25.80000000000291	11
25.80000000000291	11
25.900000000001455	11
25.900000000001455	73
25.900000000001455	73
25.900000000001455	73
25.900000000001455	73
25.900000000001455	88
25.900000000001455	88
25.900000000001455	55
25.900000000001455	55
25.900000000001455	55
25.900000000001455	28
25.900000000001455	28
25.900000000001455	28
25.900000000001455	28
25.900000000001455	28
25.900000000001455	28
25.900000000001455	98
25.900000000001455	45
25.900000000001455	1
25.900000000001455	99
25.900000000001455	83
25.900000000001455	83
25.900000000001455	83
26.0	83
26.0	83
26.0	88
26.0	71
26.0	97
26.0	97
26.0	97
26.10000000000582	15
26.10000000000582	15
26.10000000000582	45
26.200000000004366	15
26.200000000004366	55
26.200000000004366	83
26.200000000004366	88
26.200000000004366	71
26.200000000004366	98
26.200000000004366	1
26.200000000004366	73
26.200000000004366	52
26.200000000004366	52
26.200000000004366	94
26.200000000004366	11
26.900000000001455	67
26.900000000001455	67
26.900000000001455	67
26.900000000001455	67
27.10000000000582	71
27.10000000000582	97
26.400000000001455	26
26.400000000001455	26
26.400000000001455	26
26.400000000001455	26
26.400000000001455	55
26.400000000001455	1
26.400000000001455	45
26.400000000001455	52
26.400000000001455	88
26.400000000001455	97
26.5	83
26.5	67
26.5	71
26.5	28
26.5	28
26.5	28
26.5	28
26.5	28
26.5	15
26.5	98
26.5	28
26.60000000000582	11
26.60000000000582	49
26.60000000000582	49
26.60000000000582	49
26.60000000000582	49
26.60000000000582	49
26.60000000000582	49
26.60000000000582	83
26.60000000000582	21
26.60000000000582	21
26.60000000000582	21
26.60000000000582	21
26.60000000000582	73
26.700000000004366	94
26.700000000004366	15
26.700000000004366	67
26.700000000004366	28
26.700000000004366	7
26.700000000004366	7
26.700000000004366	7
26.700000000004366	52
26.700000000004366	21
26.700000000004366	7
26.700000000004366	7
26.700000000004366	7
26.700000000004366	7
26.700000000004366	11
26.80000000000291	28
26.80000000000291	71
26.80000000000291	71
26.80000000000291	81
26.80000000000291	81
26.900000000001455	21
26.900000000001455	90
26.900000000001455	28
26.900000000001455	97
26.900000000001455	52
26.900000000001455	71
26.900000000001455	1
26.900000000001455	1
26.900000000001455	49
26.900000000001455	49
26.900000000001455	94
27.0	11
27.0	26
27.0	26
27.0	26
27.0	61
27.0	61
27.0	21
27.0	26
27.0	90
27.10000000000582	71
27.10000000000582	28
27.10000000000582	97
27.10000000000582	49
27.200000000004366	71
27.200000000004366	52
27.200000000004366	61
27.200000000004366	90
27.5	21
27.80000000000291	73
27.80000000000291	73
27.900000000001455	94
27.900000000001455	7
27.900000000001455	7
27.400000000001455	83
27.400000000001455	83
27.400000000001455	49
27.400000000001455	67
27.400000000001455	67
27.400000000001455	67
27.400000000001455	34
27.400000000001455	34
27.400000000001455	34
27.400000000001455	34
27.400000000001455	34
27.400000000001455	34
27.400000000001455	34
27.400000000001455	34
27.5	34
27.5	34
27.5	34
28.700000000004366	34
28.700000000004366	34
28.700000000004366	83
28.700000000004366	83
28.700000000004366	83
28.700000000004366	83
28.700000000004366	34
28.700000000004366	34
28.700000000004366	34
28.700000000004366	34
28.700000000004366	34
28.700000000004366	34
28.700000000004366	34
28.700000000004366	34
28.700000000004366	34
28.700000000004366	34
28.700000000004366	34
28.700000000004366	34
28.700000000004366	34
28.700000000004366	49
28.700000000004366	49
28.700000000004366	49
28.700000000004366	49
28.700000000004366	49
28.700000000004366	49
28.700000000004366	49
28.80000000000291	29
28.80000000000291	29
28.80000000000291	45
28.80000000000291	45
28.80000000000291	45
28.80000000000291	45
28.80000000000291	45
28.80000000000291	45
28.80000000000291	45
28.80000000000291	45
28.80000000000291	97
28.80000000000291	97
28.80000000000291	97
28.80000000000291	97
28.80000000000291	97
28.80000000000291	97
28.80000000000291	97
28.80000000000291	97
28.900000000001455	21
28.900000000001455	21
28.900000000001455	21
28.900000000001455	21
28.900000000001455	21
28.900000000001455	21
28.900000000001455	21
28.900000000001455	34
28.900000000001455	61
28.900000000001455	61
28.900000000001455	61
28.900000000001455	61
28.900000000001455	61
28.900000000001455	61
28.900000000001455	61
28.900000000001455	61
28.900000000001455	61
28.900000000001455	61
28.900000000001455	61
28.900000000001455	49
28.900000000001455	52
28.900000000001455	52
28.900000000001455	52
28.900000000001455	52
28.900000000001455	52
28.900000000001455	34
28.900000000001455	52
28.900000000001455	61
28.900000000001455	28
28.900000000001455	28
28.900000000001455	28
28.900000000001455	28
28.900000000001455	28
28.900000000001455	28
28.900000000001455	28
28.900000000001455	28
28.900000000001455	28
28.900000000001455	28
29.0	28
29.0	28
29.0	28
29.0	28
29.0	28
29.0	67
29.0	67
29.0	67
29.0	67
29.0	67
29.0	67
29.0	67
29.0	67
29.0	67
29.0	44
29.0	44
29.0	44
29.0	82
29.0	95
29.0	95
29.0	67
29.0	44
29.0	44
29.0	44
29.0	49
29.0	44
29.0	44
29.0	44
29.0	44
29.0	44
29.0	44
29.0	44
29.10000000000582	44
29.10000000000582	44
29.10000000000582	44
29.10000000000582	44
29.10000000000582	44
29.10000000000582	82
29.10000000000582	21
29.200000000004366	97
29.200000000004366	21
29.200000000004366	61
29.200000000004366	67
29.200000000004366	31
29.200000000004366	31
29.200000000004366	31
29.200000000004366	31
29.200000000004366	31
29.200000000004366	31
29.200000000004366	97
29.200000000004366	95
29.900000000001455	29
30.0	29
30.0	34
30.10000000000582	34
30.10000000000582	71
30.200000000004366	71
29.400000000001455	71
29.400000000001455	71
29.400000000001455	71
29.400000000001455	71
29.400000000001455	71
29.400000000001455	82
29.400000000001455	71
29.400000000001455	71
29.400000000001455	45
29.400000000001455	45
29.60000000000582	21
29.60000000000582	78
29.60000000000582	78
29.700000000004366	78
29.700000000004366	78
29.700000000004366	78
29.700000000004366	78
29.80000000000291	78
29.80000000000291	78
29.80000000000291	78
29.900000000001455	78
30.0	52
30.0	26
30.0	26
30.0	26
30.10000000000582	26
30.10000000000582	26
30.10000000000582	26
30.10000000000582	26
30.10000000000582	26
30.10000000000582	26
30.10000000000582	26
30.10000000000582	49
30.10000000000582	45
29.400000000001455	29
29.400000000001455	82
29.400000000001455	90
29.400000000001455	90
29.400000000001455	90
29.400000000001455	90
29.400000000001455	90
29.5	15
29.5	90
29.5	90
29.5	31
29.5	97
30.700000000004366	82
30.80000000000291	82
30.80000000000291	82
30.80000000000291	82
31.10000000000582	90
31.200000000004366	90
30.60000000000582	45
30.60000000000582	45
30.60000000000582	45
30.700000000004366	98
30.700000000004366	98
30.700000000004366	98
30.700000000004366	98
30.80000000000291	98
30.80000000000291	98
30.80000000000291	98
30.80000000000291	98
30.80000000000291	98
30.80000000000291	98
30.80000000000291	98
30.80000000000291	98
30.80000000000291	98
30.80000000000291	98
31.10000000000582	31
31.10000000000582	31
31.200000000004366	52
31.200000000004366	52
31.200000000004366	52
31.200000000004366	26
31.200000000004366	26
31.200000000004366	26
31.200000000004366	26
31.200000000004366	26
31.200000000004366	26
31.200000000004366	44
31.200000000004366	44
30.400000000001455	44
30.400000000001455	44
30.400000000001455	44
30.400000000001455	82
30.400000000001455	34
30.400000000001455	34
30.400000000001455	34
30.400000000001455	34
30.400000000001455	34
30.400000000001455	34
30.400000000001455	15
30.400000000001455	15
30.400000000001455	15
30.400000000001455	15
30.400000000001455	15
30.400000000001455	15
30.400000000001455	15
30.400000000001455	15
30.400000000001455	15
30.400000000001455	15
30.400000000001455	15
30.400000000001455	15
30.400000000001455	15
30.400000000001455	15
30.400000000001455	15
30.5	34
30.5	84
30.5	84
30.5	84
30.5	84
30.5	84
30.5	84
30.5	84
30.5	61
30.5	61
30.5	61
30.5	61
30.5	61
30.5	61
30.5	61
30.5	61
30.5	52
30.60000000000582	98
30.60000000000582	26
30.60000000000582	21
30.60000000000582	21
30.60000000000582	21
30.60000000000582	21
30.60000000000582	21
30.60000000000582	97
30.60000000000582	97
30.60000000000582	97
30.60000000000582	97
30.60000000000582	90
30.700000000004366	84
30.700000000004366	98
30.700000000004366	7
30.700000000004366	7
30.700000000004366	7
30.700000000004366	7
30.700000000004366	7
30.700000000004366	7
30.700000000004366	7
30.700000000004366	7
30.700000000004366	73
30.700000000004366	73
30.700000000004366	73
30.80000000000291	67
30.80000000000291	67
30.80000000000291	67
30.80000000000291	67
30.80000000000291	67
30.80000000000291	67
30.80000000000291	67
30.80000000000291	67
30.80000000000291	67
30.80000000000291	26
30.80000000000291	34
30.900000000001455	90
30.900000000001455	67
30.900000000001455	52
30.900000000001455	52
30.900000000001455	21
30.900000000001455	21
30.900000000001455	78
30.900000000001455	78
30.900000000001455	78
30.900000000001455	78
30.900000000001455	34
31.0	61
31.0	61
31.0	61
31.0	84
31.0	29
31.0	71
31.0	71
31.0	71
31.0	82
31.0	82
31.0	82
31.0	29
31.0	29
31.0	29
31.0	29
31.0	21
31.0	26
31.0	82
31.0	49
31.0	49
31.0	49
31.0	49
31.0	49
31.0	49
31.10000000000582	34
31.200000000004366	97
31.200000000004366	97
31.200000000004366	61
31.60000000000582	90
32.200000000004366	52
31.400000000001455	29
31.400000000001455	84
31.400000000001455	97
31.400000000001455	61
31.400000000001455	49
31.400000000001455	49
31.400000000001455	49
31.400000000001455	82
31.400000000001455	82
31.400000000001455	21
31.400000000001455	21
31.5	34
31.5	34
31.5	49
31.5	90
31.5	45
31.5	45
31.5	45
31.60000000000582	29
31.60000000000582	44
31.60000000000582	44
31.60000000000582	44
31.60000000000582	44
32.10000000000582	49
32.10000000000582	49
32.10000000000582	49
32.10000000000582	44
32.10000000000582	26
32.10000000000582	26
32.10000000000582	26
32.10000000000582	26
32.10000000000582	26
32.10000000000582	26
32.10000000000582	90
32.10000000000582	90
32.10000000000582	61
32.10000000000582	61
32.10000000000582	61
32.10000000000582	21
32.10000000000582	21
32.10000000000582	21
32.5	97
32.5	97
32.5	97
32.5	61
32.5	61
32.5	61
32.60000000000582	21
32.60000000000582	21
32.60000000000582	44
32.60000000000582	49
32.60000000000582	49
32.60000000000582	49
32.60000000000582	90
32.700000000004366	84
32.700000000004366	84
32.700000000004366	84
32.700000000004366	84
32.700000000004366	34
32.700000000004366	34
32.700000000004366	34
32.700000000004366	34
32.700000000004366	34
33.400000000001455	34
33.400000000001455	34
33.400000000001455	34
33.400000000001455	34
33.400000000001455	34
33.400000000001455	34
33.400000000001455	61
33.400000000001455	61
33.400000000001455	61
33.400000000001455	34
33.400000000001455	82
33.400000000001455	82
33.400000000001455	82
33.400000000001455	82
33.400000000001455	82
33.400000000001455	82
33.400000000001455	82
33.400000000001455	82
33.400000000001455	82
33.400000000001455	82
33.5	15
33.5	15
33.5	15
33.5	15
33.5	15
33.5	15
33.5	15
33.5	15
33.5	34
33.5	98
33.5	98
33.5	98
33.5	98
33.5	98
33.5	98
33.5	98
33.5	98
33.60000000000582	15
33.60000000000582	15
33.60000000000582	15
33.60000000000582	15
33.60000000000582	15
33.60000000000582	26
33.60000000000582	26
33.60000000000582	26
33.60000000000582	26
33.60000000000582	26
33.60000000000582	26
33.60000000000582	90
33.60000000000582	90
33.60000000000582	90
33.60000000000582	90
33.700000000004366	49
33.700000000004366	49
33.700000000004366	49
33.700000000004366	49
33.900000000001455	21
33.900000000001455	21
33.900000000001455	21
33.900000000001455	21
33.900000000001455	21
33.900000000001455	21
33.900000000001455	21
33.900000000001455	29
33.900000000001455	29
33.900000000001455	29
33.900000000001455	29
33.900000000001455	29
33.900000000001455	29
33.900000000001455	29
33.900000000001455	29
34.0	49
34.0	21
34.0	29
34.0	82
34.0	82
34.0	82
34.10000000000582	49
34.10000000000582	34
34.10000000000582	21
34.10000000000582	15
34.10000000000582	15
34.200000000004366	29
34.200000000004366	84
34.200000000004366	84
34.200000000004366	84
34.200000000004366	84
34.200000000004366	84
34.200000000004366	84
34.200000000004366	82
34.200000000004366	82
35.10000000000582	49
34.400000000001455	84
34.400000000001455	21
34.60000000000582	82
34.60000000000582	49
34.60000000000582	29
34.60000000000582	15
34.60000000000582	15
34.700000000004366	29
34.700000000004366	84
34.900000000001455	82
34.900000000001455	84
34.900000000001455	49
34.900000000001455	29
35.0	15
35.0	82
35.0	15
35.10000000000582	49
35.10000000000582	49
35.200000000004366	84
35.200000000004366	29
35.200000000004366	82
35.700000000004366	82
35.80000000000291	15
35.400000000001455	29
35.400000000001455	15
35.400000000001455	49
35.400000000001455	84
35.5	82
35.60000000000582	49
35.60000000000582	29
35.700000000004366	82
35.700000000004366	15
35.80000000000291	49
35.900000000001455	29
36.0	82
36.10000000000582	49
36.10000000000582	15
36.10000000000582	15
36.10000000000582	82
36.10000000000582	29
37.0	49
36.400000000001455	29
36.5	82
36.5	82
36.5	82
36.700000000004366	82
36.80000000000291	29
36.80000000000291	29
37.0	29
37.60000000000582	29
37.5	29
51.80000000000291	62
51.80000000000291	62
51.80000000000291	62
51.900000000001455	62
52.0	62
52.0	62
52.10000000000582	62
52.10000000000582	62
52.200000000004366	62
52.60000000000582	62
52.60000000000582	62
52.80000000000291	62
52.400000000001455	62
52.5	62
52.5	62
52.5	62
52.60000000000582	62
52.60000000000582	62
52.700000000004366	62
52.700000000004366	62
52.80000000000291	62
52.80000000000291	62
52.900000000001455	62
53.0	62
53.0	62
53.0	62
53.10000000000582	62
53.10000000000582	62
53.200000000004366	62
53.200000000004366	62
53.900000000001455	62
54.0	62
53.400000000001455	62
53.80000000000291	25
53.80000000000291	25
53.80000000000291	25
53.900000000001455	25
53.900000000001455	25
54.0	25
54.0	25
54.10000000000582	25
54.10000000000582	25
54.200000000004366	25
54.700000000004366	25
54.700000000004366	25
54.5	25
55.60000000000582	42
56.0	42
56.200000000004366	69
56.200000000004366	69
56.400000000001455	69
101.60000000000582	41
101.60000000000582	41
103.90000000000146	65
103.40000000000146	65
104.10000000000582	65
104.20000000000437	53
105.5	65
107.60000000000582	65
108.0	65
108.0	65
108.0	65
109.0	65
