0.0	27
1.0	81
2.2999999999956344	27
2.8999999999941792	93
3.099999999998545	81
3.099999999998545	77
3.2999999999956344	40
4.0	27
4.599999999998545	76
4.899999999994179	60
5.0	93
5.299999999995634	81
5.399999999994179	77
5.799999999995634	16
5.599999999998545	40
6.399999999994179	85
6.599999999998545	76
7.099999999998545	93
7.099999999998545	60
7.899999999994179	81
8.0	77
8.099999999998545	49
7.5	40
8.39999999999418	3
8.39999999999418	16
8.39999999999418	85
8.599999999998545	7
8.599999999998545	76
9.099999999998545	93
9.69999999999709	60
9.299999999995634	81
9.299999999995634	77
9.799999999995634	40
10.39999999999418	49
10.39999999999418	85
10.39999999999418	3
10.39999999999418	16
10.599999999998545	7
10.599999999998545	76
10.599999999998545	73
11.5	60
11.299999999995634	93
11.39999999999418	67
11.39999999999418	77
11.5	40
12.5	81
12.5	49
12.5	85
12.5	3
12.599999999998545	16
12.599999999998545	83
12.69999999999709	51
12.69999999999709	7
12.69999999999709	76
12.69999999999709	84
13.69999999999709	93
13.39999999999418	82
13.599999999998545	62
13.599999999998545	40
14.5	96
14.5	13
14.599999999998545	85
14.599999999998545	3
14.69999999999709	73
14.799999999995634	15
14.799999999995634	7
14.799999999995634	51
14.799999999995634	67
14.799999999995634	49
15.5	93
15.5	77
15.599999999998545	40
16.5	81
16.5	96
16.5	49
16.599999999998545	3
16.599999999998545	83
16.799999999995634	84
16.799999999995634	85
16.799999999995634	51
16.799999999995634	16
16.89999999999418	7
16.89999999999418	73
17.69999999999709	82
17.69999999999709	31
17.799999999995634	40
17.799999999995634	93
18.299999999995634	55
18.599999999998545	76
18.599999999998545	96
18.599999999998545	66
18.599999999998545	13
18.599999999998545	67
18.69999999999709	53
18.89999999999418	83
18.89999999999418	9
18.89999999999418	81
18.89999999999418	19
20.39999999999418	93
20.5	7
20.5	31
20.39999999999418	3
20.599999999998545	51
20.599999999998545	62
20.599999999998545	96
20.599999999998545	84
20.69999999999709	13
20.69999999999709	55
20.69999999999709	82
20.69999999999709	66
21.0	85
21.0	83
21.0	9
21.0	40
21.69999999999709	31
21.69999999999709	7
22.599999999998545	73
22.69999999999709	26
22.69999999999709	45
22.69999999999709	96
22.69999999999709	55
22.799999999995634	82
22.799999999995634	66
22.89999999999418	13
22.89999999999418	19
22.89999999999418	51
23.0	93
23.0	83
23.0	9
23.0	67
23.0	49
23.89999999999418	52
23.799999999995634	58
23.799999999995634	31
23.799999999995634	7
24.69999999999709	17
24.69999999999709	73
24.69999999999709	53
24.799999999995634	20
24.799999999995634	19
24.799999999995634	51
24.799999999995634	45
24.799999999995634	66
24.89999999999418	5
25.0	46
25.0	9
25.0	13
25.0	33
25.0	55
25.0	40
25.0	52
25.0	96
25.099999999998545	83
25.799999999995634	31
25.799999999995634	7
25.89999999999418	81
26.799999999995634	19
26.799999999995634	51
26.89999999999418	59
26.89999999999418	93
26.89999999999418	45
26.89999999999418	73
26.89999999999418	62
26.89999999999418	5
27.099999999998545	83
27.099999999998545	9
27.099999999998545	55
27.099999999998545	96
27.099999999998545	33
27.099999999998545	82
27.299999999995634	13
27.89999999999418	81
27.89999999999418	31
27.89999999999418	7
28.5	100
28.799999999995634	76
28.799999999995634	84
28.799999999995634	51
28.89999999999418	57
28.89999999999418	59
28.89999999999418	45
28.89999999999418	5
29.0	40
29.0	26
29.0	15
29.099999999998545	23
29.099999999998545	66
29.099999999998545	2
29.099999999998545	62
29.099999999998545	96
29.39999999999418	83
29.599999999998545	85
29.89999999999418	55
29.5	1
30.39999999999418	31
30.599999999998545	100
30.799999999995634	13
30.89999999999418	51
30.89999999999418	59
31.0	84
31.0	40
31.099999999998545	66
31.099999999998545	15
32.099999999998545	35
31.39999999999418	25
31.39999999999418	19
31.39999999999418	23
31.5	85
31.599999999998545	62
32.0	31
33.69999999999709	67
33.69999999999709	9
33.69999999999709	2
33.69999999999709	66
33.69999999999709	85
33.69999999999709	62
33.69999999999709	1
33.69999999999709	59
33.69999999999709	49
33.69999999999709	40
33.69999999999709	55
33.69999999999709	33
33.69999999999709	51
33.69999999999709	83
33.69999999999709	27
33.69999999999709	84
33.69999999999709	100
33.69999999999709	23
33.799999999995634	19
35.099999999998545	31
34.89999999999418	33
34.89999999999418	100
34.89999999999418	2
35.0	27
35.0	84
35.0	51
35.0	52
35.69999999999709	49
35.799999999995634	40
35.799999999995634	66
36.0	23
36.0	55
36.0	25
36.099999999998545	19
35.299999999995634	46
35.299999999995634	1
35.299999999995634	83
35.299999999995634	85
36.5	31
36.5	7
36.69999999999709	33
36.69999999999709	100
37.0	2
37.099999999998545	84
37.099999999998545	15
37.099999999998545	51
37.299999999995634	40
37.299999999995634	62
37.299999999995634	49
37.299999999995634	9
37.299999999995634	66
37.299999999995634	55
37.39999999999418	25
37.39999999999418	26
37.39999999999418	83
37.39999999999418	27
37.39999999999418	1
37.5	23
38.299999999995634	31
38.69999999999709	6
38.69999999999709	33
39.099999999998545	13
39.099999999998545	52
39.099999999998545	84
39.099999999998545	51
39.099999999998545	2
39.39999999999418	62
39.39999999999418	57
39.39999999999418	46
39.39999999999418	40
39.39999999999418	19
39.39999999999418	66
39.5	5
39.599999999998545	85
39.599999999998545	25
40.299999999995634	59
40.299999999995634	95
40.39999999999418	7
40.89999999999418	82
41.099999999998545	15
41.39999999999418	13
41.299999999995634	86
41.299999999995634	2
41.299999999995634	81
41.299999999995634	33
41.39999999999418	92
41.39999999999418	84
41.39999999999418	41
41.39999999999418	17
41.39999999999418	28
41.39999999999418	40
41.5	25
41.5	5
41.5	9
41.5	36
42.299999999995634	95
42.39999999999418	57
43.69999999999709	15
43.299999999995634	2
43.299999999995634	59
43.299999999995634	84
43.299999999995634	45
43.299999999995634	51
43.299999999995634	65
43.299999999995634	13
43.39999999999418	81
43.39999999999418	68
43.39999999999418	100
43.39999999999418	96
43.39999999999418	40
43.5	83
43.5	85
43.5	66
43.5	19
44.39999999999418	31
45.299999999995634	51
45.299999999995634	2
45.39999999999418	53
45.39999999999418	55
45.39999999999418	68
45.39999999999418	15
45.39999999999418	93
45.39999999999418	82
45.39999999999418	13
45.39999999999418	65
45.5	50
45.5	45
45.5	85
45.5	46
45.5	40
45.5	57
45.5	20
45.5	19
45.5	5
45.599999999998545	100
45.599999999998545	92
45.799999999995634	67
46.39999999999418	59
46.39999999999418	95
47.599999999998545	40
47.599999999998545	11
47.599999999998545	86
47.599999999998545	83
47.599999999998545	33
47.69999999999709	36
47.69999999999709	50
48.299999999995634	82
48.299999999995634	66
48.299999999995634	55
48.299999999995634	16
48.299999999995634	13
48.299999999995634	57
48.299999999995634	15
48.299999999995634	25
48.39999999999418	19
48.39999999999418	9
48.39999999999418	93
48.39999999999418	95
48.599999999998545	65
48.799999999995634	2
49.39999999999418	59
49.39999999999418	15
49.69999999999709	55
49.69999999999709	41
49.69999999999709	2
49.69999999999709	36
49.799999999995634	76
49.799999999995634	33
49.799999999995634	62
49.799999999995634	45
49.799999999995634	81
49.799999999995634	27
50.5	3
50.5	67
50.5	19
50.5	85
50.599999999998545	60
50.599999999998545	40
50.599999999998545	31
50.599999999998545	8
50.89999999999418	82
51.39999999999418	65
51.5	76
51.5	66
51.599999999998545	13
51.599999999998545	15
51.599999999998545	93
51.599999999998545	49
51.599999999998545	2
51.599999999998545	33
51.69999999999709	40
51.69999999999709	82
51.69999999999709	8
51.69999999999709	20
51.69999999999709	67
51.799999999995634	19
51.799999999995634	41
51.89999999999418	62
52.5	9
52.5	36
52.599999999998545	95
53.5	90
53.599999999998545	66
53.599999999998545	15
53.599999999998545	13
53.599999999998545	55
53.599999999998545	3
53.599999999998545	86
53.69999999999709	96
53.69999999999709	46
53.69999999999709	2
53.799999999995634	25
53.799999999995634	57
53.799999999995634	77
53.799999999995634	50
53.799999999995634	40
54.0	49
54.599999999998545	93
54.599999999998545	85
54.69999999999709	95
55.5	33
55.599999999998545	55
55.599999999998545	13
55.69999999999709	45
55.69999999999709	15
55.69999999999709	82
55.69999999999709	36
55.69999999999709	60
55.69999999999709	3
55.69999999999709	66
55.69999999999709	59
55.799999999995634	8
55.799999999995634	40
55.799999999995634	20
55.799999999995634	57
56.299999999995634	22
56.599999999998545	58
56.599999999998545	9
56.599999999998545	26
56.599999999998545	16
57.599999999998545	46
57.599999999998545	33
57.599999999998545	83
57.599999999998545	13
57.69999999999709	45
57.69999999999709	25
57.69999999999709	7
57.69999999999709	93
57.69999999999709	66
57.69999999999709	36
57.69999999999709	15
57.69999999999709	2
57.69999999999709	60
57.69999999999709	31
57.69999999999709	55
57.799999999995634	35
57.799999999995634	3
57.89999999999418	77
57.89999999999418	22
58.099999999998545	40
58.599999999998545	85
58.69999999999709	57
58.69999999999709	81
59.69999999999709	93
59.69999999999709	33
59.69999999999709	15
59.69999999999709	83
59.69999999999709	45
59.69999999999709	66
59.69999999999709	51
59.69999999999709	82
59.799999999995634	65
59.799999999995634	55
59.799999999995634	13
59.799999999995634	59
59.799999999995634	3
59.89999999999418	95
59.89999999999418	40
59.89999999999418	22
60.0	8
60.0	41
60.799999999995634	25
60.799999999995634	85
60.799999999995634	49
60.799999999995634	57
61.599999999998545	8
61.69999999999709	55
61.69999999999709	33
61.799999999995634	15
61.799999999995634	20
61.799999999995634	45
61.799999999995634	66
61.799999999995634	36
62.39999999999418	60
62.39999999999418	40
62.39999999999418	13
63.0	25
63.0	26
63.0	3
63.0	57
63.0	73
63.0	31
63.0	9
63.0	23
64.0	37
63.299999999995634	22
63.69999999999709	8
63.799999999995634	33
63.799999999995634	37
63.799999999995634	41
63.799999999995634	73
63.799999999995634	68
63.799999999995634	55
63.799999999995634	15
63.799999999995634	93
63.799999999995634	90
63.799999999995634	45
63.89999999999418	60
63.89999999999418	66
63.89999999999418	3
63.89999999999418	36
63.89999999999418	95
64.0	40
64.09999999999854	22
64.79999999999563	96
64.89999999999418	23
64.89999999999418	85
64.89999999999418	57
65.79999999999563	50
65.79999999999563	33
65.79999999999563	83
65.89999999999418	55
65.89999999999418	15
65.89999999999418	13
65.89999999999418	45
65.89999999999418	19
65.89999999999418	53
65.89999999999418	3
65.89999999999418	66
65.89999999999418	60
65.89999999999418	95
65.89999999999418	36
65.89999999999418	17
65.89999999999418	73
65.89999999999418	31
65.89999999999418	20
66.09999999999854	40
66.5	22
66.59999999999854	37
66.79999999999563	25
67.0	8
67.29999999999563	57
67.89999999999418	83
68.0	61
68.0	1
68.0	20
68.0	68
68.0	15
68.0	31
68.0	9
68.0	55
68.0	82
68.0	95
68.0	36
68.0	41
68.0	66
68.0	52
68.09999999999854	65
68.09999999999854	45
68.09999999999854	59
68.09999999999854	19
68.09999999999854	3
68.29999999999563	60
69.0	40
68.29999999999563	22
68.89999999999418	25
68.89999999999418	70
68.89999999999418	71
69.0	50
70.0	46
70.0	55
70.0	43
70.0	67
70.09999999999854	3
70.09999999999854	13
70.09999999999854	45
70.09999999999854	81
70.09999999999854	37
70.09999999999854	19
70.09999999999854	51
70.09999999999854	9
70.09999999999854	59
71.0	66
71.0	17
71.0	14
70.29999999999563	60
71.0	57
71.0	40
71.59999999999854	71
71.59999999999854	70
71.59999999999854	22
72.0	95
72.09999999999854	46
72.09999999999854	29
72.09999999999854	44
72.09999999999854	65
72.09999999999854	41
72.09999999999854	37
72.09999999999854	3
72.09999999999854	61
72.29999999999563	25
72.39999999999418	55
72.79999999999563	67
72.29999999999563	53
72.29999999999563	14
72.29999999999563	45
72.29999999999563	66
72.29999999999563	17
72.39999999999418	82
72.39999999999418	15
72.39999999999418	19
73.0	22
73.0	81
73.09999999999854	70
73.09999999999854	40
74.09999999999854	59
74.09999999999854	8
74.5	51
74.69999999999709	67
74.29999999999563	55
74.39999999999418	3
74.39999999999418	65
74.39999999999418	61
74.5	2
74.5	13
74.59999999999854	31
74.59999999999854	9
74.59999999999854	25
74.59999999999854	71
74.29999999999563	54
74.29999999999563	66
74.39999999999418	15
75.09999999999854	22
75.09999999999854	57
75.09999999999854	58
75.09999999999854	60
75.39999999999418	20
75.5	88
76.09999999999854	59
76.09999999999854	46
76.29999999999563	26
77.0	13
77.0	3
77.0	95
77.0	25
77.09999999999854	100
77.09999999999854	41
76.29999999999563	51
76.29999999999563	83
76.29999999999563	33
76.39999999999418	45
76.39999999999418	65
76.39999999999418	9
76.39999999999418	2
77.09999999999854	60
77.09999999999854	61
77.09999999999854	66
77.09999999999854	22
78.0	14
78.0	34
78.09999999999854	88
77.39999999999418	71
77.59999999999854	81
78.39999999999418	59
78.29999999999563	83
78.29999999999563	16
78.29999999999563	9
78.29999999999563	61
78.29999999999563	50
78.29999999999563	2
78.29999999999563	13
78.29999999999563	71
78.29999999999563	41
78.29999999999563	25
78.29999999999563	3
78.39999999999418	55
78.39999999999418	100
78.39999999999418	49
78.39999999999418	58
78.39999999999418	51
78.39999999999418	77
78.39999999999418	26
79.69999999999709	14
79.69999999999709	27
79.79999999999563	17
79.79999999999563	95
79.79999999999563	66
80.0	70
79.29999999999563	81
80.29999999999563	9
80.29999999999563	59
80.29999999999563	2
80.29999999999563	83
80.29999999999563	53
80.29999999999563	55
80.29999999999563	61
80.29999999999563	67
80.39999999999418	3
80.39999999999418	13
80.39999999999418	45
80.39999999999418	100
80.39999999999418	58
80.39999999999418	25
80.39999999999418	54
81.79999999999563	92
82.0	17
81.39999999999418	81
81.5	27
81.5	15
82.09999999999854	71
83.0	88
83.0	70
82.29999999999563	22
82.39999999999418	49
82.39999999999418	53
82.39999999999418	9
82.39999999999418	44
82.39999999999418	55
82.39999999999418	2
82.39999999999418	46
82.39999999999418	95
82.39999999999418	25
82.39999999999418	3
82.39999999999418	100
82.39999999999418	61
82.5	45
84.39999999999418	14
84.39999999999418	54
84.39999999999418	81
84.39999999999418	59
84.39999999999418	70
85.0	8
85.0	71
85.0	27
85.0	88
85.0	2
85.0	53
85.0	55
85.0	85
85.09999999999854	67
85.09999999999854	100
85.09999999999854	26
85.09999999999854	66
85.09999999999854	58
85.09999999999854	3
85.09999999999854	22
85.29999999999563	13
85.29999999999563	15
85.29999999999563	27
85.5	16
85.5	66
85.59999999999854	88
85.59999999999854	59
86.39999999999418	13
86.39999999999418	65
86.5	49
86.5	7
86.5	2
86.5	53
86.59999999999854	46
86.59999999999854	100
86.59999999999854	45
86.59999999999854	9
86.59999999999854	3
86.59999999999854	95
86.59999999999854	20
86.59999999999854	25
86.79999999999563	58
87.09999999999854	61
87.09999999999854	22
87.29999999999563	14
87.39999999999418	86
87.39999999999418	59
87.39999999999418	27
87.39999999999418	13
87.5	66
87.5	82
87.5	44
87.59999999999854	88
87.59999999999854	70
87.59999999999854	54
88.5	9
88.5	8
88.5	51
88.5	26
88.59999999999854	55
88.59999999999854	17
88.59999999999854	71
88.59999999999854	61
88.69999999999709	92
88.69999999999709	23
88.69999999999709	7
88.79999999999563	62
89.39999999999418	14
89.39999999999418	53
89.39999999999418	100
89.39999999999418	86
89.39999999999418	44
89.5	27
89.59999999999854	88
89.59999999999854	96
90.59999999999854	16
90.59999999999854	55
90.59999999999854	9
90.79999999999563	13
90.79999999999563	61
90.79999999999563	22
90.89999999999418	49
90.89999999999418	26
91.0	36
91.0	8
91.5	45
91.5	15
91.5	59
91.5	7
91.5	96
91.59999999999854	100
91.59999999999854	3
91.69999999999709	27
92.0	88
92.0	54
92.09999999999854	44
92.59999999999854	2
92.59999999999854	53
92.59999999999854	9
92.59999999999854	36
92.59999999999854	82
92.69999999999709	51
92.69999999999709	55
92.69999999999709	65
92.69999999999709	26
92.79999999999563	38
92.79999999999563	35
92.79999999999563	22
93.39999999999418	15
93.5	61
93.5	29
93.5	3
93.5	25
93.59999999999854	66
93.69999999999709	7
93.69999999999709	27
93.69999999999709	88
93.69999999999709	54
93.69999999999709	81
93.79999999999563	44
94.69999999999709	23
94.69999999999709	65
94.79999999999563	9
94.79999999999563	51
94.79999999999563	17
94.79999999999563	8
94.89999999999418	62
95.5	15
95.5	14
95.59999999999854	59
95.59999999999854	61
95.59999999999854	29
95.59999999999854	27
95.69999999999709	13
95.69999999999709	71
95.69999999999709	7
95.69999999999709	44
95.79999999999563	98
95.79999999999563	88
95.89999999999418	96
95.89999999999418	26
96.69999999999709	1
96.69999999999709	2
96.69999999999709	100
96.79999999999563	65
96.89999999999418	9
96.89999999999418	16
96.89999999999418	8
96.89999999999418	53
97.79999999999563	35
97.89999999999418	51
97.89999999999418	19
97.89999999999418	13
97.89999999999418	71
97.89999999999418	96
97.89999999999418	88
97.89999999999418	28
98.0	15
98.0	14
98.0	76
98.0	61
98.0	36
98.29999999999563	59
99.69999999999709	9
99.79999999999563	16
99.89999999999418	44
99.89999999999418	65
100.09999999999854	23
99.29999999999563	1
99.29999999999563	94
99.29999999999563	49
99.29999999999563	2
99.29999999999563	100
99.59999999999854	38
99.59999999999854	15
99.59999999999854	14
99.69999999999709	8
99.69999999999709	93
99.69999999999709	45
99.69999999999709	59
99.69999999999709	22
99.69999999999709	13
99.69999999999709	27
99.69999999999709	78
99.69999999999709	46
99.69999999999709	51
99.79999999999563	33
99.79999999999563	80
100.0	88
100.79999999999563	82
100.79999999999563	44
100.89999999999418	83
100.89999999999418	53
101.0	55
101.0	66
101.59999999999854	100
101.69999999999709	79
102.0	1
102.0	45
102.0	81
102.0	89
102.0	92
102.0	7
102.0	26
102.09999999999854	51
102.09999999999854	8
102.09999999999854	59
102.09999999999854	62
102.39999999999418	38
102.39999999999418	22
102.5	31
102.5	23
102.5	71
102.5	61
102.59999999999854	14
102.59999999999854	80
102.69999999999709	88
102.89999999999418	65
102.89999999999418	9
103.0	96
103.69999999999709	100
103.79999999999563	39
103.79999999999563	78
103.79999999999563	53
103.89999999999418	82
103.89999999999418	93
103.89999999999418	1
103.89999999999418	22
103.89999999999418	61
103.89999999999418	52
103.89999999999418	46
103.89999999999418	44
103.89999999999418	14
103.89999999999418	41
103.89999999999418	27
104.0	45
104.09999999999854	83
104.09999999999854	8
104.09999999999854	59
104.09999999999854	50
104.09999999999854	15
104.89999999999418	55
105.0	66
105.79999999999563	51
105.79999999999563	79
105.79999999999563	57
105.89999999999418	14
105.89999999999418	88
105.89999999999418	81
105.89999999999418	62
105.89999999999418	26
105.89999999999418	54
105.89999999999418	25
105.89999999999418	9
105.89999999999418	41
105.89999999999418	3
105.89999999999418	70
105.89999999999418	61
105.89999999999418	65
106.0	33
106.0	16
106.0	44
106.0	80
106.0	71
106.0	22
106.29999999999563	35
107.0	53
107.79999999999563	31
107.89999999999418	57
107.89999999999418	19
107.89999999999418	7
107.89999999999418	66
107.89999999999418	43
107.89999999999418	85
108.0	55
108.0	65
108.0	62
108.0	15
108.0	14
108.0	87
108.0	95
108.09999999999854	56
108.09999999999854	3
108.09999999999854	45
108.09999999999854	24
108.39999999999418	51
108.69999999999709	58
108.69999999999709	75
108.79999999999563	39
108.29999999999563	23
108.29999999999563	47
109.89999999999418	17
109.89999999999418	78
109.89999999999418	22
109.89999999999418	80
110.0	15
110.0	60
110.0	53
110.0	41
110.0	96
110.0	3
110.0	57
110.0	89
110.0	54
110.0	51
110.09999999999854	49
110.09999999999854	9
110.09999999999854	46
110.09999999999854	59
110.09999999999854	82
110.09999999999854	88
110.09999999999854	24
110.39999999999418	61
110.29999999999563	2
110.29999999999563	47
110.29999999999563	39
110.39999999999418	27
112.0	78
112.0	40
112.0	80
112.0	34
112.0	66
112.0	55
112.0	73
112.0	75
112.0	85
112.0	57
112.0	41
112.09999999999854	76
112.09999999999854	86
112.09999999999854	56
112.39999999999418	11
112.29999999999563	10
112.39999999999418	31
112.39999999999418	45
112.69999999999709	94
112.39999999999418	47
112.39999999999418	39
112.39999999999418	43
112.39999999999418	61
112.59999999999854	14
114.89999999999418	61
114.89999999999418	66
115.0	45
115.0	22
115.0	15
115.0	21
115.09999999999854	3
115.09999999999854	86
114.29999999999563	57
114.29999999999563	60
114.29999999999563	82
114.79999999999563	80
114.79999999999563	18
114.89999999999418	27
114.89999999999418	59
114.89999999999418	55
114.89999999999418	79
114.89999999999418	12
114.89999999999418	73
114.89999999999418	65
114.89999999999418	47
114.89999999999418	11
115.39999999999418	41
116.09999999999854	94
116.09999999999854	34
116.09999999999854	25
116.09999999999854	6
116.09999999999854	88
116.09999999999854	60
116.29999999999563	54
116.29999999999563	15
116.29999999999563	22
116.5	27
116.59999999999854	52
116.59999999999854	10
116.69999999999709	65
116.69999999999709	56
116.69999999999709	82
116.69999999999709	33
116.79999999999563	100
116.89999999999418	88
116.89999999999418	71
117.0	2
117.09999999999854	61
116.5	49
116.5	43
116.5	26
116.5	47
116.5	76
116.5	96
116.5	57
116.5	39
116.79999999999563	23
118.09999999999854	17
118.09999999999854	59
118.09999999999854	83
118.09999999999854	7
118.09999999999854	41
118.5	84
118.5	45
118.79999999999563	18
118.89999999999418	99
119.0	51
119.09999999999854	27
119.09999999999854	34
119.09999999999854	62
118.29999999999563	57
118.29999999999563	2
118.29999999999563	71
118.29999999999563	65
118.29999999999563	98
118.29999999999563	11
118.39999999999418	25
118.39999999999418	33
118.5	66
118.59999999999854	78
118.59999999999854	52
118.69999999999709	79
118.69999999999709	19
118.69999999999709	47
120.09999999999854	9
120.39999999999418	100
120.5	88
120.5	55
120.79999999999563	24
120.79999999999563	64
120.89999999999418	60
120.29999999999563	84
120.29999999999563	56
120.29999999999563	66
120.29999999999563	2
120.29999999999563	51
120.29999999999563	11
120.39999999999418	1
120.39999999999418	81
120.39999999999418	78
120.39999999999418	75
120.39999999999418	65
120.39999999999418	95
120.39999999999418	34
120.59999999999854	47
120.69999999999709	69
120.69999999999709	22
122.29999999999563	52
122.29999999999563	24
122.29999999999563	45
122.29999999999563	96
122.29999999999563	12
122.29999999999563	3
122.29999999999563	46
122.29999999999563	64
122.29999999999563	35
122.29999999999563	55
122.29999999999563	60
122.39999999999418	73
122.39999999999418	85
122.39999999999418	81
122.39999999999418	100
122.39999999999418	2
122.5	97
122.5	80
122.5	34
122.5	11
122.5	57
122.5	7
122.69999999999709	39
122.69999999999709	47
122.89999999999418	22
123.09999999999854	88
123.89999999999418	37
124.29999999999563	46
124.29999999999563	31
124.29999999999563	60
124.29999999999563	51
124.29999999999563	74
124.29999999999563	66
124.29999999999563	88
124.29999999999563	57
124.39999999999418	96
124.39999999999418	3
124.39999999999418	82
124.39999999999418	15
124.39999999999418	27
124.39999999999418	61
124.39999999999418	78
124.39999999999418	62
124.5	45
124.5	81
124.5	22
124.5	4
124.5	34
124.5	41
124.5	24
124.69999999999709	83
124.69999999999709	56
124.79999999999563	43
124.79999999999563	39
126.29999999999563	12
126.29999999999563	95
126.29999999999563	78
126.29999999999563	17
126.39999999999418	21
126.39999999999418	79
126.39999999999418	80
126.39999999999418	77
126.39999999999418	60
126.39999999999418	47
126.39999999999418	54
126.39999999999418	88
126.5	15
126.5	84
126.59999999999854	44
126.59999999999854	34
126.69999999999709	99
126.69999999999709	75
126.79999999999563	11
126.79999999999563	61
126.79999999999563	39
126.79999999999563	67
126.79999999999563	57
127.0	22
127.09999999999854	83
128.29999999999563	59
128.29999999999563	7
128.39999999999418	95
128.39999999999418	78
128.39999999999418	86
128.39999999999418	3
129.0	45
129.0	54
129.0	22
129.0	11
129.0	71
129.0	64
129.0	96
129.0	65
129.09999999999854	80
129.09999999999854	15
129.6999999999971	1
129.6999999999971	76
129.6999999999971	25
129.6999999999971	33
129.6999999999971	62
129.6999999999971	17
129.79999999999563	60
129.79999999999563	100
129.79999999999563	93
129.89999999999418	35
129.89999999999418	41
130.0	34
130.79999999999563	43
130.29999999999563	88
130.39999999999418	81
130.39999999999418	2
130.39999999999418	86
130.5	5
130.5	3
130.5	60
130.5	45
130.5	95
130.5	100
130.5	61
130.5	66
130.5	47
130.5	32
130.5	39
130.5	27
130.5	21
130.5	88
130.5	54
130.5	18
130.5	12
130.5	76
130.5	79
130.59999999999854	7
130.59999999999854	69
130.59999999999854	77
130.59999999999854	43
130.59999999999854	15
130.59999999999854	34
130.6999999999971	11
130.6999999999971	41
130.6999999999971	56
132.5	32
132.5	95
132.5	1
132.59999999999854	85
132.59999999999854	33
132.59999999999854	19
132.59999999999854	86
132.59999999999854	62
132.59999999999854	45
132.59999999999854	77
132.59999999999854	5
132.59999999999854	96
132.59999999999854	4
132.59999999999854	76
132.59999999999854	53
132.6999999999971	93
132.6999999999971	15
132.6999999999971	60
132.6999999999971	100
132.6999999999971	34
132.6999999999971	57
132.79999999999563	59
133.09999999999854	71
133.09999999999854	61
133.09999999999854	43
133.59999999999854	37
134.5	81
134.5	18
134.59999999999854	99
134.59999999999854	3
134.59999999999854	93
134.59999999999854	12
134.59999999999854	17
134.59999999999854	56
134.59999999999854	2
134.59999999999854	95
134.59999999999854	96
134.59999999999854	43
134.6999999999971	42
134.6999999999971	9
134.6999999999971	41
134.6999999999971	82
134.6999999999971	79
134.6999999999971	15
134.6999999999971	45
134.79999999999563	72
134.79999999999563	71
134.79999999999563	77
134.79999999999563	63
136.59999999999854	78
136.59999999999854	80
136.59999999999854	100
136.59999999999854	4
136.59999999999854	62
136.59999999999854	11
136.59999999999854	20
136.59999999999854	3
136.59999999999854	81
136.6999999999971	86
136.6999999999971	89
136.6999999999971	49
136.6999999999971	27
136.6999999999971	46
136.6999999999971	71
136.79999999999563	61
136.79999999999563	43
136.79999999999563	66
136.79999999999563	28
136.79999999999563	15
136.79999999999563	70
136.79999999999563	56
136.79999999999563	96
136.79999999999563	64
136.79999999999563	24
136.79999999999563	57
136.89999999999418	12
138.59999999999854	2
138.59999999999854	55
138.59999999999854	59
138.59999999999854	3
138.6999999999971	60
138.6999999999971	100
138.6999999999971	78
138.6999999999971	41
138.6999999999971	45
138.6999999999971	80
138.79999999999563	81
138.79999999999563	31
138.79999999999563	54
138.79999999999563	9
138.79999999999563	4
138.79999999999563	20
138.79999999999563	63
138.79999999999563	12
138.79999999999563	42
138.89999999999418	43
138.89999999999418	86
138.89999999999418	96
138.89999999999418	15
138.89999999999418	53
138.89999999999418	65
138.89999999999418	8
138.89999999999418	34
138.89999999999418	17
140.59999999999854	21
140.6999999999971	77
140.6999999999971	3
140.6999999999971	88
140.6999999999971	79
140.6999999999971	40
140.79999999999563	56
140.79999999999563	45
140.79999999999563	12
140.89999999999418	81
140.89999999999418	1
140.89999999999418	4
140.89999999999418	16
140.89999999999418	64
140.89999999999418	61
140.89999999999418	72
140.89999999999418	76
140.89999999999418	22
140.89999999999418	15
140.89999999999418	42
141.0	54
141.0	100
141.0	43
141.09999999999854	46
141.09999999999854	13
141.89999999999418	95
142.6999999999971	86
142.6999999999971	59
142.6999999999971	96
142.79999999999563	27
142.79999999999563	65
142.79999999999563	61
142.89999999999418	55
142.89999999999418	87
142.89999999999418	2
142.89999999999418	76
142.89999999999418	3
142.89999999999418	41
142.89999999999418	4
142.89999999999418	93
142.89999999999418	50
142.89999999999418	9
142.89999999999418	79
142.89999999999418	47
142.89999999999418	11
143.0	5
143.0	46
143.0	60
143.0	15
143.09999999999854	13
143.59999999999854	22
143.79999999999563	54
144.79999999999563	66
144.79999999999563	95
144.79999999999563	96
145.39999999999418	99
145.39999999999418	2
145.39999999999418	93
145.39999999999418	17
145.39999999999418	59
145.39999999999418	32
145.39999999999418	61
145.39999999999418	27
145.39999999999418	77
145.39999999999418	33
145.5	9
145.5	4
145.5	81
145.5	54
145.5	57
145.5	3
145.5	65
145.5	56
145.59999999999854	15
145.59999999999854	64
145.6999999999971	87
147.09999999999854	38
147.09999999999854	84
147.09999999999854	36
147.09999999999854	43
147.09999999999854	46
147.09999999999854	88
147.09999999999854	54
147.09999999999854	2
147.09999999999854	81
147.09999999999854	32
147.09999999999854	95
147.09999999999854	93
147.09999999999854	31
147.09999999999854	100
147.09999999999854	47
147.09999999999854	27
147.09999999999854	24
147.09999999999854	17
147.09999999999854	60
147.29999999999563	58
147.5	61
147.6999999999971	34
147.79999999999563	14
147.29999999999563	59
147.39999999999418	57
147.6999999999971	4
148.89999999999418	33
148.89999999999418	64
148.89999999999418	95
148.89999999999418	24
149.0	43
149.0	66
149.0	31
149.0	84
149.0	1
149.0	100
149.0	59
149.0	46
149.0	37
149.0	49
149.0	50
149.0	4
149.09999999999854	38
149.09999999999854	74
149.09999999999854	60
149.09999999999854	32
149.09999999999854	88
149.09999999999854	57
149.09999999999854	58
149.09999999999854	56
149.5	36
149.79999999999563	62
149.29999999999563	15
150.89999999999418	27
151.0	64
151.0	61
151.0	10
151.09999999999854	24
151.09999999999854	66
151.09999999999854	76
151.09999999999854	1
151.09999999999854	35
151.79999999999563	92
152.0	97
151.29999999999563	99
151.29999999999563	45
151.29999999999563	3
151.29999999999563	39
151.39999999999418	56
151.39999999999418	38
151.89999999999418	15
152.09999999999854	26
151.29999999999563	57
151.29999999999563	17
151.29999999999563	13
151.29999999999563	100
151.29999999999563	37
151.29999999999563	59
151.5	85
151.59999999999854	2
153.09999999999854	31
153.09999999999854	27
153.09999999999854	2
153.09999999999854	79
153.09999999999854	88
153.09999999999854	21
153.09999999999854	62
153.09999999999854	11
153.29999999999563	17
153.29999999999563	85
153.29999999999563	39
153.39999999999418	52
153.59999999999854	42
153.59999999999854	92
153.59999999999854	1
153.59999999999854	76
153.6999999999971	59
153.79999999999563	37
153.89999999999418	33
153.29999999999563	57
153.29999999999563	47
153.29999999999563	45
153.39999999999418	60
155.09999999999854	95
155.09999999999854	15
156.0	2
155.29999999999563	100
155.29999999999563	42
155.39999999999418	64
155.39999999999418	7
155.39999999999418	99
155.6999999999971	3
155.6999999999971	16
156.0	85
156.0	38
156.0	37
156.0	34
156.09999999999854	4
156.09999999999854	71
156.09999999999854	97
156.09999999999854	68
156.09999999999854	59
155.29999999999563	22
155.29999999999563	1
155.29999999999563	55
155.29999999999563	76
155.29999999999563	21
155.29999999999563	13
155.29999999999563	57
155.5	31
157.09999999999854	27
157.09999999999854	43
157.09999999999854	28
157.5	17
157.29999999999563	42
157.39999999999418	18
157.39999999999418	22
158.09999999999854	54
157.29999999999563	80
157.29999999999563	19
157.29999999999563	15
157.29999999999563	98
157.29999999999563	95
157.29999999999563	24
157.29999999999563	64
157.29999999999563	3
157.39999999999418	96
157.39999999999418	76
157.39999999999418	56
157.39999999999418	88
157.39999999999418	38
157.39999999999418	86
157.39999999999418	59
157.39999999999418	57
157.39999999999418	79
157.5	37
157.5	21
157.5	50
159.29999999999563	64
159.6999999999971	46
159.29999999999563	16
159.29999999999563	97
159.29999999999563	79
159.29999999999563	100
159.29999999999563	66
159.29999999999563	3
159.39999999999418	15
159.39999999999418	7
159.39999999999418	96
159.39999999999418	4
159.39999999999418	56
159.39999999999418	81
159.39999999999418	45
159.39999999999418	92
159.39999999999418	24
159.39999999999418	95
159.39999999999418	59
159.39999999999418	85
159.39999999999418	17
159.39999999999418	86
160.59999999999854	61
160.6999999999971	22
160.6999999999971	38
160.6999999999971	43
160.79999999999563	54
161.89999999999418	63
162.0	64
161.29999999999563	57
161.29999999999563	43
161.29999999999563	19
161.29999999999563	13
161.29999999999563	9
161.39999999999418	42
161.39999999999418	50
161.39999999999418	37
161.39999999999418	80
161.39999999999418	84
161.39999999999418	53
161.39999999999418	56
161.39999999999418	28
161.39999999999418	100
161.39999999999418	79
161.39999999999418	38
161.39999999999418	17
161.39999999999418	15
161.39999999999418	95
161.5	86
161.5	31
161.5	21
163.29999999999563	49
163.39999999999418	82
163.39999999999418	57
163.39999999999418	3
163.39999999999418	46
163.39999999999418	76
163.39999999999418	68
163.39999999999418	96
164.09999999999854	64
164.09999999999854	71
164.09999999999854	61
164.6999999999971	41
164.6999999999971	22
164.6999999999971	11
164.79999999999563	19
164.89999999999418	95
164.89999999999418	65
164.89999999999418	77
165.0	45
165.09999999999854	88
165.09999999999854	37
164.39999999999418	63
164.39999999999418	42
164.39999999999418	56
164.5	12
164.5	48
164.5	79
164.6999999999971	1
164.6999999999971	43
165.29999999999563	59
165.39999999999418	69
165.39999999999418	60
165.5	92
165.5	85
165.5	19
165.5	15
165.5	31
165.5	93
165.59999999999854	42
165.59999999999854	100
165.59999999999854	38
165.59999999999854	2
165.59999999999854	4
165.59999999999854	9
165.59999999999854	1
165.59999999999854	17
165.59999999999854	56
165.59999999999854	74
165.59999999999854	73
165.59999999999854	45
165.59999999999854	65
165.59999999999854	41
165.6999999999971	52
165.6999999999971	64
165.79999999999563	46
167.5	22
167.5	20
167.5	13
167.59999999999854	33
167.59999999999854	34
167.59999999999854	92
167.59999999999854	7
167.59999999999854	100
167.59999999999854	57
167.59999999999854	37
167.59999999999854	59
167.59999999999854	54
167.59999999999854	79
167.59999999999854	50
167.59999999999854	85
167.59999999999854	31
167.59999999999854	82
167.6999999999971	39
167.6999999999971	78
167.6999999999971	24
167.6999999999971	4
167.6999999999971	47
167.6999999999971	80
167.6999999999971	21
167.6999999999971	86
167.6999999999971	10
168.0	15
168.09999999999854	69
169.09999999999854	87
169.39999999999418	13
169.39999999999418	45
169.59999999999854	9
169.59999999999854	42
169.59999999999854	80
169.59999999999854	74
169.6999999999971	86
169.6999999999971	76
169.6999999999971	79
169.6999999999971	28
169.6999999999971	51
169.6999999999971	27
169.6999999999971	84
169.6999999999971	59
169.79999999999563	95
169.79999999999563	64
169.79999999999563	21
169.79999999999563	19
169.79999999999563	10
169.79999999999563	41
169.79999999999563	39
169.79999999999563	63
170.0	22
170.0	38
170.59999999999854	54
170.59999999999854	37
171.59999999999854	60
171.59999999999854	37
171.59999999999854	66
171.59999999999854	96
171.59999999999854	38
171.59999999999854	9
171.6999999999971	65
171.6999999999971	25
171.6999999999971	34
171.6999999999971	51
171.79999999999563	20
171.79999999999563	77
171.79999999999563	86
171.79999999999563	58
171.79999999999563	97
171.79999999999563	24
171.79999999999563	10
171.79999999999563	82
171.79999999999563	42
171.89999999999418	43
171.89999999999418	35
171.89999999999418	87
171.89999999999418	74
171.89999999999418	4
171.89999999999418	54
171.89999999999418	92
171.89999999999418	78
171.89999999999418	39
171.89999999999418	33
172.59999999999854	21
173.59999999999854	59
173.59999999999854	96
173.6999999999971	62
173.6999999999971	45
173.6999999999971	60
173.6999999999971	37
173.6999999999971	76
173.6999999999971	65
173.79999999999563	78
173.79999999999563	38
173.79999999999563	51
173.79999999999563	53
173.79999999999563	42
173.79999999999563	82
173.89999999999418	3
173.89999999999418	63
173.89999999999418	35
173.89999999999418	22
173.89999999999418	24
173.89999999999418	33
173.89999999999418	39
173.89999999999418	9
173.89999999999418	79
174.09999999999854	47
174.09999999999854	4
175.09999999999854	80
175.6999999999971	60
175.6999999999971	21
175.6999999999971	57
175.6999999999971	80
175.6999999999971	59
176.29999999999563	27
176.29999999999563	55
176.29999999999563	48
176.29999999999563	38
176.29999999999563	54
176.29999999999563	76
176.29999999999563	64
176.29999999999563	96
176.29999999999563	29
176.29999999999563	3
176.29999999999563	82
176.29999999999563	63
176.29999999999563	7
176.29999999999563	99
176.29999999999563	45
176.29999999999563	9
176.29999999999563	24
176.29999999999563	70
176.29999999999563	18
176.29999999999563	61
176.29999999999563	37
176.29999999999563	51
176.29999999999563	39
176.39999999999418	28
176.5	88
176.5	2
176.59999999999854	58
176.89999999999418	32
177.6999999999971	78
177.6999999999971	57
177.79999999999563	22
177.79999999999563	59
177.79999999999563	95
177.79999999999563	4
177.79999999999563	66
177.89999999999418	23
177.89999999999418	79
177.89999999999418	99
177.89999999999418	64
178.0	2
178.0	82
178.0	51
178.0	92
178.09999999999854	54
178.09999999999854	87
178.09999999999854	33
178.09999999999854	3
178.09999999999854	9
178.09999999999854	13
178.09999999999854	37
178.09999999999854	34
178.09999999999854	60
178.09999999999854	58
178.39999999999418	14
179.89999999999418	73
179.89999999999418	96
179.89999999999418	78
179.89999999999418	59
179.89999999999418	57
179.89999999999418	85
180.0	79
180.0	72
180.0	7
180.0	95
180.0	65
180.0	60
180.0	82
180.0	53
180.0	92
180.09999999999854	17
180.09999999999854	2
180.09999999999854	76
180.09999999999854	58
180.09999999999854	3
180.09999999999854	13
180.29999999999563	5
181.5	37
181.89999999999418	86
181.89999999999418	57
181.89999999999418	84
181.89999999999418	15
181.89999999999418	90
181.89999999999418	54
181.89999999999418	51
182.0	7
182.0	61
182.0	63
182.0	87
182.0	62
182.09999999999854	68
182.09999999999854	31
182.09999999999854	22
182.09999999999854	44
182.09999999999854	76
182.09999999999854	37
182.09999999999854	79
182.09999999999854	46
182.29999999999563	96
182.39999999999418	18
182.39999999999418	32
182.6999999999971	56
182.79999999999563	12
182.29999999999563	16
182.29999999999563	38
182.29999999999563	74
182.29999999999563	10
182.29999999999563	100
183.89999999999418	59
184.0	84
184.0	13
184.0	34
184.09999999999854	35
184.09999999999854	87
184.09999999999854	1
184.09999999999854	25
184.09999999999854	65
184.09999999999854	19
184.39999999999418	50
184.29999999999563	10
184.29999999999563	98
184.29999999999563	28
184.79999999999563	53
184.79999999999563	81
184.79999999999563	92
185.0	93
185.0	78
185.09999999999854	52
185.09999999999854	24
184.29999999999563	31
184.29999999999563	37
184.39999999999418	71
184.39999999999418	100
186.0	90
186.0	84
186.09999999999854	59
186.09999999999854	6
186.09999999999854	7
186.09999999999854	44
187.09999999999854	19
186.29999999999563	57
186.59999999999854	34
186.6999999999971	24
186.6999999999971	39
186.6999999999971	23
187.09999999999854	43
187.09999999999854	60
186.29999999999563	3
186.29999999999563	5
186.29999999999563	100
186.29999999999563	28
186.29999999999563	53
186.29999999999563	54
186.39999999999418	64
188.0	49
188.0	4
188.09999999999854	66
188.09999999999854	86
188.09999999999854	78
188.09999999999854	73
188.09999999999854	6
188.09999999999854	93
188.5	81
188.29999999999563	33
188.29999999999563	82
188.29999999999563	43
188.29999999999563	60
188.29999999999563	36
188.29999999999563	24
188.29999999999563	17
188.29999999999563	74
188.29999999999563	61
188.29999999999563	42
188.29999999999563	34
188.39999999999418	95
188.39999999999418	99
188.39999999999418	58
188.39999999999418	57
188.5	53
188.5	84
188.5	45
188.79999999999563	64
188.89999999999418	100
190.39999999999418	86
190.59999999999854	90
190.29999999999563	20
190.29999999999563	10
190.29999999999563	95
190.29999999999563	96
190.29999999999563	57
190.39999999999418	63
190.39999999999418	93
190.39999999999418	18
190.39999999999418	1
190.39999999999418	60
190.39999999999418	56
190.39999999999418	5
190.39999999999418	17
190.39999999999418	99
190.39999999999418	4
190.39999999999418	64
190.39999999999418	32
190.39999999999418	67
190.59999999999854	88
190.59999999999854	61
190.59999999999854	37
190.6999999999971	54
192.89999999999418	75
192.89999999999418	37
192.89999999999418	24
192.89999999999418	15
192.89999999999418	76
192.89999999999418	19
192.89999999999418	33
192.89999999999418	82
192.89999999999418	100
192.89999999999418	60
192.89999999999418	85
192.89999999999418	90
192.89999999999418	3
192.89999999999418	54
192.89999999999418	35
192.89999999999418	26
192.89999999999418	59
192.89999999999418	99
193.0	86
193.0	66
193.0	25
193.0	78
193.0	11
193.0	14
194.29999999999563	9
194.29999999999563	100
194.29999999999563	52
194.29999999999563	59
194.29999999999563	45
194.39999999999418	67
194.39999999999418	74
194.39999999999418	12
194.39999999999418	22
194.39999999999418	61
194.39999999999418	53
194.39999999999418	8
194.39999999999418	95
194.39999999999418	66
194.39999999999418	82
194.39999999999418	19
194.39999999999418	57
194.5	87
194.5	84
194.5	6
194.5	7
194.5	4
194.5	27
194.5	93
194.59999999999854	32
194.6999999999971	79
196.6999999999971	86
196.29999999999563	50
196.29999999999563	100
196.39999999999418	49
196.39999999999418	78
196.5	76
196.5	58
196.5	3
196.5	23
196.5	32
196.59999999999854	60
196.59999999999854	14
196.59999999999854	42
196.59999999999854	37
196.59999999999854	63
196.59999999999854	38
196.59999999999854	41
196.59999999999854	57
196.59999999999854	29
196.59999999999854	44
196.59999999999854	7
196.59999999999854	35
196.6999999999971	92
196.6999999999971	79
196.79999999999563	27
196.79999999999563	95
197.09999999999854	24
199.0	1
198.39999999999418	87
198.39999999999418	59
198.39999999999418	13
198.5	17
198.5	79
198.5	93
198.5	76
198.5	3
198.5	16
198.5	68
198.5	88
198.59999999999854	84
198.59999999999854	95
198.59999999999854	66
198.59999999999854	65
198.59999999999854	21
198.59999999999854	67
198.59999999999854	52
198.59999999999854	71
198.59999999999854	35
198.6999999999971	26
198.6999999999971	7
198.6999999999971	46
198.6999999999971	38
198.6999999999971	34
198.6999999999971	37
198.6999999999971	53
198.6999999999971	85
198.79999999999563	4
198.89999999999418	89
199.0	2
200.39999999999418	5
200.5	93
200.5	74
200.5	31
200.59999999999854	33
200.59999999999854	78
200.59999999999854	16
200.59999999999854	57
200.59999999999854	19
200.59999999999854	84
200.59999999999854	35
200.6999999999971	87
200.6999999999971	59
200.6999999999971	100
200.6999999999971	27
200.6999999999971	46
200.6999999999971	79
200.6999999999971	62
200.6999999999971	42
201.09999999999854	61
201.09999999999854	43
201.09999999999854	44
201.09999999999854	38
202.09999999999854	37
202.5	48
202.5	86
202.59999999999854	3
202.59999999999854	24
202.59999999999854	93
202.6999999999971	99
202.6999999999971	60
202.6999999999971	49
202.6999999999971	63
202.6999999999971	67
202.6999999999971	89
202.6999999999971	35
202.6999999999971	32
202.6999999999971	95
202.6999999999971	85
202.6999999999971	57
202.6999999999971	4
202.6999999999971	100
202.79999999999563	34
202.79999999999563	23
202.79999999999563	65
202.79999999999563	77
202.79999999999563	44
202.79999999999563	41
202.79999999999563	69
203.0	59
203.09999999999854	52
204.5	53
204.59999999999854	87
204.59999999999854	84
204.6999999999971	13
204.6999999999971	26
204.6999999999971	93
204.6999999999971	2
204.6999999999971	33
204.6999999999971	66
204.6999999999971	95
204.6999999999971	7
204.79999999999563	16
204.79999999999563	74
204.79999999999563	10
204.79999999999563	35
204.79999999999563	71
204.79999999999563	46
204.79999999999563	1
204.79999999999563	79
204.79999999999563	78
204.79999999999563	3
204.79999999999563	37
204.79999999999563	27
204.79999999999563	65
204.89999999999418	100
206.6999999999971	9
206.79999999999563	93
206.79999999999563	76
207.59999999999854	34
207.59999999999854	2
207.59999999999854	17
207.59999999999854	60
207.59999999999854	87
207.59999999999854	98
207.59999999999854	37
207.59999999999854	27
207.59999999999854	13
207.59999999999854	82
207.59999999999854	33
207.6999999999971	31
207.6999999999971	7
207.6999999999971	61
207.6999999999971	26
207.6999999999971	48
207.6999999999971	79
207.6999999999971	18
207.79999999999563	84
207.79999999999563	20
207.89999999999418	62
207.89999999999418	78
208.0	51
208.09999999999854	65
208.6999999999971	86
208.79999999999563	74
208.79999999999563	3
208.79999999999563	59
208.79999999999563	50
208.79999999999563	97
208.79999999999563	85
208.79999999999563	35
208.79999999999563	84
208.79999999999563	54
208.79999999999563	6
208.79999999999563	22
208.79999999999563	38
208.79999999999563	23
208.79999999999563	18
208.79999999999563	100
208.89999999999418	96
208.89999999999418	26
208.89999999999418	15
208.89999999999418	67
209.0	92
209.0	63
209.09999999999854	78
209.09999999999854	42
209.39999999999418	79
209.5	80
210.89999999999418	6
210.89999999999418	97
210.89999999999418	3
210.89999999999418	21
211.0	84
211.0	99
211.0	5
211.0	4
211.0	60
211.0	95
211.0	53
211.0	63
211.0	27
211.0	79
211.0	2
211.0	59
211.0	96
211.0	7
211.0	39
211.0	68
211.0	73
211.0	83
211.09999999999854	57
211.09999999999854	38
211.09999999999854	71
211.29999999999563	37
211.29999999999563	54
211.29999999999563	9
211.5	18
212.89999999999418	44
212.89999999999418	93
212.89999999999418	88
212.89999999999418	3
212.89999999999418	71
212.89999999999418	31
213.0	85
213.0	9
213.0	100
213.0	59
213.0	60
213.0	84
213.0	34
213.0	78
213.0	37
213.0	47
213.0	65
213.09999999999854	42
213.09999999999854	87
213.09999999999854	19
213.09999999999854	38
213.09999999999854	6
213.09999999999854	57
213.5	76
214.79999999999563	62
214.89999999999418	98
214.89999999999418	93
214.89999999999418	33
215.09999999999854	26
215.09999999999854	36
215.09999999999854	48
215.09999999999854	82
215.09999999999854	10
215.09999999999854	57
215.09999999999854	60
215.09999999999854	67
215.09999999999854	31
215.09999999999854	27
215.09999999999854	41
215.09999999999854	22
215.09999999999854	88
215.09999999999854	39
215.09999999999854	3
215.09999999999854	65
215.09999999999854	37
215.09999999999854	84
215.09999999999854	83
215.09999999999854	11
215.09999999999854	86
215.39999999999418	29
215.29999999999563	44
215.29999999999563	76
215.39999999999418	80
217.0	62
217.0	42
217.0	93
217.0	79
217.0	92
217.0	52
217.0	31
217.09999999999854	77
217.09999999999854	84
217.09999999999854	17
217.09999999999854	82
217.09999999999854	10
217.09999999999854	90
217.09999999999854	5
217.09999999999854	56
217.09999999999854	29
217.09999999999854	80
217.09999999999854	27
217.09999999999854	85
217.09999999999854	38
217.89999999999418	37
217.89999999999418	3
218.0	95
218.0	76
218.0	39
217.29999999999563	22
217.29999999999563	23
217.5	87
219.0	18
219.09999999999854	58
219.09999999999854	1
219.09999999999854	7
219.09999999999854	46
219.09999999999854	17
219.09999999999854	41
219.09999999999854	16
219.09999999999854	79
219.09999999999854	10
219.09999999999854	93
219.09999999999854	48
219.09999999999854	31
219.59999999999854	85
219.6999999999971	38
219.6999999999971	3
219.79999999999563	65
219.79999999999563	60
219.79999999999563	88
219.89999999999418	87
219.89999999999418	37
219.29999999999563	39
219.29999999999563	99
219.29999999999563	76
219.29999999999563	96
219.39999999999418	53
221.0	42
221.09999999999854	95
221.09999999999854	84
221.09999999999854	53
221.09999999999854	27
221.29999999999563	21
221.29999999999563	56
221.39999999999418	3
221.39999999999418	92
221.59999999999854	96
221.59999999999854	31
221.59999999999854	11
221.6999999999971	2
221.79999999999563	13
221.79999999999563	67
221.89999999999418	65
222.09999999999854	1
222.09999999999854	85
221.29999999999563	23
221.29999999999563	10
221.39999999999418	39
221.39999999999418	29
221.39999999999418	61
221.39999999999418	90
221.39999999999418	38
221.39999999999418	62
221.5	37
221.5	88
221.59999999999854	79
223.09999999999854	7
223.09999999999854	34
223.09999999999854	41
223.89999999999418	22
224.09999999999854	18
223.6999999999971	63
223.89999999999418	78
223.89999999999418	93
224.0	2
224.09999999999854	3
224.09999999999854	84
224.09999999999854	44
224.09999999999854	31
223.29999999999563	49
223.29999999999563	83
223.29999999999563	90
223.29999999999563	13
223.29999999999563	65
223.29999999999563	100
223.29999999999563	79
223.29999999999563	88
223.29999999999563	85
223.29999999999563	87
223.39999999999418	37
223.39999999999418	46
223.39999999999418	60
223.39999999999418	92
225.59999999999854	37
225.59999999999854	27
225.59999999999854	9
225.59999999999854	10
225.59999999999854	18
225.59999999999854	13
225.59999999999854	65
225.59999999999854	42
225.59999999999854	35
225.59999999999854	82
225.6999999999971	96
225.6999999999971	67
225.6999999999971	84
225.6999999999971	92
225.6999999999971	4
225.6999999999971	48
225.6999999999971	31
225.6999999999971	93
225.6999999999971	79
225.6999999999971	53
225.6999999999971	3
225.6999999999971	74
225.6999999999971	1
225.79999999999563	50
225.79999999999563	38
225.89999999999418	11
226.0	87
227.59999999999854	54
227.59999999999854	48
227.59999999999854	1
227.59999999999854	41
227.59999999999854	96
227.59999999999854	4
227.59999999999854	3
227.59999999999854	18
227.59999999999854	93
227.6999999999971	57
227.6999999999971	42
227.6999999999971	79
227.6999999999971	67
227.6999999999971	85
227.6999999999971	100
227.6999999999971	58
227.6999999999971	13
227.6999999999971	34
227.6999999999971	5
227.6999999999971	17
227.6999999999971	50
227.6999999999971	11
227.6999999999971	38
227.6999999999971	80
227.6999999999971	78
227.6999999999971	21
227.79999999999563	83
227.79999999999563	88
227.79999999999563	37
228.0	84
229.29999999999563	4
229.29999999999563	76
229.5	27
229.5	24
229.5	85
229.5	17
229.5	28
229.5	52
229.5	23
229.5	62
229.5	84
229.5	88
229.5	35
229.5	37
229.5	79
229.5	38
229.5	92
229.5	60
229.5	18
229.59999999999854	99
229.59999999999854	10
229.59999999999854	65
229.59999999999854	3
229.89999999999418	22
229.89999999999418	71
230.0	83
230.0	2
230.09999999999854	1
230.6999999999971	67
230.29999999999563	78
231.29999999999563	4
231.39999999999418	93
231.39999999999418	63
231.39999999999418	34
231.5	58
231.5	60
231.5	46
231.5	3
231.5	23
231.59999999999854	99
231.59999999999854	42
231.59999999999854	61
231.59999999999854	32
231.59999999999854	18
231.59999999999854	87
231.59999999999854	85
231.59999999999854	37
231.6999999999971	31
231.6999999999971	67
231.6999999999971	16
231.6999999999971	52
231.6999999999971	17
231.6999999999971	43
231.79999999999563	78
231.79999999999563	92
231.79999999999563	54
233.39999999999418	2
233.39999999999418	65
233.39999999999418	10
233.39999999999418	34
233.39999999999418	93
233.5	38
233.5	22
233.5	14
233.59999999999854	48
233.59999999999854	61
233.59999999999854	46
233.59999999999854	3
233.59999999999854	4
233.59999999999854	18
233.59999999999854	42
233.6999999999971	67
233.6999999999971	37
233.6999999999971	78
233.6999999999971	83
233.6999999999971	17
233.6999999999971	1
233.6999999999971	99
233.6999999999971	89
233.79999999999563	100
233.89999999999418	23
234.0	79
235.5	38
235.5	65
235.5	73
235.5	2
235.5	76
235.5	58
235.5	92
235.5	53
235.59999999999854	34
235.59999999999854	87
235.59999999999854	3
235.59999999999854	22
235.6999999999971	59
235.6999999999971	26
235.6999999999971	62
235.6999999999971	96
235.6999999999971	18
235.6999999999971	35
235.6999999999971	84
235.6999999999971	11
235.6999999999971	99
235.6999999999971	23
235.79999999999563	17
235.79999999999563	79
235.79999999999563	67
235.79999999999563	37
235.79999999999563	39
235.89999999999418	89
237.5	42
237.5	27
237.5	38
237.5	88
237.5	78
237.59999999999854	84
237.6999999999971	85
237.6999999999971	39
237.6999999999971	18
237.6999999999971	26
237.6999999999971	2
237.6999999999971	92
237.6999999999971	93
237.6999999999971	31
237.6999999999971	8
237.79999999999563	4
237.79999999999563	58
237.79999999999563	10
237.79999999999563	46
237.79999999999563	37
237.79999999999563	3
237.79999999999563	79
237.79999999999563	22
237.89999999999418	99
237.89999999999418	67
237.89999999999418	71
238.0	16
239.59999999999854	58
239.59999999999854	5
239.59999999999854	2
239.59999999999854	24
239.59999999999854	17
239.59999999999854	88
239.59999999999854	83
239.59999999999854	23
239.59999999999854	93
239.6999999999971	27
239.6999999999971	78
239.6999999999971	92
239.6999999999971	38
239.79999999999563	71
239.79999999999563	59
239.79999999999563	51
239.79999999999563	37
239.89999999999418	13
239.89999999999418	69
239.89999999999418	87
240.09999999999854	99
240.09999999999854	18
240.09999999999854	39
240.09999999999854	4
240.39999999999418	97
240.39999999999418	79
242.39999999999418	17
242.39999999999418	12
242.39999999999418	99
242.39999999999418	93
242.39999999999418	27
242.39999999999418	23
242.39999999999418	82
242.39999999999418	65
242.5	37
242.5	22
242.5	19
242.5	39
242.59999999999854	3
242.59999999999854	80
242.59999999999854	79
242.59999999999854	13
242.59999999999854	68
242.6999999999971	42
242.6999999999971	4
242.6999999999971	85
242.6999999999971	84
242.89999999999418	92
242.89999999999418	24
242.89999999999418	2
243.59999999999854	58
243.59999999999854	59
243.59999999999854	96
243.6999999999971	65
243.6999999999971	93
243.6999999999971	38
243.6999999999971	62
243.6999999999971	83
243.6999999999971	2
243.6999999999971	31
243.6999999999971	18
243.6999999999971	78
243.6999999999971	17
243.6999999999971	42
243.79999999999563	92
243.89999999999418	85
244.29999999999563	79
244.29999999999563	39
244.29999999999563	84
244.5	67
244.5	71
244.5	41
244.5	34
245.0	37
245.79999999999563	13
245.5	23
245.6999999999971	96
245.6999999999971	65
245.6999999999971	93
245.79999999999563	61
245.79999999999563	51
245.79999999999563	24
245.79999999999563	98
245.79999999999563	78
245.89999999999418	80
245.89999999999418	18
245.89999999999418	17
245.89999999999418	54
246.0	21
246.0	23
246.0	10
246.0	90
246.0	92
246.0	58
246.0	67
246.0	82
246.0	37
246.0	34
246.09999999999854	79
246.09999999999854	66
246.09999999999854	41
246.09999999999854	13
246.09999999999854	19
246.09999999999854	84
247.79999999999563	3
247.79999999999563	83
247.79999999999563	69
247.79999999999563	78
247.89999999999418	87
247.89999999999418	54
247.89999999999418	85
247.89999999999418	88
248.0	89
248.0	17
248.0	65
248.0	98
248.0	93
248.0	38
248.0	18
248.0	80
248.0	22
248.0	39
248.0	58
248.0	7
248.0	34
248.0	13
248.0	41
248.09999999999854	79
248.09999999999854	50
248.09999999999854	84
248.09999999999854	42
248.09999999999854	37
249.79999999999563	26
249.79999999999563	92
249.79999999999563	38
249.89999999999418	93
249.89999999999418	71
249.89999999999418	22
250.0	51
250.0	78
250.0	83
250.0	32
250.0	23
250.0	54
250.0	96
250.0	65
250.09999999999854	18
250.09999999999854	42
250.09999999999854	67
250.09999999999854	85
250.09999999999854	27
250.09999999999854	97
251.0	13
250.79999999999563	5
250.89999999999418	82
251.0	37
251.79999999999563	41
251.79999999999563	74
251.89999999999418	93
251.89999999999418	80
251.89999999999418	23
251.89999999999418	87
252.0	3
252.0	10
252.0	76
252.0	5
252.0	96
252.0	65
252.0	77
252.09999999999854	67
252.39999999999418	34
253.09999999999854	13
252.29999999999563	51
252.59999999999854	55
252.59999999999854	17
252.29999999999563	84
252.29999999999563	7
252.29999999999563	43
252.29999999999563	44
252.29999999999563	56
252.39999999999418	54
252.5	38
253.89999999999418	41
254.0	24
254.0	85
254.0	14
254.0	94
254.0	38
254.0	87
254.09999999999854	12
254.09999999999854	53
254.09999999999854	54
254.09999999999854	39
254.09999999999854	50
254.09999999999854	48
254.09999999999854	65
255.09999999999854	60
254.5	18
254.5	78
254.59999999999854	79
254.6999999999971	11
254.6999999999971	34
254.29999999999563	96
254.29999999999563	26
254.29999999999563	37
254.29999999999563	86
254.29999999999563	46
254.29999999999563	13
254.29999999999563	88
254.29999999999563	35
255.89999999999418	21
256.0	82
256.0	85
256.0	42
256.0	38
256.0	93
256.0	77
256.09999999999854	4
256.09999999999854	58
256.09999999999854	14
256.09999999999854	65
256.09999999999854	19
256.09999999999854	33
256.3999999999942	67
256.79999999999563	74
257.09999999999854	61
256.29999999999563	87
256.29999999999563	46
256.29999999999563	68
256.29999999999563	18
256.29999999999563	84
256.29999999999563	88
256.29999999999563	26
256.29999999999563	96
256.29999999999563	37
256.3999999999942	51
258.0	49
258.0	10
258.0	56
258.0	8
258.09999999999854	79
258.09999999999854	38
258.09999999999854	23
258.09999999999854	7
258.09999999999854	93
258.09999999999854	54
258.8999999999942	14
258.29999999999563	13
258.59999999999854	92
258.29999999999563	33
258.29999999999563	1
258.29999999999563	95
258.29999999999563	80
258.3999999999942	34
258.3999999999942	96
258.3999999999942	17
258.3999999999942	86
258.3999999999942	37
258.3999999999942	61
258.3999999999942	84
258.3999999999942	87
258.3999999999942	18
258.5	88
260.3999999999942	39
260.3999999999942	33
260.3999999999942	44
260.3999999999942	80
260.3999999999942	3
260.3999999999942	59
260.3999999999942	67
260.3999999999942	96
260.3999999999942	56
260.3999999999942	60
260.3999999999942	90
260.3999999999942	65
260.3999999999942	51
260.3999999999942	8
260.5	79
260.5	13
260.5	18
260.5	34
260.5	7
260.5	88
260.5	95
260.5	93
260.5	37
260.8999999999942	24
261.0	14
261.3999999999942	23
262.09999999999854	23
262.09999999999854	90
262.09999999999854	85
262.09999999999854	65
262.3999999999942	93
262.6999999999971	92
262.29999999999563	13
262.29999999999563	5
262.29999999999563	39
262.3999999999942	47
262.3999999999942	76
262.3999999999942	82
262.3999999999942	42
262.3999999999942	67
262.59999999999854	26
262.59999999999854	96
262.59999999999854	84
262.59999999999854	68
262.59999999999854	86
262.6999999999971	12
262.79999999999563	63
263.0	38
263.0	37
263.0	54
263.0	88
264.09999999999854	35
264.8999999999942	92
264.29999999999563	10
264.29999999999563	85
264.29999999999563	76
264.29999999999563	41
264.3999999999942	80
264.3999999999942	14
264.5	58
264.5	44
264.5	51
264.5	79
264.5	65
264.5	13
264.5	87
264.59999999999854	36
264.59999999999854	34
264.59999999999854	84
264.59999999999854	12
264.59999999999854	21
264.59999999999854	83
264.59999999999854	55
264.6999999999971	96
264.6999999999971	88
264.6999999999971	54
266.8999999999942	56
267.09999999999854	89
266.29999999999563	92
266.3999999999942	3
266.3999999999942	67
266.3999999999942	41
266.3999999999942	93
266.3999999999942	74
266.3999999999942	38
266.3999999999942	58
266.5	86
266.5	46
266.59999999999854	23
266.59999999999854	81
266.59999999999854	59
266.6999999999971	34
266.6999999999971	90
266.6999999999971	66
266.6999999999971	50
266.6999999999971	28
266.6999999999971	82
266.6999999999971	83
266.6999999999971	78
266.6999999999971	87
266.79999999999563	65
268.29999999999563	77
268.3999999999942	93
268.5	19
268.5	74
268.5	38
268.5	39
268.59999999999854	3
268.59999999999854	67
268.59999999999854	12
268.59999999999854	54
268.59999999999854	21
268.59999999999854	86
268.6999999999971	18
268.6999999999971	84
268.6999999999971	88
268.6999999999971	85
268.6999999999971	46
268.6999999999971	41
268.79999999999563	97
268.79999999999563	82
268.79999999999563	26
268.79999999999563	65
268.79999999999563	24
270.3999999999942	92
270.3999999999942	93
270.5	79
270.5	38
270.5	7
270.59999999999854	76
270.59999999999854	14
270.59999999999854	86
270.6999999999971	68
270.6999999999971	34
270.79999999999563	63
270.79999999999563	39
270.79999999999563	65
270.79999999999563	69
270.79999999999563	26
270.79999999999563	83
270.79999999999563	1
270.79999999999563	24
270.8999999999942	84
270.8999999999942	15
270.8999999999942	97
270.8999999999942	17
271.0	54
271.0	42
271.09999999999854	87
271.8999999999942	56
271.29999999999563	23
271.3999999999942	88
271.3999999999942	2
272.3999999999942	12
272.5	51
272.5	80
272.59999999999854	3
272.6999999999971	57
272.6999999999971	18
272.6999999999971	77
272.6999999999971	86
272.6999999999971	13
272.6999999999971	47
272.79999999999563	67
272.79999999999563	93
272.79999999999563	54
272.79999999999563	68
272.79999999999563	15
272.79999999999563	34
272.79999999999563	65
272.79999999999563	82
272.79999999999563	76
272.8999999999942	5
272.8999999999942	7
272.8999999999942	56
272.8999999999942	39
272.8999999999942	88
272.8999999999942	41
272.8999999999942	26
272.8999999999942	49
272.8999999999942	50
275.0	26
275.0	2
275.0	14
275.09999999999854	18
275.09999999999854	68
275.09999999999854	12
275.09999999999854	38
275.09999999999854	92
275.09999999999854	54
275.09999999999854	53
275.09999999999854	70
275.09999999999854	23
275.09999999999854	83
275.09999999999854	48
275.09999999999854	39
275.09999999999854	58
275.09999999999854	42
275.09999999999854	88
275.09999999999854	17
275.09999999999854	22
275.09999999999854	15
275.3999999999942	63
275.79999999999563	34
276.09999999999854	90
276.09999999999854	67
276.6999999999971	20
276.6999999999971	93
276.6999999999971	22
276.79999999999563	56
276.79999999999563	12
276.79999999999563	33
276.79999999999563	65
276.79999999999563	17
276.79999999999563	92
276.8999999999942	37
276.8999999999942	67
276.8999999999942	29
276.8999999999942	38
277.0	24
277.0	83
277.0	82
277.0	63
277.0	4
277.0	26
277.0	87
277.0	59
277.0	45
277.09999999999854	96
277.09999999999854	14
277.09999999999854	42
277.09999999999854	58
277.09999999999854	80
277.09999999999854	18
277.79999999999563	88
277.8999999999942	23
278.79999999999563	13
278.8999999999942	34
278.8999999999942	41
278.8999999999942	67
279.0	95
279.0	18
279.0	85
279.0	60
279.0	84
279.0	17
279.0	90
279.0	58
279.0	59
279.0	82
279.0	36
279.09999999999854	93
279.09999999999854	42
279.09999999999854	49
279.09999999999854	29
279.09999999999854	15
279.09999999999854	24
279.09999999999854	48
279.09999999999854	96
279.09999999999854	86
279.09999999999854	65
279.09999999999854	38
279.79999999999563	53
279.29999999999563	37
280.0	88
280.79999999999563	87
281.0	17
281.0	92
281.0	18
281.0	34
281.0	37
281.0	56
281.0	43
281.0	67
281.0	23
281.0	90
281.09999999999854	31
281.09999999999854	57
281.09999999999854	2
281.09999999999854	53
281.09999999999854	38
281.09999999999854	49
281.09999999999854	99
281.09999999999854	30
281.09999999999854	20
281.09999999999854	13
281.29999999999563	3
281.79999999999563	58
281.29999999999563	68
282.0	82
281.3999999999942	16
281.5	89
281.59999999999854	24
281.6999999999971	83
281.8999999999942	93
282.8999999999942	26
283.0	86
283.0	18
283.09999999999854	28
283.09999999999854	31
283.09999999999854	60
283.09999999999854	45
283.09999999999854	9
283.09999999999854	49
283.09999999999854	93
283.09999999999854	50
283.29999999999563	82
283.29999999999563	56
283.3999999999942	47
283.3999999999942	21
283.59999999999854	61
283.59999999999854	37
283.79999999999563	68
283.29999999999563	13
283.29999999999563	17
283.29999999999563	19
283.29999999999563	99
283.29999999999563	14
283.29999999999563	20
283.29999999999563	80
283.29999999999563	48
283.29999999999563	59
283.3999999999942	71
283.3999999999942	41
284.8999999999942	26
285.0	29
285.0	59
285.09999999999854	85
285.09999999999854	18
285.09999999999854	67
285.09999999999854	37
285.09999999999854	68
285.3999999999942	93
285.5	34
285.5	50
285.59999999999854	53
285.59999999999854	61
285.29999999999563	15
285.29999999999563	43
285.29999999999563	77
285.29999999999563	44
285.29999999999563	80
285.29999999999563	7
285.29999999999563	19
285.29999999999563	20
285.3999999999942	63
285.3999999999942	70
285.3999999999942	24
285.6999999999971	3
285.6999999999971	23
286.29999999999563	32
287.0	87
287.09999999999854	42
287.09999999999854	54
287.09999999999854	41
287.29999999999563	11
287.29999999999563	95
287.29999999999563	83
287.29999999999563	31
287.29999999999563	9
287.29999999999563	86
287.29999999999563	85
287.29999999999563	45
287.29999999999563	17
287.29999999999563	62
287.29999999999563	49
287.29999999999563	98
287.29999999999563	97
287.29999999999563	2
287.29999999999563	13
287.29999999999563	12
287.29999999999563	48
287.3999999999942	92
287.3999999999942	38
287.3999999999942	24
287.3999999999942	18
287.3999999999942	7
287.3999999999942	84
287.3999999999942	56
287.3999999999942	23
287.5	65
287.6999999999971	89
289.3999999999942	82
289.3999999999942	30
289.3999999999942	49
289.3999999999942	29
289.3999999999942	50
289.3999999999942	67
289.3999999999942	89
289.3999999999942	59
289.3999999999942	7
289.3999999999942	19
289.3999999999942	41
289.3999999999942	17
289.3999999999942	65
289.3999999999942	63
289.3999999999942	13
289.3999999999942	83
289.3999999999942	99
289.3999999999942	93
289.3999999999942	42
289.3999999999942	86
289.3999999999942	90
289.3999999999942	15
289.3999999999942	14
289.3999999999942	87
289.5	28
289.5	88
289.6999999999971	81
289.79999999999563	32
291.6999999999971	38
291.6999999999971	82
291.6999999999971	30
291.6999999999971	65
291.6999999999971	4
291.6999999999971	13
291.6999999999971	29
291.6999999999971	19
291.6999999999971	55
291.6999999999971	12
291.6999999999971	34
291.6999999999971	15
291.6999999999971	58
291.6999999999971	42
291.6999999999971	90
291.6999999999971	25
291.6999999999971	37
291.6999999999971	63
291.6999999999971	32
291.6999999999971	56
291.8999999999942	8
291.8999999999942	36
291.8999999999942	83
291.8999999999942	67
291.8999999999942	96
291.8999999999942	76
292.0	2
292.0	26
292.0	49
292.29999999999563	54
293.29999999999563	7
293.3999999999942	22
293.3999999999942	56
293.3999999999942	68
293.3999999999942	92
293.3999999999942	96
293.3999999999942	38
293.5	63
293.5	31
293.5	45
293.5	2
293.59999999999854	19
293.59999999999854	43
293.59999999999854	54
293.59999999999854	21
293.59999999999854	26
293.59999999999854	1
293.59999999999854	76
293.59999999999854	12
293.59999999999854	10
293.59999999999854	39
293.59999999999854	29
293.59999999999854	34
293.6999999999971	70
293.6999999999971	50
293.6999999999971	30
293.79999999999563	47
293.79999999999563	36
293.79999999999563	98
293.8999999999942	87
293.8999999999942	24
293.8999999999942	37
295.3999999999942	85
295.3999999999942	65
295.3999999999942	13
295.5	7
295.5	92
295.5	82
295.5	96
295.5	34
295.59999999999854	70
295.59999999999854	97
295.59999999999854	67
295.59999999999854	37
295.59999999999854	24
295.59999999999854	25
295.59999999999854	54
295.59999999999854	26
295.59999999999854	41
295.59999999999854	18
295.6999999999971	90
295.6999999999971	80
295.6999999999971	23
295.6999999999971	19
295.6999999999971	29
295.79999999999563	2
295.79999999999563	30
295.79999999999563	88
295.8999999999942	63
297.3999999999942	12
297.5	7
297.5	92
297.5	85
297.5	53
297.59999999999854	27
297.59999999999854	34
297.59999999999854	13
297.59999999999854	88
297.59999999999854	70
297.59999999999854	61
297.59999999999854	45
297.6999999999971	83
297.79999999999563	42
297.79999999999563	39
297.79999999999563	82
297.79999999999563	67
297.79999999999563	68
297.79999999999563	55
297.79999999999563	30
297.79999999999563	26
297.79999999999563	2
297.79999999999563	47
297.79999999999563	65
297.8999999999942	97
297.8999999999942	23
298.0	19
298.0	37
298.09999999999854	24
298.09999999999854	14
298.3999999999942	18
298.29999999999563	29
299.59999999999854	7
299.59999999999854	100
299.59999999999854	25
299.59999999999854	85
299.59999999999854	53
299.6999999999971	97
299.6999999999971	96
299.6999999999971	70
299.6999999999971	83
299.6999999999971	37
299.6999999999971	68
299.6999999999971	86
299.79999999999563	47
299.79999999999563	78
299.79999999999563	24
299.79999999999563	19
299.79999999999563	67
299.79999999999563	82
299.79999999999563	55
299.8999999999942	81
299.8999999999942	34
299.8999999999942	29
299.8999999999942	18
300.0	23
300.3999999999942	2
301.59999999999854	92
301.59999999999854	42
301.59999999999854	99
301.59999999999854	63
301.59999999999854	7
301.6999999999971	100
301.6999999999971	25
301.6999999999971	38
301.6999999999971	26
301.6999999999971	60
301.6999999999971	96
301.79999999999563	84
301.79999999999563	2
301.79999999999563	68
301.79999999999563	88
301.79999999999563	50
301.79999999999563	30
301.79999999999563	67
301.79999999999563	79
301.79999999999563	18
301.79999999999563	56
301.8999999999942	29
301.8999999999942	98
301.8999999999942	49
301.8999999999942	24
302.0	22
304.6999999999971	34
304.6999999999971	84
304.6999999999971	17
304.6999999999971	46
304.6999999999971	33
304.79999999999563	29
304.79999999999563	85
304.79999999999563	26
304.79999999999563	53
304.8999999999942	50
304.8999999999942	92
304.8999999999942	49
304.8999999999942	59
305.0	80
305.0	96
305.0	38
305.0	12
305.09999999999854	97
305.09999999999854	36
305.09999999999854	68
305.09999999999854	37
305.09999999999854	67
305.09999999999854	93
305.09999999999854	24
304.29999999999563	42
304.29999999999563	83
304.29999999999563	70
304.29999999999563	95
304.29999999999563	58
304.29999999999563	13
305.6999999999971	18
305.79999999999563	63
305.79999999999563	16
305.8999999999942	26
305.8999999999942	35
305.8999999999942	25
306.0	19
306.0	45
306.0	54
306.0	7
306.0	22
306.0	70
306.0	78
306.3999999999942	77
306.3999999999942	23
306.3999999999942	65
306.5	38
306.5	51
306.5	67
306.59999999999854	61
306.6999999999971	79
306.6999999999971	4
306.6999999999971	15
306.79999999999563	30
306.8999999999942	1
307.0	48
307.09999999999854	59
307.6999999999971	41
307.79999999999563	63
307.8999999999942	66
307.8999999999942	92
307.8999999999942	10
308.0	67
308.0	49
308.0	25
308.0	81
308.0	37
308.0	83
308.0	68
308.0	97
308.0	85
308.0	54
308.0	51
308.0	24
308.0	55
308.0	98
308.09999999999854	59
308.09999999999854	50
308.09999999999854	17
308.09999999999854	16
308.09999999999854	2
308.09999999999854	58
308.8999999999942	56
308.3999999999942	99
309.79999999999563	7
309.79999999999563	29
309.8999999999942	53
309.8999999999942	35
310.0	2
310.0	68
310.0	37
310.0	44
310.0	13
310.09999999999854	78
310.09999999999854	32
310.09999999999854	67
310.09999999999854	47
310.09999999999854	65
310.09999999999854	50
310.09999999999854	1
310.09999999999854	49
310.5	26
310.79999999999563	77
310.29999999999563	99
310.29999999999563	24
310.29999999999563	61
310.3999999999942	55
310.3999999999942	34
310.8999999999942	30
310.29999999999563	58
311.79999999999563	80
311.79999999999563	63
311.79999999999563	76
311.8999999999942	25
312.0	88
312.0	92
312.0	96
312.0	26
312.0	38
312.09999999999854	37
312.09999999999854	31
312.09999999999854	7
312.6999999999971	47
312.29999999999563	29
312.29999999999563	22
312.29999999999563	59
312.3999999999942	85
312.3999999999942	65
312.79999999999563	12
312.79999999999563	2
312.79999999999563	33
312.79999999999563	56
312.29999999999563	68
312.29999999999563	44
312.3999999999942	19
313.8999999999942	53
314.0	88
314.0	50
314.09999999999854	77
314.09999999999854	43
314.5	32
314.5	1
314.5	99
314.5	26
314.5	20
315.0	93
315.0	59
315.0	49
315.0	61
315.09999999999854	67
314.29999999999563	35
314.29999999999563	30
314.29999999999563	37
314.29999999999563	100
314.29999999999563	3
314.29999999999563	2
314.3999999999942	17
314.3999999999942	13
314.3999999999942	92
314.5	24
314.59999999999854	79
314.79999999999563	83
315.8999999999942	54
316.09999999999854	66
316.29999999999563	86
316.5	35
317.0	29
317.0	57
316.29999999999563	26
316.29999999999563	37
316.29999999999563	61
316.29999999999563	25
316.29999999999563	90
316.29999999999563	12
316.29999999999563	78
316.29999999999563	99
316.29999999999563	33
316.29999999999563	56
316.29999999999563	38
316.29999999999563	24
316.29999999999563	92
316.29999999999563	2
316.29999999999563	48
316.3999999999942	59
316.3999999999942	13
316.3999999999942	77
316.3999999999942	18
316.3999999999942	39
316.3999999999942	93
316.5	19
316.5	85
316.59999999999854	49
318.09999999999854	30
318.09999999999854	67
318.3999999999942	66
319.0	35
318.29999999999563	26
318.29999999999563	24
318.29999999999563	48
318.29999999999563	98
318.29999999999563	22
318.29999999999563	49
318.29999999999563	100
318.29999999999563	53
318.29999999999563	37
318.29999999999563	83
318.29999999999563	41
318.29999999999563	25
318.29999999999563	38
318.29999999999563	2
318.29999999999563	92
318.29999999999563	18
318.29999999999563	44
318.3999999999942	77
318.3999999999942	12
318.3999999999942	42
318.3999999999942	56
318.3999999999942	61
318.3999999999942	51
320.3999999999942	56
320.3999999999942	12
320.3999999999942	59
320.3999999999942	80
320.3999999999942	67
320.3999999999942	98
320.3999999999942	22
320.3999999999942	48
320.3999999999942	30
321.09999999999854	44
321.79999999999563	41
321.3999999999942	99
321.3999999999942	37
321.3999999999942	57
321.3999999999942	97
321.5	54
321.5	96
322.0	92
321.29999999999563	58
321.29999999999563	76
322.09999999999854	85
322.3999999999942	33
322.29999999999563	65
322.29999999999563	50
322.29999999999563	38
322.29999999999563	88
322.29999999999563	13
322.3999999999942	86
322.3999999999942	45
322.3999999999942	37
322.3999999999942	32
322.3999999999942	26
322.3999999999942	22
322.3999999999942	23
322.3999999999942	62
322.3999999999942	34
322.5	78
322.5	48
322.5	63
322.5	47
322.5	87
322.5	76
322.5	99
322.5	2
322.59999999999854	39
322.6999999999971	1
324.09999999999854	24
324.59999999999854	19
324.3999999999942	83
324.3999999999942	31
324.3999999999942	69
324.3999999999942	59
324.3999999999942	96
324.3999999999942	42
324.5	20
324.5	53
324.5	41
324.5	84
324.5	49
324.5	12
324.5	18
324.5	46
324.5	63
324.59999999999854	26
324.59999999999854	92
324.6999999999971	67
324.79999999999563	61
324.79999999999563	22
324.8999999999942	14
324.8999999999942	37
325.0	88
326.5	80
326.3999999999942	65
326.5	88
326.5	1
326.5	9
326.5	59
326.5	24
326.5	51
326.59999999999854	85
326.59999999999854	27
326.59999999999854	12
326.59999999999854	39
326.59999999999854	32
326.59999999999854	99
326.59999999999854	66
326.59999999999854	96
326.59999999999854	37
326.59999999999854	29
326.59999999999854	49
326.59999999999854	48
326.6999999999971	31
326.6999999999971	33
328.8999999999942	83
328.29999999999563	47
328.5	13
328.5	67
328.5	96
328.5	59
328.59999999999854	97
328.59999999999854	48
328.59999999999854	1
328.59999999999854	43
328.6999999999971	2
328.6999999999971	18
328.6999999999971	81
328.6999999999971	26
328.6999999999971	24
328.6999999999971	22
328.6999999999971	76
328.6999999999971	19
328.6999999999971	61
328.6999999999971	92
328.79999999999563	41
328.79999999999563	53
328.8999999999942	7
328.8999999999942	8
328.8999999999942	14
329.09999999999854	69
330.29999999999563	93
330.5	37
330.59999999999854	53
330.59999999999854	59
330.59999999999854	20
330.59999999999854	1
330.59999999999854	24
330.6999999999971	15
330.6999999999971	92
330.6999999999971	26
330.6999999999971	99
330.6999999999971	70
330.79999999999563	49
330.79999999999563	12
330.79999999999563	80
330.79999999999563	29
330.79999999999563	66
330.79999999999563	61
330.79999999999563	18
330.8999999999942	32
330.8999999999942	41
331.09999999999854	76
331.5	8
332.29999999999563	31
332.59999999999854	37
332.59999999999854	53
332.59999999999854	1
332.6999999999971	83
332.6999999999971	97
332.6999999999971	47
332.6999999999971	24
332.6999999999971	20
332.6999999999971	77
332.6999999999971	57
332.6999999999971	35
332.6999999999971	18
332.6999999999971	61
332.79999999999563	50
332.79999999999563	84
332.79999999999563	96
332.79999999999563	65
332.79999999999563	14
332.79999999999563	48
332.79999999999563	99
332.79999999999563	26
335.09999999999854	67
335.09999999999854	99
335.09999999999854	24
335.09999999999854	2
335.09999999999854	69
335.09999999999854	63
335.09999999999854	32
335.09999999999854	83
335.09999999999854	23
335.6999999999971	59
335.29999999999563	41
335.29999999999563	47
335.3999999999942	19
335.3999999999942	1
335.59999999999854	61
335.6999999999971	65
336.09999999999854	26
336.09999999999854	62
336.09999999999854	37
336.5	18
336.59999999999854	76
336.3999999999942	45
336.59999999999854	15
336.8999999999942	41
336.8999999999942	37
336.8999999999942	33
336.8999999999942	29
336.8999999999942	9
336.8999999999942	20
336.8999999999942	24
337.0	90
337.0	77
337.0	65
337.0	31
337.0	96
337.0	13
337.0	99
337.0	26
337.09999999999854	38
337.09999999999854	84
337.09999999999854	2
337.09999999999854	19
337.59999999999854	15
338.6999999999971	85
338.79999999999563	63
338.79999999999563	61
338.79999999999563	92
338.79999999999563	83
338.79999999999563	18
338.79999999999563	1
338.79999999999563	59
338.79999999999563	48
338.79999999999563	53
338.79999999999563	87
338.79999999999563	69
338.8999999999942	2
338.8999999999942	67
338.8999999999942	49
338.8999999999942	31
338.8999999999942	60
339.0	14
339.0	7
339.09999999999854	65
340.6999999999971	81
340.79999999999563	39
340.79999999999563	18
340.79999999999563	24
340.79999999999563	20
340.8999999999942	96
340.8999999999942	13
340.8999999999942	45
340.8999999999942	1
340.8999999999942	88
341.0	41
341.0	50
341.0	59
341.0	7
341.0	53
341.0	69
341.09999999999854	78
341.09999999999854	26
341.09999999999854	99
341.09999999999854	93
341.09999999999854	76
341.8999999999942	37
342.79999999999563	20
342.8999999999942	38
342.8999999999942	2
342.8999999999942	81
342.8999999999942	59
343.0	12
343.0	79
343.0	13
343.0	63
343.0	18
343.0	61
343.0	39
343.0	23
343.0	25
343.0	67
343.0	24
343.09999999999854	7
343.09999999999854	14
343.09999999999854	99
343.09999999999854	96
343.29999999999563	26
343.3999999999942	1
344.8999999999942	93
344.8999999999942	92
344.8999999999942	2
344.8999999999942	20
344.8999999999942	41
345.0	87
345.0	39
345.0	57
345.0	97
345.0	23
345.0	86
345.0	18
345.0	45
345.0	1
345.0	37
345.0	79
345.0	59
345.0	96
345.09999999999854	67
346.0	83
345.3999999999942	99
345.59999999999854	19
345.3999999999942	61
346.8999999999942	82
346.8999999999942	41
347.0	20
347.0	24
347.0	26
347.0	2
347.0	67
347.0	25
347.0	79
347.09999999999854	37
347.09999999999854	38
347.09999999999854	14
347.09999999999854	65
347.09999999999854	22
347.09999999999854	18
347.09999999999854	63
347.09999999999854	61
347.09999999999854	77
347.09999999999854	59
347.3999999999942	92
347.79999999999563	83
347.8999999999942	53
349.0	50
349.0	25
349.09999999999854	57
349.09999999999854	26
349.09999999999854	84
349.09999999999854	1
349.09999999999854	24
349.09999999999854	62
349.09999999999854	63
349.09999999999854	12
349.09999999999854	80
349.09999999999854	60
349.29999999999563	18
349.29999999999563	31
349.3999999999942	78
349.5	14
349.5	76
349.59999999999854	67
349.59999999999854	59
349.59999999999854	15
349.6999999999971	48
349.6999999999971	65
349.79999999999563	37
349.29999999999563	61
349.29999999999563	38
349.29999999999563	54
351.59999999999854	65
351.59999999999854	77
351.59999999999854	1
351.59999999999854	14
351.59999999999854	7
351.59999999999854	53
351.59999999999854	63
351.59999999999854	86
351.59999999999854	41
351.59999999999854	20
351.59999999999854	57
351.6999999999971	67
351.6999999999971	69
351.6999999999971	59
351.6999999999971	58
351.6999999999971	76
351.6999999999971	92
351.6999999999971	96
351.6999999999971	25
351.79999999999563	24
351.79999999999563	18
352.0	50
352.0	83
353.09999999999854	38
353.09999999999854	83
353.09999999999854	85
353.09999999999854	84
353.09999999999854	61
353.09999999999854	37
353.5	99
353.29999999999563	53
354.0	65
354.0	47
354.09999999999854	97
354.09999999999854	63
354.09999999999854	92
353.29999999999563	45
353.29999999999563	69
353.29999999999563	24
353.29999999999563	25
353.29999999999563	18
353.29999999999563	93
353.29999999999563	59
353.29999999999563	22
353.29999999999563	2
353.6999999999971	57
353.6999999999971	26
353.6999999999971	67
353.6999999999971	50
355.09999999999854	7
355.29999999999563	83
355.3999999999942	60
356.0	76
355.29999999999563	38
355.29999999999563	61
355.29999999999563	92
355.29999999999563	53
355.29999999999563	65
355.29999999999563	45
355.29999999999563	93
355.29999999999563	49
355.29999999999563	67
355.29999999999563	57
355.29999999999563	81
355.29999999999563	24
355.5	20
355.5	62
355.5	42
355.5	97
355.5	25
355.5	63
355.6999999999971	21
356.29999999999563	37
356.29999999999563	54
356.29999999999563	14
357.5	84
357.79999999999563	88
358.09999999999854	50
357.29999999999563	2
357.29999999999563	61
357.29999999999563	76
357.3999999999942	38
357.3999999999942	79
357.3999999999942	97
357.3999999999942	62
357.3999999999942	13
357.3999999999942	59
357.3999999999942	67
357.3999999999942	39
357.5	49
357.5	83
357.5	22
357.5	63
357.5	92
357.5	1
357.59999999999854	93
357.59999999999854	60
357.59999999999854	87
359.29999999999563	7
359.29999999999563	37
359.3999999999942	85
359.3999999999942	60
359.3999999999942	67
359.3999999999942	87
359.3999999999942	59
359.3999999999942	43
359.3999999999942	62
359.3999999999942	2
359.3999999999942	76
359.5	65
359.5	56
359.5	92
359.5	13
359.5	97
359.5	14
359.5	23
359.5	63
359.59999999999854	22
359.59999999999854	1
359.59999999999854	34
359.59999999999854	42
359.59999999999854	24
359.6999999999971	19
361.3999999999942	34
361.3999999999942	2
361.3999999999942	50
361.3999999999942	14
361.5	83
361.5	62
361.5	59
361.5	58
361.5	87
361.5	48
361.5	99
361.59999999999854	24
361.59999999999854	20
361.59999999999854	49
361.6999999999971	65
361.6999999999971	92
361.6999999999971	35
361.6999999999971	25
361.6999999999971	97
361.79999999999563	12
363.3999999999942	23
363.3999999999942	61
363.5	15
363.5	47
363.5	19
363.5	84
363.5	41
363.5	78
363.5	63
363.59999999999854	79
363.59999999999854	97
363.59999999999854	25
363.59999999999854	2
363.59999999999854	24
363.59999999999854	45
363.59999999999854	92
363.59999999999854	83
363.6999999999971	14
363.79999999999563	86
363.79999999999563	67
366.59999999999854	59
366.29999999999563	92
366.5	69
366.5	85
366.6999999999971	24
366.79999999999563	25
366.8999999999942	23
366.29999999999563	47
366.29999999999563	60
366.29999999999563	76
366.29999999999563	14
366.29999999999563	61
366.3999999999942	37
366.3999999999942	22
366.3999999999942	2
366.5	62
366.5	58
366.5	93
366.59999999999854	35
366.59999999999854	63
366.6999999999971	99
366.6999999999971	50
366.6999999999971	1
366.79999999999563	88
366.79999999999563	19
367.09999999999854	67
367.5	61
367.59999999999854	96
367.59999999999854	2
367.6999999999971	7
367.6999999999971	69
367.6999999999971	84
367.6999999999971	79
367.6999999999971	15
367.6999999999971	18
367.6999999999971	60
367.6999999999971	62
367.6999999999971	45
367.6999999999971	92
367.6999999999971	23
367.6999999999971	67
367.6999999999971	41
367.79999999999563	19
367.79999999999563	53
367.79999999999563	83
367.79999999999563	88
367.79999999999563	63
367.8999999999942	25
369.59999999999854	96
369.59999999999854	61
369.6999999999971	93
369.6999999999971	2
369.6999999999971	47
369.6999999999971	15
369.6999999999971	14
369.79999999999563	7
369.79999999999563	79
369.79999999999563	92
369.79999999999563	25
369.79999999999563	58
369.79999999999563	99
369.79999999999563	24
369.79999999999563	78
369.79999999999563	97
369.79999999999563	63
369.79999999999563	22
369.79999999999563	83
369.79999999999563	27
369.79999999999563	19
370.0	67
371.59999999999854	61
371.6999999999971	59
371.6999999999971	69
371.6999999999971	76
371.6999999999971	84
371.6999999999971	18
371.79999999999563	100
371.79999999999563	37
371.79999999999563	25
371.79999999999563	93
371.79999999999563	50
371.8999999999942	92
371.8999999999942	53
371.8999999999942	55
371.8999999999942	48
371.8999999999942	63
371.8999999999942	12
371.8999999999942	1
371.8999999999942	14
371.8999999999942	24
371.8999999999942	41
372.0	27
372.0	78
372.09999999999854	2
372.09999999999854	19
373.6999999999971	61
373.6999999999971	69
373.6999999999971	99
373.79999999999563	96
373.79999999999563	45
373.8999999999942	57
373.8999999999942	14
373.8999999999942	2
373.8999999999942	79
373.8999999999942	93
373.8999999999942	50
373.8999999999942	25
373.8999999999942	92
373.8999999999942	56
373.8999999999942	97
374.0	63
374.0	24
374.09999999999854	83
375.8999999999942	96
375.8999999999942	76
375.8999999999942	99
375.8999999999942	69
375.8999999999942	47
375.8999999999942	65
375.8999999999942	78
375.8999999999942	79
375.8999999999942	100
375.8999999999942	25
375.8999999999942	67
375.8999999999942	2
376.0	24
376.0	53
376.0	83
376.0	12
376.09999999999854	97
376.09999999999854	61
376.09999999999854	54
376.09999999999854	14
377.8999999999942	42
377.8999999999942	61
377.8999999999942	84
377.8999999999942	59
377.8999999999942	2
377.8999999999942	18
377.8999999999942	19
377.8999999999942	37
378.0	78
378.0	1
378.0	58
378.0	57
378.0	33
378.0	25
378.09999999999854	92
378.09999999999854	39
378.09999999999854	14
378.09999999999854	65
378.09999999999854	55
378.79999999999563	24
380.3999999999942	66
380.3999999999942	69
380.3999999999942	2
380.3999999999942	47
380.3999999999942	33
380.3999999999942	19
380.3999999999942	13
380.3999999999942	99
380.3999999999942	76
380.3999999999942	61
380.3999999999942	92
380.3999999999942	41
380.3999999999942	97
380.3999999999942	12
380.3999999999942	100
380.5	93
380.59999999999854	96
381.8999999999942	39
382.0	63
382.0	61
382.29999999999563	84
382.3999999999942	99
382.3999999999942	2
382.3999999999942	97
382.3999999999942	57
382.3999999999942	66
382.3999999999942	96
382.3999999999942	86
383.29999999999563	79
383.29999999999563	50
383.3999999999942	83
383.59999999999854	24
384.0	63
384.0	100
384.09999999999854	34
384.09999999999854	42
384.09999999999854	59
384.09999999999854	12
384.09999999999854	2
384.29999999999563	76
384.3999999999942	13
384.5	41
384.5	92
384.5	65
384.59999999999854	66
384.59999999999854	57
384.59999999999854	24
384.6999999999971	97
384.6999999999971	84
384.6999999999971	47
384.8999999999942	54
386.09999999999854	1
386.3999999999942	83
386.6999999999971	19
386.6999999999971	58
386.79999999999563	2
386.8999999999942	93
386.8999999999942	63
386.8999999999942	100
386.8999999999942	59
386.8999999999942	82
387.0	25
386.29999999999563	50
386.6999999999971	54
386.6999999999971	22
386.6999999999971	61
388.3999999999942	15
388.5	69
388.6999999999971	88
389.0	41
388.29999999999563	34
388.29999999999563	79
388.29999999999563	59
388.29999999999563	33
388.29999999999563	100
388.29999999999563	13
388.29999999999563	24
388.29999999999563	47
388.29999999999563	96
390.59999999999854	19
390.29999999999563	86
390.29999999999563	69
390.3999999999942	82
390.3999999999942	61
390.3999999999942	57
390.3999999999942	63
390.3999999999942	59
390.3999999999942	92
390.3999999999942	2
390.3999999999942	24
390.3999999999942	41
390.3999999999942	25
390.3999999999942	12
390.3999999999942	56
390.3999999999942	88
390.3999999999942	50
390.3999999999942	76
390.5	39
392.29999999999563	19
392.29999999999563	54
392.29999999999563	93
392.3999999999942	100
392.3999999999942	22
392.3999999999942	66
392.3999999999942	25
392.3999999999942	41
392.3999999999942	31
392.5	42
392.5	82
392.5	39
392.5	53
392.59999999999854	84
394.3999999999942	93
394.3999999999942	83
394.3999999999942	19
394.3999999999942	100
394.3999999999942	23
394.3999999999942	88
394.3999999999942	92
394.5	33
394.5	96
394.5	50
394.59999999999854	63
394.59999999999854	3
396.3999999999942	23
396.3999999999942	66
396.3999999999942	13
396.3999999999942	93
396.5	83
396.5	2
396.5	12
396.5	82
396.5	24
396.5	56
396.5	78
396.5	84
396.5	67
396.5	50
396.5	39
396.59999999999854	100
396.59999999999854	96
396.79999999999563	88
396.8999999999942	61
398.8999999999942	15
398.8999999999942	57
398.8999999999942	96
398.8999999999942	56
398.8999999999942	25
398.8999999999942	2
398.8999999999942	84
398.8999999999942	1
398.8999999999942	12
398.8999999999942	88
398.8999999999942	41
398.8999999999942	82
399.0	93
399.0	33
399.09999999999854	13
400.5	61
400.5	26
400.5	92
400.5	7
400.5	24
400.5	22
400.5	93
400.59999999999854	83
400.59999999999854	19
400.59999999999854	67
400.6999999999971	42
400.6999999999971	84
400.6999999999971	50
400.79999999999563	25
402.5	59
402.59999999999854	15
402.59999999999854	88
402.59999999999854	50
402.59999999999854	85
402.59999999999854	61
402.59999999999854	100
402.59999999999854	66
402.6999999999971	57
402.6999999999971	25
402.6999999999971	56
402.6999999999971	96
402.6999999999971	41
402.6999999999971	1
402.6999999999971	47
402.6999999999971	93
402.79999999999563	24
402.79999999999563	79
402.79999999999563	2
402.8999999999942	12
404.6999999999971	15
404.6999999999971	92
404.6999999999971	100
404.6999999999971	50
404.6999999999971	93
404.6999999999971	13
404.6999999999971	82
404.6999999999971	24
404.79999999999563	59
404.79999999999563	19
404.79999999999563	41
404.8999999999942	96
404.8999999999942	67
406.59999999999854	39
406.79999999999563	50
406.79999999999563	25
406.79999999999563	66
406.79999999999563	79
406.79999999999563	83
406.79999999999563	67
406.79999999999563	33
406.79999999999563	59
406.79999999999563	84
406.79999999999563	12
406.79999999999563	78
406.79999999999563	42
406.8999999999942	47
407.0	19
407.29999999999563	22
407.29999999999563	54
408.6999999999971	61
408.79999999999563	93
408.79999999999563	82
408.79999999999563	1
408.79999999999563	85
408.79999999999563	26
408.79999999999563	50
408.79999999999563	57
408.79999999999563	25
408.79999999999563	24
408.8999999999942	67
408.8999999999942	96
408.8999999999942	19
408.8999999999942	2
408.8999999999942	12
409.0	88
410.79999999999563	22
410.8999999999942	41
410.8999999999942	53
411.59999999999854	42
411.59999999999854	15
411.59999999999854	66
411.59999999999854	34
411.59999999999854	19
411.59999999999854	50
411.59999999999854	2
411.59999999999854	59
411.6999999999971	83
411.6999999999971	93
412.8999999999942	31
412.8999999999942	67
412.8999999999942	57
412.8999999999942	92
412.8999999999942	93
413.0	59
413.0	85
413.0	24
413.0	15
413.0	78
413.0	45
413.0	47
413.0	22
413.0	79
413.09999999999854	18
413.09999999999854	61
415.09999999999854	100
415.09999999999854	84
415.09999999999854	93
415.09999999999854	50
415.09999999999854	42
415.09999999999854	31
415.09999999999854	24
415.3999999999942	2
415.5	88
415.79999999999563	7
415.29999999999563	41
415.29999999999563	54
415.29999999999563	83
415.29999999999563	22
415.8999999999942	12
415.29999999999563	53
415.5	45
417.0	41
417.0	67
417.09999999999854	12
417.09999999999854	100
417.09999999999854	15
417.09999999999854	78
417.09999999999854	42
417.09999999999854	19
417.09999999999854	59
417.09999999999854	85
417.09999999999854	84
418.0	96
417.29999999999563	4
417.29999999999563	47
417.3999999999942	53
417.6999999999971	22
417.6999999999971	88
417.6999999999971	54
419.09999999999854	31
419.09999999999854	93
419.09999999999854	57
419.09999999999854	45
419.09999999999854	85
419.3999999999942	24
419.29999999999563	13
419.3999999999942	92
419.6999999999971	50
419.79999999999563	47
420.0	59
420.0	88
420.09999999999854	15
421.09999999999854	57
421.09999999999854	4
421.09999999999854	41
421.09999999999854	45
421.59999999999854	67
421.59999999999854	2
422.0	78
422.09999999999854	7
422.09999999999854	15
421.29999999999563	24
421.29999999999563	88
421.29999999999563	59
421.29999999999563	13
421.29999999999563	84
423.59999999999854	4
423.79999999999563	45
423.8999999999942	85
423.8999999999942	47
423.8999999999942	50
424.0	67
423.29999999999563	2
423.29999999999563	61
423.29999999999563	84
423.3999999999942	93
425.6999999999971	42
425.79999999999563	50
425.8999999999942	19
425.29999999999563	85
425.29999999999563	59
425.29999999999563	83
425.29999999999563	65
425.3999999999942	24
425.3999999999942	57
425.3999999999942	61
425.3999999999942	92
427.8999999999942	2
428.0	12
427.29999999999563	67
427.29999999999563	7
427.29999999999563	93
427.29999999999563	59
427.29999999999563	100
427.29999999999563	42
427.3999999999942	13
427.3999999999942	56
427.3999999999942	39
427.5	24
427.8999999999942	22
427.8999999999942	88
427.8999999999942	61
429.3999999999942	19
429.3999999999942	96
429.3999999999942	13
429.3999999999942	42
429.5	18
429.59999999999854	15
431.29999999999563	78
431.3999999999942	57
431.3999999999942	84
431.5	96
431.5	41
431.5	61
431.5	88
431.59999999999854	19
431.59999999999854	13
433.5	93
433.5	96
433.5	84
433.5	88
433.59999999999854	2
433.59999999999854	100
433.59999999999854	67
433.59999999999854	24
433.59999999999854	56
433.6999999999971	61
433.79999999999563	85
435.59999999999854	2
435.59999999999854	88
435.59999999999854	13
435.59999999999854	12
435.59999999999854	93
435.59999999999854	42
435.59999999999854	47
435.59999999999854	96
435.59999999999854	3
435.59999999999854	61
435.6999999999971	85
435.6999999999971	92
435.6999999999971	24
435.79999999999563	56
435.79999999999563	67
437.59999999999854	41
437.59999999999854	100
437.6999999999971	79
437.6999999999971	59
437.6999999999971	19
437.6999999999971	47
437.6999999999971	96
437.6999999999971	18
437.6999999999971	39
437.6999999999971	12
437.6999999999971	13
437.6999999999971	24
437.8999999999942	61
437.8999999999942	37
437.8999999999942	88
439.59999999999854	85
439.6999999999971	88
439.6999999999971	100
439.79999999999563	41
439.79999999999563	13
439.79999999999563	19
439.79999999999563	2
439.8999999999942	37
439.8999999999942	56
439.8999999999942	96
443.0	61
443.09999999999854	100
442.29999999999563	85
442.29999999999563	88
442.29999999999563	84
442.29999999999563	93
442.29999999999563	42
442.29999999999563	2
442.3999999999942	65
444.0	22
444.0	88
444.0	7
444.0	19
444.0	56
444.0	3
444.0	47
444.0	24
444.6999999999971	61
444.6999999999971	59
445.8999999999942	85
445.8999999999942	24
445.8999999999942	93
445.8999999999942	65
446.0	96
446.0	18
446.0	88
446.09999999999854	42
446.09999999999854	13
446.09999999999854	37
447.8999999999942	3
447.8999999999942	56
447.8999999999942	24
448.0	7
448.0	85
448.0	41
448.0	13
448.0	96
448.29999999999563	61
449.8999999999942	92
449.8999999999942	59
450.0	2
450.0	24
450.0	57
451.0	41
452.09999999999854	42
452.09999999999854	96
452.09999999999854	24
452.09999999999854	2
452.09999999999854	22
452.3999999999942	92
452.3999999999942	37
454.0	59
454.09999999999854	2
454.09999999999854	56
454.09999999999854	57
454.09999999999854	42
454.59999999999854	96
454.6999999999971	61
454.6999999999971	85
454.29999999999563	88
454.29999999999563	24
454.29999999999563	93
456.59999999999854	56
456.59999999999854	2
456.59999999999854	42
457.29999999999563	37
457.3999999999942	85
457.3999999999942	96
458.6999999999971	2
458.79999999999563	56
459.3999999999942	88
459.3999999999942	22
459.5	42
460.29999999999563	37
460.29999999999563	2
460.29999999999563	96
460.3999999999942	85
460.3999999999942	93
460.5	24
460.5	18
462.3999999999942	88
462.29999999999563	2
462.3999999999942	22
462.3999999999942	13
464.8999999999942	59
464.29999999999563	18
464.3999999999942	65
464.3999999999942	22
464.5	96
464.8999999999942	88
467.09999999999854	13
466.3999999999942	18
466.5	59
466.5	2
466.5	88
466.6999999999971	61
468.5	2
468.5	65
468.5	24
468.6999999999971	96
468.6999999999971	93
470.5	65
470.59999999999854	2
470.6999999999971	88
470.79999999999563	61
470.79999999999563	93
472.59999999999854	2
472.6999999999971	88
472.8999999999942	61
475.29999999999563	93
476.6999999999971	2
476.6999999999971	93
476.79999999999563	96
478.79999999999563	59
478.79999999999563	88
478.79999999999563	2
478.8999999999942	61
480.8999999999942	61
480.8999999999942	88
481.0	2
487.0	2
491.0	2
493.0	2
524.8999999999942	61
525.0	88
