0.0	7
4.0	7
4.100000000005821	22
8.0	7
8.10000000000582	22
9.200000000004366	77
9.30000000000291	58
10.0	37
10.0	83
10.0	96
10.30000000000291	70
10.60000000000582	92
11.30000000000291	4
11.400000000001455	26
11.400000000001455	90
12.10000000000582	22
12.200000000004366	76
12.200000000004366	44
12.5	6
12.700000000004366	7
13.200000000004366	77
13.200000000004366	35
13.5	51
14.0	37
14.30000000000291	70
14.30000000000291	44
14.30000000000291	96
14.5	83
14.60000000000582	92
14.700000000004366	4
14.900000000001455	26
15.5	90
15.60000000000582	58
16.5	11
16.10000000000582	22
16.400000000001455	6
16.5	76
16.5	28
16.5	53
17.30000000000291	7
17.200000000004366	77
17.200000000004366	15
18.0	96
18.10000000000582	30
18.30000000000291	70
18.5	83
18.5	38
18.60000000000582	63
18.60000000000582	17
18.60000000000582	37
19.400000000001455	92
19.0	4
19.10000000000582	35
19.400000000001455	26
19.5	90
19.900000000001455	45
20.10000000000582	22
20.30000000000291	54
20.30000000000291	42
20.5	95
20.5	8
20.5	49
20.60000000000582	11
20.700000000004366	53
20.700000000004366	7
20.900000000001455	58
21.0	62
21.200000000004366	77
21.900000000001455	76
22.0	83
22.400000000001455	35
22.400000000001455	70
22.60000000000582	14
22.700000000004366	4
22.700000000004366	71
22.700000000004366	28
23.700000000004366	96
22.900000000001455	26
23.10000000000582	20
23.10000000000582	65
23.10000000000582	100
23.400000000001455	90
24.0	6
24.0	7
24.10000000000582	22
24.30000000000291	49
24.5	48
24.5	92
24.700000000004366	11
24.700000000004366	17
25.5	15
24.900000000001455	3
24.900000000001455	30
25.10000000000582	62
25.60000000000582	80
26.0	96
26.10000000000582	83
26.10000000000582	78
26.10000000000582	42
26.10000000000582	18
26.200000000004366	97
26.5	94
26.60000000000582	43
26.700000000004366	86
26.700000000004366	70
27.0	4
27.400000000001455	14
26.900000000001455	74
26.900000000001455	53
26.900000000001455	77
27.0	76
27.200000000004366	51
28.10000000000582	28
28.10000000000582	22
28.10000000000582	33
28.200000000004366	7
28.200000000004366	10
28.400000000001455	65
28.400000000001455	42
28.400000000001455	30
28.60000000000582	92
28.700000000004366	54
29.60000000000582	62
28.900000000001455	27
28.900000000001455	26
28.900000000001455	39
29.0	90
29.0	85
30.60000000000582	20
30.60000000000582	17
30.60000000000582	97
30.60000000000582	37
30.60000000000582	78
30.60000000000582	96
30.60000000000582	80
30.700000000004366	89
30.700000000004366	64
30.700000000004366	9
30.700000000004366	35
30.700000000004366	18
30.900000000001455	43
30.900000000001455	100
30.900000000001455	70
31.0	14
31.200000000004366	61
31.700000000004366	90
32.30000000000291	52
32.30000000000291	30
32.30000000000291	45
32.400000000001455	7
32.400000000001455	4
32.400000000001455	75
32.60000000000582	44
32.60000000000582	85
32.60000000000582	92
32.700000000004366	28
33.0	54
33.0	65
33.0	83
33.0	86
33.0	58
33.10000000000582	57
33.10000000000582	27
33.200000000004366	48
33.30000000000291	42
34.10000000000582	78
34.200000000004366	22
34.30000000000291	99
34.30000000000291	20
34.400000000001455	62
34.60000000000582	68
35.0	11
34.900000000001455	80
35.30000000000291	14
34.900000000001455	64
34.900000000001455	17
35.0	70
35.10000000000582	49
35.10000000000582	72
35.10000000000582	10
35.200000000004366	61
35.30000000000291	35
35.30000000000291	77
35.30000000000291	4
35.30000000000291	96
36.0	83
36.0	7
36.200000000004366	26
36.30000000000291	51
36.400000000001455	94
36.700000000004366	71
37.10000000000582	76
36.900000000001455	34
37.10000000000582	99
37.200000000004366	97
37.200000000004366	100
37.200000000004366	54
37.200000000004366	9
37.30000000000291	18
37.30000000000291	42
37.400000000001455	44
37.5	90
37.5	85
37.5	14
38.10000000000582	33
38.10000000000582	78
38.30000000000291	30
38.400000000001455	87
38.400000000001455	92
39.60000000000582	11
38.900000000001455	23
39.0	86
39.10000000000582	1
39.200000000004366	72
39.200000000004366	21
39.30000000000291	4
39.30000000000291	20
39.30000000000291	65
39.400000000001455	58
39.400000000001455	22
39.5	80
39.700000000004366	27
39.900000000001455	95
40.10000000000582	81
40.200000000004366	96
40.30000000000291	74
40.400000000001455	77
40.400000000001455	42
40.60000000000582	83
40.900000000001455	48
41.0	76
41.0	7
41.200000000004366	99
41.400000000001455	67
41.400000000001455	54
41.400000000001455	75
41.5	34
41.5	97
41.60000000000582	61
41.60000000000582	14
41.700000000004366	71
42.10000000000582	22
42.200000000004366	18
42.30000000000291	85
42.400000000001455	87
42.5	44
42.5	92
42.5	33
42.60000000000582	38
42.60000000000582	90
43.0	11
43.700000000004366	100
43.700000000004366	45
43.900000000001455	4
43.900000000001455	61
44.5	72
44.5	81
44.5	21
44.5	65
44.5	1
44.5	58
44.5	86
44.5	39
44.5	95
44.5	7
44.60000000000582	20
44.60000000000582	77
44.60000000000582	92
44.60000000000582	96
45.0	27
45.10000000000582	76
45.200000000004366	75
45.200000000004366	67
45.30000000000291	42
45.700000000004366	62
45.700000000004366	94
45.700000000004366	74
46.900000000001455	15
46.900000000001455	87
46.900000000001455	22
46.900000000001455	30
47.0	91
47.0	90
47.0	83
47.0	34
47.0	68
47.0	80
47.0	71
47.0	78
47.10000000000582	21
47.10000000000582	11
47.200000000004366	70
47.200000000004366	20
47.400000000001455	28
47.400000000001455	53
47.60000000000582	1
48.10000000000582	100
48.0	7
48.200000000004366	27
48.200000000004366	81
48.200000000004366	44
48.200000000004366	97
48.400000000001455	77
48.400000000001455	95
48.5	12
48.5	56
48.60000000000582	39
48.700000000004366	31
48.700000000004366	71
48.700000000004366	96
49.200000000004366	57
49.30000000000291	51
49.400000000001455	72
49.5	17
49.700000000004366	99
50.200000000004366	62
50.10000000000582	61
50.10000000000582	30
50.10000000000582	78
50.10000000000582	22
50.30000000000291	85
50.400000000001455	76
50.5	90
50.5	94
50.5	87
50.5	28
50.60000000000582	75
50.60000000000582	34
50.60000000000582	18
50.60000000000582	68
51.10000000000582	92
51.30000000000291	15
51.30000000000291	43
52.0	54
52.200000000004366	67
52.200000000004366	1
52.200000000004366	100
52.10000000000582	81
52.200000000004366	14
52.200000000004366	42
52.400000000001455	97
52.5	77
52.5	31
52.5	11
52.60000000000582	49
52.60000000000582	39
52.60000000000582	3
52.700000000004366	53
52.900000000001455	86
52.900000000001455	44
53.200000000004366	78
53.400000000001455	61
53.5	90
54.700000000004366	62
53.900000000001455	7
53.900000000001455	99
53.900000000001455	35
53.900000000001455	95
54.10000000000582	22
54.30000000000291	96
54.30000000000291	64
54.30000000000291	85
54.5	57
54.60000000000582	91
54.700000000004366	15
54.700000000004366	83
54.700000000004366	43
54.700000000004366	12
55.0	72
54.900000000001455	87
54.900000000001455	56
54.900000000001455	75
55.0	58
55.200000000004366	77
55.400000000001455	70
55.5	38
55.900000000001455	67
56.0	28
56.10000000000582	26
56.30000000000291	80
56.30000000000291	1
56.30000000000291	8
56.5	44
56.60000000000582	42
56.60000000000582	34
56.60000000000582	62
56.700000000004366	71
56.700000000004366	11
57.10000000000582	31
57.10000000000582	97
57.700000000004366	7
56.900000000001455	17
57.10000000000582	99
57.30000000000291	94
57.5	90
57.5	9
57.60000000000582	63
58.5	83
58.5	20
58.5	30
58.5	70
58.60000000000582	76
58.60000000000582	18
58.60000000000582	12
58.60000000000582	69
58.60000000000582	49
58.60000000000582	85
58.700000000004366	96
58.700000000004366	22
59.0	43
58.900000000001455	100
58.900000000001455	4
59.10000000000582	52
59.5	51
59.60000000000582	34
59.60000000000582	57
59.60000000000582	53
59.60000000000582	1
60.0	79
60.30000000000291	7
60.400000000001455	54
62.5	87
62.5	22
62.5	39
62.5	26
62.5	81
62.5	97
62.5	49
62.700000000004366	96
62.700000000004366	3
63.700000000004366	27
62.900000000001455	68
62.900000000001455	4
63.0	80
63.0	37
63.10000000000582	91
63.10000000000582	14
63.10000000000582	11
63.10000000000582	63
63.200000000004366	99
63.200000000004366	61
63.200000000004366	83
63.200000000004366	28
63.200000000004366	20
63.30000000000291	8
63.30000000000291	72
63.400000000001455	36
63.400000000001455	62
63.400000000001455	77
63.400000000001455	87
63.5	71
63.5	64
63.60000000000582	94
63.700000000004366	90
63.700000000004366	9
64.20000000000437	79
64.20000000000437	57
64.20000000000437	75
64.20000000000437	43
64.30000000000291	80
64.40000000000146	62
64.70000000000437	71
65.30000000000291	1
65.60000000000582	26
65.60000000000582	78
64.90000000000146	21
64.90000000000146	52
65.0	97
65.0	54
65.10000000000582	7
65.10000000000582	31
65.10000000000582	95
65.10000000000582	45
65.30000000000291	36
65.5	90
66.10000000000582	96
66.10000000000582	83
66.20000000000437	15
66.20000000000437	65
66.30000000000291	22
66.70000000000437	4
67.60000000000582	70
66.90000000000146	74
66.90000000000146	77
66.90000000000146	99
66.90000000000146	37
66.90000000000146	33
66.90000000000146	35
67.0	28
67.0	86
67.0	88
67.0	81
67.0	85
67.10000000000582	42
67.10000000000582	89
67.20000000000437	87
67.30000000000291	14
67.40000000000146	75
67.60000000000582	94
68.10000000000582	68
68.10000000000582	30
68.30000000000291	79
68.40000000000146	80
68.40000000000146	34
68.5	62
68.90000000000146	72
68.90000000000146	1
69.0	57
69.0	56
69.0	9
69.10000000000582	24
69.20000000000437	6
69.20000000000437	43
69.20000000000437	78
69.20000000000437	3
69.30000000000291	7
69.30000000000291	98
70.10000000000582	96
70.20000000000437	81
70.20000000000437	77
70.20000000000437	26
70.5	58
70.5	85
70.70000000000437	89
71.10000000000582	61
71.10000000000582	97
71.10000000000582	35
71.10000000000582	20
71.10000000000582	64
71.10000000000582	79
71.20000000000437	17
71.30000000000291	33
71.30000000000291	72
71.30000000000291	53
71.30000000000291	31
71.40000000000146	90
71.40000000000146	14
71.5	94
71.60000000000582	34
72.20000000000437	92
72.20000000000437	30
72.30000000000291	6
72.30000000000291	49
72.30000000000291	62
72.60000000000582	63
72.60000000000582	4
73.10000000000582	57
73.10000000000582	11
73.20000000000437	26
73.30000000000291	43
73.40000000000146	7
73.40000000000146	1
73.40000000000146	58
73.5	51
73.60000000000582	54
73.70000000000437	69
73.70000000000437	91
74.10000000000582	31
74.10000000000582	17
75.60000000000582	71
75.70000000000437	10
74.90000000000146	42
74.90000000000146	88
74.90000000000146	100
74.90000000000146	96
74.90000000000146	94
74.90000000000146	33
76.10000000000582	45
76.10000000000582	12
76.10000000000582	34
76.10000000000582	24
76.10000000000582	27
76.10000000000582	20
76.10000000000582	15
76.10000000000582	14
76.10000000000582	90
76.10000000000582	82
76.10000000000582	7
76.20000000000437	77
76.20000000000437	1
76.20000000000437	61
76.30000000000291	81
76.70000000000437	4
76.70000000000437	80
77.10000000000582	62
77.10000000000582	85
77.20000000000437	68
77.20000000000437	70
78.40000000000146	71
78.5	22
78.5	54
78.70000000000437	75
78.70000000000437	95
77.90000000000146	50
77.90000000000146	89
78.70000000000437	33
78.70000000000437	30
78.70000000000437	94
78.70000000000437	96
78.70000000000437	97
78.70000000000437	9
78.70000000000437	76
78.70000000000437	52
78.70000000000437	11
79.10000000000582	15
79.30000000000291	51
79.30000000000291	18
79.10000000000582	87
79.30000000000291	72
79.5	12
79.60000000000582	3
79.60000000000582	24
80.0	58
79.90000000000146	43
80.0	90
80.0	27
80.10000000000582	78
80.10000000000582	6
80.20000000000437	7
80.20000000000437	28
80.20000000000437	92
80.20000000000437	57
80.20000000000437	53
80.20000000000437	77
80.20000000000437	63
80.30000000000291	70
80.30000000000291	67
80.60000000000582	34
80.70000000000437	85
81.40000000000146	1
81.60000000000582	11
81.70000000000437	97
81.70000000000437	17
81.70000000000437	75
82.30000000000291	56
82.60000000000582	14
82.10000000000582	51
82.10000000000582	30
82.10000000000582	89
82.10000000000582	54
82.20000000000437	18
82.20000000000437	33
82.30000000000291	50
82.30000000000291	62
82.30000000000291	4
82.30000000000291	80
82.30000000000291	87
82.30000000000291	96
82.30000000000291	20
82.40000000000146	61
82.40000000000146	31
83.30000000000291	72
83.70000000000437	10
84.70000000000437	49
83.90000000000146	15
83.90000000000146	22
84.0	91
84.10000000000582	77
84.10000000000582	69
84.20000000000437	42
84.20000000000437	63
84.20000000000437	27
84.20000000000437	98
84.30000000000291	100
84.30000000000291	23
84.30000000000291	83
84.40000000000146	7
84.40000000000146	57
84.40000000000146	51
84.40000000000146	88
84.60000000000582	70
84.60000000000582	64
85.10000000000582	97
85.5	4
85.20000000000437	75
85.70000000000437	28
85.90000000000146	79
86.20000000000437	26
86.20000000000437	21
86.20000000000437	14
86.30000000000291	22
86.30000000000291	53
86.30000000000291	90
86.30000000000291	85
86.30000000000291	17
86.5	58
86.5	11
86.5	33
86.70000000000437	65
86.90000000000146	18
86.90000000000146	12
86.90000000000146	6
86.90000000000146	92
87.0	61
87.0	44
87.20000000000437	78
87.90000000000146	49
88.10000000000582	62
88.20000000000437	77
88.30000000000291	54
88.30000000000291	24
88.30000000000291	99
88.40000000000146	50
88.40000000000146	43
88.40000000000146	7
88.40000000000146	34
88.5	76
88.5	94
88.60000000000582	71
89.0	89
89.40000000000146	30
88.90000000000146	80
88.90000000000146	96
88.90000000000146	91
88.90000000000146	97
89.20000000000437	61
90.0	20
90.0	28
90.10000000000582	64
90.10000000000582	79
90.20000000000437	18
90.20000000000437	12
90.40000000000146	23
90.40000000000146	87
90.40000000000146	63
90.5	3
90.5	52
91.60000000000582	69
91.60000000000582	14
90.90000000000146	49
90.90000000000146	42
90.90000000000146	10
91.20000000000437	50
91.20000000000437	68
91.70000000000437	80
91.90000000000146	24
92.40000000000146	76
92.40000000000146	77
92.40000000000146	1
92.40000000000146	30
93.20000000000437	89
93.20000000000437	75
93.20000000000437	90
93.20000000000437	7
93.20000000000437	88
93.20000000000437	22
93.20000000000437	62
93.20000000000437	38
93.20000000000437	72
93.20000000000437	96
93.20000000000437	97
93.30000000000291	28
93.30000000000291	33
93.30000000000291	4
93.40000000000146	53
93.90000000000146	21
93.90000000000146	58
94.5	6
94.5	43
94.5	84
94.5	85
94.60000000000582	16
94.60000000000582	11
94.60000000000582	34
94.60000000000582	26
94.60000000000582	83
94.60000000000582	78
95.0	61
95.10000000000582	57
95.10000000000582	15
95.30000000000291	91
95.30000000000291	94
95.40000000000146	51
95.5	17
96.10000000000582	98
96.10000000000582	96
96.20000000000437	33
96.20000000000437	3
96.20000000000437	71
96.30000000000291	77
96.60000000000582	89
96.60000000000582	87
96.60000000000582	7
96.90000000000146	27
97.0	18
97.0	38
97.10000000000582	72
97.10000000000582	11
97.20000000000437	70
97.20000000000437	100
97.20000000000437	28
97.30000000000291	12
97.30000000000291	65
97.40000000000146	50
97.40000000000146	43
97.5	55
98.10000000000582	92
98.20000000000437	63
98.20000000000437	17
98.20000000000437	34
98.20000000000437	6
98.30000000000291	79
98.5	57
98.5	85
98.60000000000582	67
98.60000000000582	21
98.90000000000146	94
99.10000000000582	26
99.20000000000437	49
99.30000000000291	24
99.30000000000291	16
99.40000000000146	84
99.40000000000146	83
99.5	81
99.60000000000582	51
99.60000000000582	61
100.20000000000437	18
100.20000000000437	27
100.20000000000437	97
100.30000000000291	22
100.30000000000291	53
100.30000000000291	33
100.30000000000291	96
100.40000000000146	99
100.60000000000582	15
100.70000000000437	4
101.20000000000437	37
101.60000000000582	78
100.90000000000146	90
101.10000000000582	72
101.10000000000582	28
101.20000000000437	64
101.5	2
101.5	43
101.5	46
102.10000000000582	29
102.30000000000291	45
102.30000000000291	91
102.30000000000291	94
102.40000000000146	84
102.40000000000146	16
102.40000000000146	89
102.5	52
102.5	100
103.10000000000582	26
102.90000000000146	30
102.90000000000146	6
102.90000000000146	3
103.0	50
103.0	88
103.10000000000582	17
103.60000000000582	55
103.60000000000582	24
103.60000000000582	38
104.30000000000291	42
104.30000000000291	65
104.40000000000146	69
104.40000000000146	7
104.40000000000146	87
104.40000000000146	49
104.40000000000146	95
104.5	83
104.5	82
104.5	79
104.60000000000582	34
105.60000000000582	28
104.90000000000146	27
105.0	4
105.0	33
105.0	75
105.10000000000582	58
105.10000000000582	37
105.20000000000437	50
105.70000000000437	18
105.90000000000146	70
105.90000000000146	11
106.40000000000146	57
106.40000000000146	35
106.40000000000146	9
106.40000000000146	17
106.5	100
106.60000000000582	91
107.10000000000582	10
106.90000000000146	71
107.0	16
107.60000000000582	85
107.60000000000582	78
107.60000000000582	52
107.60000000000582	92
107.70000000000437	3
107.70000000000437	26
107.70000000000437	51
108.5	73
108.5	61
108.5	13
108.5	84
108.5	54
108.5	28
108.5	94
108.5	95
108.60000000000582	45
108.70000000000437	72
108.70000000000437	4
108.90000000000146	21
109.30000000000291	96
109.30000000000291	41
109.30000000000291	48
109.30000000000291	50
109.30000000000291	18
109.30000000000291	24
109.30000000000291	36
109.30000000000291	63
110.0	23
110.0	70
110.0	55
110.0	97
110.0	16
110.10000000000582	80
110.40000000000146	1
110.60000000000582	57
110.60000000000582	79
110.60000000000582	85
110.60000000000582	69
110.70000000000437	30
111.40000000000146	37
110.90000000000146	32
111.0	27
111.10000000000582	11
111.10000000000582	14
111.20000000000437	100
111.20000000000437	84
111.20000000000437	72
111.30000000000291	51
111.40000000000146	29
111.40000000000146	17
111.40000000000146	65
112.20000000000437	26
112.60000000000582	83
111.90000000000146	93
111.90000000000146	74
112.0	7
112.20000000000437	61
112.60000000000582	42
112.60000000000582	90
112.60000000000582	89
113.0	36
113.20000000000437	53
112.90000000000146	88
113.10000000000582	24
113.20000000000437	15
113.40000000000146	34
113.5	33
113.5	3
113.5	45
113.5	62
113.60000000000582	1
113.70000000000437	69
113.70000000000437	48
113.90000000000146	49
113.90000000000146	97
113.90000000000146	4
113.90000000000146	43
114.0	18
114.0	55
114.0	70
114.60000000000582	9
114.70000000000437	66
114.70000000000437	50
115.70000000000437	14
114.90000000000146	6
114.90000000000146	87
115.10000000000582	11
115.30000000000291	32
115.5	82
115.60000000000582	80
115.70000000000437	37
116.70000000000437	85
115.90000000000146	12
116.0	40
116.0	83
116.0	56
116.0	54
116.0	38
116.10000000000582	65
116.20000000000437	61
116.20000000000437	26
116.70000000000437	33
116.70000000000437	94
117.5	5
116.90000000000146	15
116.90000000000146	30
116.90000000000146	51
117.20000000000437	50
117.60000000000582	71
117.60000000000582	20
117.60000000000582	79
117.90000000000146	3
117.90000000000146	42
118.0	24
118.0	35
118.0	84
118.10000000000582	74
118.10000000000582	18
118.10000000000582	64
118.10000000000582	70
118.10000000000582	86
118.20000000000437	48
118.20000000000437	100
118.30000000000291	14
118.70000000000437	69
119.60000000000582	7
119.70000000000437	52
119.0	55
119.0	60
119.10000000000582	10
119.70000000000437	6
119.70000000000437	68
119.70000000000437	32
119.70000000000437	53
120.10000000000582	28
120.10000000000582	65
120.10000000000582	30
120.20000000000437	40
120.20000000000437	80
120.20000000000437	12
120.20000000000437	37
120.20000000000437	97
120.20000000000437	82
120.20000000000437	11
120.20000000000437	17
120.20000000000437	8
120.20000000000437	38
120.20000000000437	29
120.30000000000291	70
121.20000000000437	83
121.70000000000437	85
120.90000000000146	16
121.20000000000437	50
122.0	52
122.0	23
122.10000000000582	69
122.10000000000582	5
123.0	89
123.0	3
123.0	100
123.0	49
123.10000000000582	93
123.10000000000582	45
123.10000000000582	35
123.10000000000582	79
123.10000000000582	14
123.10000000000582	24
123.10000000000582	81
123.10000000000582	41
123.10000000000582	25
123.10000000000582	84
123.10000000000582	61
123.10000000000582	31
123.10000000000582	32
123.10000000000582	60
123.20000000000437	7
123.30000000000291	15
123.70000000000437	27
123.90000000000146	47
124.10000000000582	33
124.0	53
124.20000000000437	72
124.30000000000291	29
124.30000000000291	11
124.40000000000146	51
124.40000000000146	96
124.40000000000146	26
124.40000000000146	56
124.40000000000146	65
124.40000000000146	88
124.40000000000146	87
124.90000000000146	15
125.0	37
125.60000000000582	73
125.60000000000582	61
125.60000000000582	18
125.60000000000582	97
125.70000000000437	50
125.70000000000437	69
126.5	83
126.70000000000437	91
125.90000000000146	16
126.20000000000437	27
126.30000000000291	35
126.30000000000291	24
126.30000000000291	60
126.30000000000291	1
126.30000000000291	14
126.40000000000146	92
126.40000000000146	84
126.5	52
126.5	76
126.5	53
126.60000000000582	74
127.10000000000582	11
127.20000000000437	72
127.20000000000437	34
127.20000000000437	36
127.20000000000437	70
127.5	93
127.70000000000437	13
128.40000000000146	47
127.90000000000146	23
128.0	32
128.20000000000437	4
128.3000000000029	6
128.40000000000146	16
128.40000000000146	3
128.5	21
128.5	37
128.5	97
128.60000000000582	46
128.60000000000582	7
128.60000000000582	43
128.70000000000437	86
129.10000000000582	31
129.10000000000582	22
129.3000000000029	18
129.40000000000146	61
129.40000000000146	50
129.90000000000146	76
129.90000000000146	42
129.90000000000146	54
130.0	33
130.20000000000437	84
130.3000000000029	17
130.3000000000029	27
130.3000000000029	62
130.3000000000029	24
130.40000000000146	53
130.40000000000146	10
130.60000000000582	85
130.60000000000582	29
130.60000000000582	28
130.60000000000582	79
130.70000000000437	41
130.70000000000437	44
131.0	32
131.10000000000582	11
131.20000000000437	34
131.3000000000029	64
131.40000000000146	55
132.0	96
132.0	83
132.20000000000437	22
132.20000000000437	75
132.3000000000029	48
132.40000000000146	14
132.40000000000146	97
132.40000000000146	4
132.40000000000146	47
132.5	18
132.60000000000582	56
132.60000000000582	59
132.60000000000582	94
132.60000000000582	3
132.70000000000437	72
133.0	52
133.5	57
133.20000000000437	5
133.20000000000437	80
133.20000000000437	71
133.3000000000029	15
133.40000000000146	70
133.40000000000146	100
133.40000000000146	76
134.20000000000437	84
134.3000000000029	65
134.40000000000146	69
134.40000000000146	50
134.40000000000146	42
134.40000000000146	7
134.5	93
134.5	89
134.5	85
134.70000000000437	6
134.70000000000437	43
134.70000000000437	17
134.70000000000437	51
135.60000000000582	32
134.90000000000146	95
134.90000000000146	38
134.90000000000146	44
134.90000000000146	33
135.20000000000437	72
135.3000000000029	31
135.40000000000146	27
135.40000000000146	92
135.5	55
135.5	61
136.20000000000437	22
136.40000000000146	62
136.40000000000146	13
136.70000000000437	59
136.70000000000437	47
136.70000000000437	24
136.70000000000437	66
137.40000000000146	97
136.90000000000146	5
137.70000000000437	79
136.90000000000146	87
137.0	54
137.0	81
137.0	15
137.0	18
137.0	8
137.0	52
137.3000000000029	26
137.40000000000146	4
137.40000000000146	30
137.40000000000146	68
137.5	64
138.3000000000029	16
138.40000000000146	31
139.20000000000437	94
139.20000000000437	17
139.20000000000437	46
139.20000000000437	48
139.20000000000437	33
139.20000000000437	67
139.20000000000437	51
139.20000000000437	75
139.20000000000437	49
139.20000000000437	85
139.20000000000437	44
139.20000000000437	61
139.3000000000029	19
139.3000000000029	84
139.40000000000146	32
139.40000000000146	27
139.40000000000146	71
139.40000000000146	65
139.5	3
139.5	24
139.60000000000582	92
140.90000000000146	53
140.90000000000146	76
140.90000000000146	43
140.90000000000146	74
140.90000000000146	72
140.90000000000146	22
140.90000000000146	50
140.90000000000146	7
140.90000000000146	96
141.0	42
141.0	5
141.0	10
141.0	87
141.10000000000582	11
141.20000000000437	20
141.20000000000437	75
141.20000000000437	54
141.3000000000029	57
141.3000000000029	55
141.40000000000146	26
142.10000000000582	80
142.60000000000582	40
142.70000000000437	33
142.70000000000437	45
142.70000000000437	85
143.10000000000582	51
143.0	16
143.0	52
143.0	67
143.0	66
143.10000000000582	68
143.10000000000582	99
143.10000000000582	59
143.20000000000437	28
143.20000000000437	97
143.3000000000029	69
143.3000000000029	50
143.3000000000029	92
143.3000000000029	36
143.3000000000029	4
143.40000000000146	46
143.40000000000146	61
144.60000000000582	14
144.70000000000437	72
144.70000000000437	6
145.0	25
145.40000000000146	81
145.0	53
145.20000000000437	26
145.0	31
145.0	48
145.0	30
145.10000000000582	79
145.20000000000437	93
145.20000000000437	23
145.20000000000437	41
145.20000000000437	83
145.20000000000437	89
145.3000000000029	84
145.3000000000029	18
145.3000000000029	47
145.40000000000146	15
145.40000000000146	3
146.60000000000582	95
146.60000000000582	17
146.60000000000582	22
146.70000000000437	92
146.70000000000437	44
147.0	51
147.10000000000582	42
147.10000000000582	7
146.90000000000146	27
146.90000000000146	70
146.90000000000146	62
147.10000000000582	32
147.10000000000582	87
147.10000000000582	75
147.10000000000582	57
147.10000000000582	5
147.20000000000437	33
147.20000000000437	68
147.40000000000146	45
148.10000000000582	93
148.10000000000582	30
148.5	6
148.70000000000437	79
148.70000000000437	80
148.70000000000437	43
149.60000000000582	49
148.90000000000146	8
149.10000000000582	52
149.70000000000437	24
148.90000000000146	28
148.90000000000146	61
149.0	4
149.10000000000582	60
149.20000000000437	73
149.20000000000437	10
149.20000000000437	50
149.20000000000437	66
149.60000000000582	14
149.60000000000582	18
150.10000000000582	7
150.20000000000437	90
150.40000000000146	54
150.5	87
150.90000000000146	85
151.0	86
151.0	41
151.20000000000437	76
150.90000000000146	48
150.90000000000146	9
151.0	16
151.0	32
151.0	59
151.0	27
151.0	70
151.20000000000437	5
151.20000000000437	97
151.5	65
152.3000000000029	13
152.3000000000029	62
152.40000000000146	60
152.40000000000146	88
152.5	49
152.60000000000582	53
153.40000000000146	29
153.40000000000146	52
153.40000000000146	79
153.40000000000146	44
153.40000000000146	30
153.40000000000146	75
153.40000000000146	61
153.40000000000146	94
153.40000000000146	76
153.40000000000146	4
153.40000000000146	66
153.40000000000146	34
153.40000000000146	10
153.40000000000146	100
153.40000000000146	69
153.40000000000146	22
154.20000000000437	28
154.20000000000437	18
154.3000000000029	73
154.3000000000029	9
154.3000000000029	17
154.90000000000146	90
154.90000000000146	84
154.90000000000146	25
154.90000000000146	11
154.90000000000146	50
154.90000000000146	85
154.90000000000146	7
154.90000000000146	48
155.0	54
155.70000000000437	71
155.70000000000437	89
155.70000000000437	16
155.70000000000437	65
155.70000000000437	45
155.70000000000437	55
155.70000000000437	26
155.70000000000437	39
155.70000000000437	27
155.70000000000437	92
155.70000000000437	67
155.70000000000437	61
155.70000000000437	57
155.70000000000437	64
156.5	23
155.90000000000146	59
156.70000000000437	14
156.70000000000437	72
156.70000000000437	41
157.0	53
157.20000000000437	5
157.20000000000437	11
157.3000000000029	100
157.3000000000029	70
157.3000000000029	32
157.3000000000029	49
157.3000000000029	69
157.3000000000029	35
157.40000000000146	28
157.40000000000146	4
157.40000000000146	34
157.40000000000146	79
157.40000000000146	42
157.40000000000146	96
157.5	94
157.70000000000437	33
157.70000000000437	83
157.70000000000437	29
157.70000000000437	38
157.70000000000437	75
157.70000000000437	31
158.20000000000437	84
158.40000000000146	8
158.40000000000146	17
159.10000000000582	52
159.60000000000582	13
158.90000000000146	22
158.90000000000146	97
159.10000000000582	36
159.10000000000582	65
159.3000000000029	6
159.3000000000029	80
159.5	7
159.5	24
159.5	92
159.70000000000437	61
159.70000000000437	98
160.3000000000029	45
160.5	23
159.90000000000146	30
160.3000000000029	87
160.3000000000029	72
160.3000000000029	5
160.5	42
160.5	76
160.5	63
160.5	43
160.90000000000146	32
160.90000000000146	62
160.90000000000146	33
160.90000000000146	39
161.0	16
161.20000000000437	75
161.3000000000029	35
161.3000000000029	66
161.3000000000029	4
161.40000000000146	94
161.60000000000582	28
162.10000000000582	70
162.3000000000029	80
162.20000000000437	49
161.90000000000146	31
161.90000000000146	38
162.3000000000029	13
162.40000000000146	29
162.40000000000146	52
162.40000000000146	22
162.40000000000146	53
162.60000000000582	8
163.0	23
163.0	81
163.0	73
163.0	97
163.10000000000582	40
163.10000000000582	87
163.10000000000582	65
163.3000000000029	95
163.3000000000029	84
163.40000000000146	27
163.5	6
163.70000000000437	89
163.70000000000437	47
164.0	92
164.10000000000582	41
164.3000000000029	61
163.90000000000146	26
164.40000000000146	11
164.5	79
164.5	50
164.60000000000582	77
164.60000000000582	16
164.60000000000582	17
164.90000000000146	76
165.0	45
165.0	39
165.10000000000582	66
165.10000000000582	35
165.10000000000582	56
165.20000000000437	75
165.20000000000437	18
165.3000000000029	72
165.40000000000146	37
165.5	94
165.60000000000582	85
166.5	55
165.90000000000146	4
165.90000000000146	32
166.20000000000437	29
166.20000000000437	22
166.5	96
166.60000000000582	70
166.60000000000582	73
166.60000000000582	53
166.70000000000437	34
166.90000000000146	87
166.90000000000146	23
166.90000000000146	79
166.90000000000146	93
167.0	38
167.10000000000582	84
167.10000000000582	68
167.20000000000437	97
167.20000000000437	57
167.3000000000029	33
167.3000000000029	47
167.3000000000029	13
167.60000000000582	6
168.5	41
168.60000000000582	8
168.60000000000582	42
168.60000000000582	77
168.60000000000582	16
169.3000000000029	28
169.3000000000029	72
169.3000000000029	99
169.3000000000029	7
169.3000000000029	75
169.3000000000029	52
169.3000000000029	24
169.3000000000029	39
169.3000000000029	9
169.3000000000029	27
169.3000000000029	61
169.40000000000146	3
169.40000000000146	30
169.5	65
169.5	5
169.5	45
169.5	92
170.60000000000582	54
170.40000000000146	84
170.5	70
170.5	76
170.5	14
170.5	42
170.60000000000582	93
170.60000000000582	46
170.70000000000437	63
170.70000000000437	56
170.70000000000437	15
170.90000000000146	69
171.10000000000582	66
171.20000000000437	89
171.20000000000437	94
171.20000000000437	13
171.20000000000437	4
171.3000000000029	22
171.3000000000029	34
171.3000000000029	44
171.40000000000146	52
171.5	71
171.5	53
172.0	90
172.10000000000582	35
172.3000000000029	41
172.3000000000029	57
172.3000000000029	73
172.40000000000146	87
172.40000000000146	18
172.40000000000146	64
172.70000000000437	45
172.70000000000437	9
173.40000000000146	12
173.5	83
173.70000000000437	96
172.90000000000146	8
173.0	47
173.0	25
173.3000000000029	61
173.3000000000029	17
173.3000000000029	59
173.5	91
173.5	23
173.60000000000582	60
174.10000000000582	95
173.90000000000146	3
174.10000000000582	24
174.20000000000437	85
174.20000000000437	86
174.3000000000029	37
174.5	87
174.5	22
174.5	75
174.5	62
174.60000000000582	70
174.60000000000582	27
174.70000000000437	40
174.90000000000146	49
174.90000000000146	84
174.90000000000146	21
175.70000000000437	14
175.70000000000437	25
175.70000000000437	1
175.70000000000437	47
176.3000000000029	45
175.90000000000146	81
176.10000000000582	41
176.20000000000437	95
176.20000000000437	96
176.20000000000437	35
176.20000000000437	18
176.5	100
176.5	97
176.60000000000582	85
176.70000000000437	29
176.90000000000146	16
176.90000000000146	68
176.90000000000146	26
177.0	9
177.5	24
177.70000000000437	79
177.70000000000437	5
178.0	23
178.10000000000582	44
177.90000000000146	57
177.90000000000146	17
177.90000000000146	50
178.10000000000582	64
178.20000000000437	92
178.3000000000029	38
178.3000000000029	8
178.3000000000029	40
178.3000000000029	27
178.40000000000146	11
178.5	37
178.5	66
178.60000000000582	63
179.0	78
179.10000000000582	21
179.10000000000582	76
179.10000000000582	61
179.60000000000582	28
179.60000000000582	65
179.70000000000437	89
179.90000000000146	73
180.0	16
180.0	39
180.20000000000437	22
180.20000000000437	94
180.20000000000437	13
180.3000000000029	43
180.40000000000146	70
180.40000000000146	44
180.5	4
180.5	80
180.5	84
180.60000000000582	8
180.70000000000437	54
180.70000000000437	30
180.70000000000437	53
181.10000000000582	23
181.10000000000582	79
181.10000000000582	77
181.20000000000437	75
181.70000000000437	12
181.90000000000146	85
182.10000000000582	33
182.10000000000582	34
182.20000000000437	24
182.3000000000029	51
182.3000000000029	41
182.3000000000029	17
182.40000000000146	45
182.5	63
182.5	27
182.60000000000582	87
182.70000000000437	9
182.70000000000437	49
182.70000000000437	96
182.70000000000437	60
183.10000000000582	97
183.60000000000582	80
183.70000000000437	29
183.70000000000437	73
183.70000000000437	18
183.70000000000437	57
184.0	61
184.10000000000582	69
184.3000000000029	76
184.5	95
184.5	94
184.5	83
184.60000000000582	70
184.60000000000582	50
184.60000000000582	30
184.70000000000437	62
184.70000000000437	16
184.70000000000437	66
184.70000000000437	4
184.90000000000146	21
185.0	44
185.20000000000437	22
185.20000000000437	15
185.20000000000437	35
186.0	33
186.0	65
186.0	25
186.0	100
186.0	40
186.0	47
186.10000000000582	23
186.10000000000582	41
186.20000000000437	39
186.20000000000437	68
187.40000000000146	45
187.40000000000146	28
187.40000000000146	52
187.40000000000146	24
187.40000000000146	63
187.40000000000146	8
187.5	46
187.5	3
187.5	75
187.60000000000582	54
188.70000000000437	21
188.0	86
188.0	42
188.0	85
188.10000000000582	5
188.10000000000582	18
188.10000000000582	69
188.10000000000582	14
188.20000000000437	17
188.40000000000146	89
188.40000000000146	39
188.5	30
188.5	59
188.60000000000582	79
189.20000000000437	44
189.70000000000437	37
188.90000000000146	33
188.90000000000146	66
188.90000000000146	27
188.90000000000146	40
189.20000000000437	75
189.40000000000146	53
189.40000000000146	46
189.5	15
190.40000000000146	61
189.90000000000146	65
189.90000000000146	7
189.90000000000146	23
190.0	16
190.0	12
190.10000000000582	45
190.20000000000437	17
190.3000000000029	63
190.40000000000146	24
190.60000000000582	28
190.60000000000582	47
190.70000000000437	73
190.90000000000146	54
191.0	52
191.0	48
191.0	60
191.3000000000029	41
191.40000000000146	83
191.5	21
191.5	84
191.60000000000582	8
192.40000000000146	69
191.90000000000146	22
192.0	91
192.0	18
192.20000000000437	13
192.20000000000437	62
192.3000000000029	53
192.5	95
192.5	39
192.60000000000582	70
192.60000000000582	68
192.60000000000582	96
192.60000000000582	49
193.0	44
193.0	87
193.0	27
193.10000000000582	85
193.10000000000582	38
193.20000000000437	35
193.40000000000146	32
193.60000000000582	15
193.60000000000582	24
193.70000000000437	73
194.3000000000029	100
194.60000000000582	47
193.90000000000146	80
194.10000000000582	17
194.20000000000437	22
194.40000000000146	75
194.40000000000146	84
194.60000000000582	57
194.60000000000582	61
194.70000000000437	54
194.70000000000437	29
194.70000000000437	16
195.10000000000582	89
195.0	19
195.10000000000582	79
195.10000000000582	11
195.10000000000582	23
195.20000000000437	21
195.60000000000582	62
195.60000000000582	45
195.70000000000437	8
195.70000000000437	33
195.70000000000437	6
196.0	4
196.20000000000437	20
196.20000000000437	5
196.60000000000582	40
196.70000000000437	56
196.70000000000437	7
196.90000000000146	28
197.10000000000582	34
197.10000000000582	86
197.3000000000029	59
197.10000000000582	30
197.3000000000029	53
197.3000000000029	18
197.3000000000029	41
197.40000000000146	60
197.40000000000146	61
197.60000000000582	52
198.10000000000582	48
198.3000000000029	39
198.0	95
198.40000000000146	6
198.5	99
198.60000000000582	73
198.70000000000437	46
198.70000000000437	87
199.60000000000582	78
198.90000000000146	24
198.90000000000146	8
198.90000000000146	64
199.20000000000437	83
199.90000000000146	32
199.90000000000146	76
199.90000000000146	23
199.90000000000146	65
199.90000000000146	27
199.90000000000146	69
199.90000000000146	29
201.10000000000582	22
201.10000000000582	28
201.10000000000582	63
201.10000000000582	7
201.20000000000437	85
201.20000000000437	35
201.20000000000437	51
201.20000000000437	86
201.20000000000437	84
201.20000000000437	30
201.20000000000437	39
201.20000000000437	58
201.20000000000437	15
201.20000000000437	16
201.20000000000437	77
201.3000000000029	11
201.3000000000029	56
201.3000000000029	61
201.40000000000146	13
201.40000000000146	18
201.40000000000146	53
201.70000000000437	52
201.70000000000437	62
202.3000000000029	75
202.3000000000029	38
202.3000000000029	21
203.5	5
203.5	40
203.60000000000582	46
203.60000000000582	23
203.70000000000437	16
202.90000000000146	47
202.90000000000146	44
202.90000000000146	87
202.90000000000146	26
202.90000000000146	33
203.0	8
203.0	96
203.0	24
203.10000000000582	35
203.20000000000437	85
203.40000000000146	70
203.40000000000146	73
203.5	69
203.5	76
204.0	41
204.3000000000029	30
204.40000000000146	22
204.70000000000437	39
204.70000000000437	27
205.0	45
205.3000000000029	77
205.60000000000582	86
205.60000000000582	65
204.90000000000146	29
204.90000000000146	91
204.90000000000146	17
205.10000000000582	28
205.20000000000437	15
205.20000000000437	60
205.3000000000029	49
205.5	62
205.5	19
205.60000000000582	25
205.60000000000582	100
205.60000000000582	61
206.5	97
206.5	47
206.60000000000582	73
206.60000000000582	69
206.60000000000582	21
206.60000000000582	11
206.70000000000437	8
206.70000000000437	88
206.90000000000146	85
206.90000000000146	87
206.90000000000146	72
207.0	46
207.0	54
207.0	40
207.10000000000582	96
207.20000000000437	7
207.20000000000437	24
207.20000000000437	42
207.5	65
207.60000000000582	33
207.60000000000582	5
207.60000000000582	68
208.60000000000582	53
208.60000000000582	27
208.60000000000582	80
208.70000000000437	22
208.70000000000437	75
209.40000000000146	45
209.5	15
209.5	62
208.90000000000146	91
208.90000000000146	30
209.0	89
209.0	32
209.10000000000582	90
209.10000000000582	100
209.40000000000146	47
209.5	24
209.60000000000582	9
209.70000000000437	18
209.70000000000437	25
209.70000000000437	61
209.70000000000437	37
210.40000000000146	44
210.60000000000582	85
210.70000000000437	3
210.70000000000437	69
210.70000000000437	98
210.90000000000146	43
210.90000000000146	64
210.90000000000146	7
210.90000000000146	16
211.0	40
211.10000000000582	23
211.10000000000582	42
211.10000000000582	70
211.10000000000582	56
211.20000000000437	96
211.20000000000437	33
211.20000000000437	11
211.40000000000146	63
211.60000000000582	65
211.70000000000437	29
212.40000000000146	45
212.60000000000582	54
212.60000000000582	6
212.70000000000437	53
212.70000000000437	90
212.90000000000146	50
213.3000000000029	95
213.5	2
213.60000000000582	34
213.0	68
213.0	71
213.10000000000582	84
213.10000000000582	100
213.20000000000437	44
213.20000000000437	41
213.20000000000437	22
213.20000000000437	49
213.20000000000437	57
213.3000000000029	51
213.70000000000437	21
213.90000000000146	75
214.0	13
214.10000000000582	20
214.60000000000582	23
214.70000000000437	27
215.40000000000146	89
215.5	39
215.5	77
215.60000000000582	35
214.90000000000146	15
215.60000000000582	56
215.70000000000437	87
215.70000000000437	38
215.70000000000437	79
215.70000000000437	25
215.70000000000437	72
215.70000000000437	5
215.70000000000437	11
216.60000000000582	41
216.70000000000437	16
216.70000000000437	26
216.70000000000437	90
216.70000000000437	18
216.70000000000437	68
217.0	51
217.20000000000437	50
217.20000000000437	53
217.40000000000146	63
216.90000000000146	47
217.0	6
217.0	94
217.0	33
217.0	13
217.10000000000582	22
217.20000000000437	84
217.20000000000437	44
217.20000000000437	46
217.20000000000437	34
217.3000000000029	99
218.5	10
217.90000000000146	21
218.5	39
218.5	7
219.40000000000146	46
219.40000000000146	75
219.40000000000146	89
219.40000000000146	25
219.40000000000146	59
219.40000000000146	61
219.40000000000146	32
219.40000000000146	96
219.40000000000146	20
219.40000000000146	87
219.40000000000146	70
219.40000000000146	23
219.40000000000146	72
219.5	56
219.5	54
219.60000000000582	34
219.60000000000582	38
219.90000000000146	50
219.90000000000146	18
220.10000000000582	35
220.20000000000437	33
220.5	6
220.5	4
220.5	69
220.70000000000437	44
221.10000000000582	95
221.0	24
221.0	41
221.0	11
221.10000000000582	100
221.10000000000582	76
221.10000000000582	13
221.60000000000582	30
221.60000000000582	63
221.60000000000582	8
221.60000000000582	99
221.70000000000437	16
222.0	65
222.0	10
222.20000000000437	57
222.5	39
222.5	53
222.60000000000582	38
222.70000000000437	89
223.3000000000029	23
223.40000000000146	5
223.40000000000146	12
222.90000000000146	81
222.90000000000146	82
223.0	80
223.10000000000582	48
223.10000000000582	92
223.20000000000437	76
223.20000000000437	56
223.3000000000029	32
223.3000000000029	45
223.40000000000146	100
223.5	2
223.5	51
224.0	9
224.5	71
224.60000000000582	69
224.60000000000582	27
224.70000000000437	68
225.60000000000582	30
225.20000000000437	44
224.90000000000146	46
224.90000000000146	86
225.0	34
225.0	7
225.20000000000437	6
225.20000000000437	22
225.3000000000029	95
225.3000000000029	75
225.3000000000029	62
225.5	36
225.60000000000582	10
225.60000000000582	96
225.70000000000437	21
225.70000000000437	63
225.70000000000437	59
225.70000000000437	57
226.0	72
226.20000000000437	11
226.60000000000582	23
226.60000000000582	38
226.70000000000437	3
226.70000000000437	13
226.90000000000146	87
226.90000000000146	26
226.90000000000146	65
227.0	16
227.0	5
227.20000000000437	77
227.40000000000146	2
227.40000000000146	41
227.40000000000146	56
227.60000000000582	20
227.60000000000582	47
227.70000000000437	18
227.70000000000437	94
227.70000000000437	8
228.60000000000582	89
228.60000000000582	50
228.10000000000582	32
228.20000000000437	73
228.60000000000582	42
228.70000000000437	19
228.70000000000437	69
229.60000000000582	45
229.70000000000437	1
229.70000000000437	100
229.0	57
229.0	54
229.10000000000582	46
229.10000000000582	34
229.3000000000029	33
229.40000000000146	11
229.5	75
229.70000000000437	9
229.70000000000437	95
229.70000000000437	59
229.90000000000146	62
229.90000000000146	27
230.10000000000582	15
230.20000000000437	17
230.20000000000437	18
230.3000000000029	68
230.60000000000582	87
230.70000000000437	4
230.70000000000437	60
231.20000000000437	89
231.3000000000029	39
231.3000000000029	7
230.90000000000146	90
230.90000000000146	91
231.60000000000582	5
231.60000000000582	79
231.60000000000582	49
231.60000000000582	2
231.60000000000582	46
231.70000000000437	13
232.40000000000146	32
232.40000000000146	51
232.40000000000146	53
232.40000000000146	92
232.40000000000146	76
232.40000000000146	98
232.5	84
232.5	94
232.5	33
232.5	62
232.5	85
232.5	95
233.20000000000437	23
233.5	22
233.5	63
233.70000000000437	28
232.90000000000146	78
233.20000000000437	61
233.3000000000029	99
233.40000000000146	26
233.5	97
233.5	90
233.70000000000437	41
233.70000000000437	5
233.70000000000437	93
234.40000000000146	54
234.5	69
234.5	21
234.5	56
234.60000000000582	14
234.60000000000582	59
234.60000000000582	65
234.60000000000582	77
234.60000000000582	20
234.60000000000582	45
234.70000000000437	79
235.60000000000582	73
234.90000000000146	89
235.20000000000437	57
235.20000000000437	68
235.40000000000146	72
236.10000000000582	2
236.3000000000029	87
236.3000000000029	55
235.90000000000146	85
235.90000000000146	51
235.90000000000146	37
235.90000000000146	18
235.90000000000146	53
235.90000000000146	49
235.90000000000146	100
236.0	34
236.10000000000582	15
236.20000000000437	1
236.5	62
236.5	11
236.60000000000582	13
236.60000000000582	95
236.70000000000437	23
236.90000000000146	96
236.90000000000146	8
237.0	16
237.20000000000437	20
237.20000000000437	56
237.3000000000029	29
237.40000000000146	32
238.3000000000029	59
237.90000000000146	39
237.90000000000146	4
237.90000000000146	27
238.0	33
238.0	7
238.0	90
238.0	5
238.0	22
238.5	70
238.60000000000582	35
238.60000000000582	45
239.0	9
239.0	89
239.0	73
239.0	49
239.10000000000582	13
239.3000000000029	85
239.3000000000029	10
239.40000000000146	17
239.40000000000146	100
240.20000000000437	46
240.20000000000437	24
240.3000000000029	34
240.5	76
239.90000000000146	42
240.0	69
240.0	68
240.0	40
240.0	53
240.0	79
240.10000000000582	50
240.20000000000437	15
240.3000000000029	33
240.70000000000437	2
241.0	32
241.0	63
241.10000000000582	16
241.10000000000582	22
241.20000000000437	54
241.3000000000029	9
241.40000000000146	18
241.40000000000146	11
241.5	95
241.70000000000437	21
242.5	45
242.0	77
242.0	29
242.0	61
242.0	36
242.10000000000582	39
242.20000000000437	62
242.20000000000437	7
242.20000000000437	52
242.3000000000029	83
242.3000000000029	27
242.3000000000029	58
243.10000000000582	38
243.10000000000582	35
243.10000000000582	13
243.20000000000437	15
243.20000000000437	8
243.3000000000029	1
243.40000000000146	10
243.5	70
243.60000000000582	43
243.60000000000582	85
243.70000000000437	47
243.90000000000146	74
244.0	59
244.10000000000582	68
244.10000000000582	23
244.20000000000437	3
244.20000000000437	99
244.20000000000437	42
244.20000000000437	69
244.20000000000437	87
244.20000000000437	95
244.20000000000437	56
244.3000000000029	22
244.40000000000146	57
244.40000000000146	50
245.10000000000582	40
245.20000000000437	33
245.20000000000437	86
245.3000000000029	37
245.3000000000029	64
245.3000000000029	11
245.40000000000146	51
245.5	18
245.60000000000582	21
245.60000000000582	16
245.70000000000437	5
245.90000000000146	9
246.0	89
246.10000000000582	1
246.10000000000582	20
246.20000000000437	91
246.20000000000437	36
246.20000000000437	6
246.3000000000029	39
246.3000000000029	97
246.3000000000029	48
246.3000000000029	62
246.40000000000146	27
246.40000000000146	30
247.10000000000582	13
247.20000000000437	68
247.20000000000437	56
247.3000000000029	77
247.40000000000146	31
247.40000000000146	8
248.20000000000437	2
248.20000000000437	29
248.20000000000437	59
248.20000000000437	43
248.3000000000029	54
248.3000000000029	74
248.3000000000029	41
248.3000000000029	23
248.3000000000029	16
248.3000000000029	42
248.3000000000029	25
248.3000000000029	22
248.3000000000029	53
248.3000000000029	79
248.3000000000029	90
248.3000000000029	40
248.3000000000029	99
248.40000000000146	95
248.40000000000146	78
249.10000000000582	11
249.10000000000582	14
249.3000000000029	67
249.60000000000582	33
250.5	35
250.5	47
250.5	39
250.5	87
250.5	91
250.5	24
250.5	9
250.5	51
250.5	85
250.5	6
250.5	27
250.5	36
250.5	21
250.5	5
250.5	18
250.60000000000582	1
250.60000000000582	63
250.70000000000437	52
251.10000000000582	13
251.20000000000437	70
251.5	89
251.70000000000437	48
252.40000000000146	8
252.60000000000582	10
251.90000000000146	77
251.90000000000146	75
252.20000000000437	22
252.3000000000029	97
252.40000000000146	38
252.40000000000146	2
252.40000000000146	23
252.5	72
252.5	100
252.5	56
252.5	87
252.5	59
252.60000000000582	42
252.60000000000582	96
252.60000000000582	79
252.60000000000582	7
253.20000000000437	86
253.3000000000029	11
253.3000000000029	99
253.40000000000146	47
253.5	60
253.5	76
253.60000000000582	16
253.70000000000437	18
253.70000000000437	29
254.40000000000146	6
254.40000000000146	33
254.5	39
254.5	14
254.5	27
254.5	51
254.5	62
254.60000000000582	30
254.60000000000582	81
254.60000000000582	89
254.60000000000582	91
254.60000000000582	53
254.60000000000582	21
254.70000000000437	83
255.10000000000582	13
255.20000000000437	56
255.3000000000029	25
255.40000000000146	85
255.40000000000146	68
255.60000000000582	43
255.70000000000437	10
256.40000000000146	32
256.5	24
256.5	95
256.5	8
256.5	77
256.5	3
256.6000000000058	69
256.6000000000058	23
256.6000000000058	22
256.6000000000058	57
256.70000000000437	70
256.70000000000437	74
256.70000000000437	26
257.1000000000058	86
257.20000000000437	37
257.40000000000146	96
257.40000000000146	21
257.40000000000146	5
257.6000000000058	34
257.70000000000437	38
257.70000000000437	18
257.70000000000437	25
258.40000000000146	62
258.5	60
258.6000000000058	59
258.6000000000058	49
258.6000000000058	87
258.6000000000058	20
258.70000000000437	9
258.70000000000437	17
258.70000000000437	39
259.5	30
259.20000000000437	68
259.20000000000437	56
259.3000000000029	45
259.3000000000029	35
259.40000000000146	89
259.5	27
259.5	29
260.0	33
260.3000000000029	11
260.40000000000146	53
260.1000000000058	95
260.5	43
260.6000000000058	18
260.70000000000437	6
260.70000000000437	32
260.70000000000437	24
261.70000000000437	23
260.90000000000146	8
260.90000000000146	91
261.0	19
261.20000000000437	21
261.3000000000029	96
261.3000000000029	58
261.3000000000029	14
261.3000000000029	86
261.40000000000146	13
261.40000000000146	2
261.5	63
261.5	5
261.6000000000058	57
261.90000000000146	69
261.90000000000146	52
261.90000000000146	36
262.20000000000437	47
262.3000000000029	33
262.6000000000058	87
262.70000000000437	48
262.70000000000437	41
262.70000000000437	16
262.70000000000437	42
262.70000000000437	20
263.3000000000029	39
263.3000000000029	49
263.3000000000029	74
263.3000000000029	93
263.3000000000029	85
264.1000000000058	25
264.1000000000058	53
264.1000000000058	32
264.1000000000058	70
264.1000000000058	50
264.20000000000437	92
264.20000000000437	17
264.20000000000437	18
264.3000000000029	15
264.3000000000029	22
264.40000000000146	57
264.6000000000058	86
264.70000000000437	95
264.70000000000437	62
264.70000000000437	96
265.20000000000437	88
265.3000000000029	54
265.5	37
265.3000000000029	23
265.40000000000146	19
264.90000000000146	9
265.1000000000058	20
265.6000000000058	27
265.6000000000058	97
266.20000000000437	60
266.3000000000029	56
266.3000000000029	100
266.3000000000029	1
266.40000000000146	94
266.40000000000146	11
266.40000000000146	53
266.40000000000146	68
266.5	29
266.6000000000058	77
266.70000000000437	4
267.0	83
267.0	42
267.0	89
267.0	16
267.0	98
267.0	47
267.0	93
267.0	13
267.1000000000058	78
267.5	85
267.6000000000058	6
267.70000000000437	50
267.70000000000437	51
267.70000000000437	67
268.20000000000437	27
268.3000000000029	95
268.3000000000029	22
268.3000000000029	43
268.3000000000029	91
268.40000000000146	12
268.40000000000146	39
268.40000000000146	70
269.1000000000058	33
269.3000000000029	92
269.70000000000437	37
269.70000000000437	5
268.90000000000146	79
268.90000000000146	44
269.0	32
269.0	63
269.1000000000058	20
269.20000000000437	56
269.6000000000058	13
269.6000000000058	35
269.70000000000437	24
270.3000000000029	99
270.3000000000029	53
270.40000000000146	47
270.40000000000146	18
270.5	23
270.5	57
270.5	9
270.90000000000146	98
270.90000000000146	29
270.90000000000146	16
271.0	55
271.0	60
271.1000000000058	19
271.1000000000058	2
271.20000000000437	50
271.20000000000437	68
271.3000000000029	62
271.6000000000058	73
271.6000000000058	14
271.70000000000437	91
272.3000000000029	67
272.3000000000029	97
272.20000000000437	33
272.40000000000146	22
272.40000000000146	95
272.5	1
272.5	11
272.70000000000437	6
272.90000000000146	54
272.90000000000146	36
273.0	39
273.0	74
273.1000000000058	37
273.20000000000437	94
273.20000000000437	87
273.3000000000029	93
273.3000000000029	20
273.3000000000029	56
273.40000000000146	68
273.6000000000058	27
273.70000000000437	70
274.3000000000029	64
274.1000000000058	60
274.20000000000437	29
274.20000000000437	77
274.3000000000029	53
274.3000000000029	100
274.40000000000146	30
274.40000000000146	57
274.6000000000058	66
274.6000000000058	18
275.0	13
275.0	19
275.1000000000058	4
275.1000000000058	45
275.1000000000058	63
275.20000000000437	78
275.3000000000029	47
275.3000000000029	62
275.3000000000029	67
275.5	93
275.70000000000437	91
276.3000000000029	12
276.20000000000437	36
276.20000000000437	27
276.3000000000029	33
276.40000000000146	22
276.40000000000146	31
276.5	88
276.6000000000058	85
276.70000000000437	43
277.0	11
277.0	37
277.1000000000058	32
277.1000000000058	42
277.1000000000058	49
277.1000000000058	74
277.20000000000437	44
277.20000000000437	56
277.20000000000437	58
277.3000000000029	23
277.3000000000029	99
277.40000000000146	47
277.40000000000146	48
278.1000000000058	21
278.90000000000146	5
278.90000000000146	55
278.90000000000146	84
278.90000000000146	69
278.90000000000146	18
279.0	9
279.0	79
279.1000000000058	20
279.1000000000058	13
279.20000000000437	24
279.20000000000437	70
279.20000000000437	57
279.20000000000437	68
279.20000000000437	4
279.3000000000029	78
279.3000000000029	62
279.3000000000029	45
279.40000000000146	95
279.40000000000146	53
279.5	6
279.5	34
280.90000000000146	74
280.90000000000146	2
280.90000000000146	72
280.90000000000146	90
280.90000000000146	77
280.90000000000146	33
280.90000000000146	10
281.1000000000058	42
281.1000000000058	81
281.20000000000437	1
281.20000000000437	36
281.20000000000437	93
281.3000000000029	30
281.3000000000029	80
281.3000000000029	99
281.40000000000146	7
281.40000000000146	86
281.40000000000146	16
281.40000000000146	39
281.5	32
281.5	44
281.6000000000058	27
282.70000000000437	47
282.40000000000146	62
282.5	11
282.5	69
282.5	22
282.5	76
282.5	87
282.5	57
282.6000000000058	63
283.20000000000437	91
283.3000000000029	64
283.3000000000029	67
283.3000000000029	21
283.40000000000146	18
283.40000000000146	38
283.5	4
283.5	20
283.5	19
283.5	65
283.5	95
283.6000000000058	13
283.6000000000058	68
283.6000000000058	5
283.70000000000437	54
283.90000000000146	15
284.40000000000146	88
284.5	50
284.5	56
284.6000000000058	97
284.6000000000058	79
284.70000000000437	36
285.20000000000437	99
285.40000000000146	78
285.40000000000146	9
285.40000000000146	8
285.40000000000146	77
285.5	2
285.5	33
285.6000000000058	43
285.70000000000437	32
285.70000000000437	44
285.70000000000437	70
286.1000000000058	69
286.0	83
286.3000000000029	18
286.3000000000029	19
286.6000000000058	84
286.6000000000058	92
286.6000000000058	87
286.70000000000437	57
286.70000000000437	67
286.70000000000437	15
287.1000000000058	79
287.20000000000437	25
287.1000000000058	13
287.3000000000029	95
287.40000000000146	94
287.40000000000146	11
287.40000000000146	22
287.5	12
287.5	91
287.5	89
287.5	27
287.6000000000058	68
287.70000000000437	17
287.70000000000437	20
288.1000000000058	54
288.3000000000029	35
288.6000000000058	97
288.6000000000058	4
288.6000000000058	56
288.70000000000437	88
289.3000000000029	32
289.5	42
289.1000000000058	99
289.20000000000437	53
289.40000000000146	62
289.40000000000146	47
289.5	96
289.5	3
289.5	50
289.5	6
289.5	31
289.5	66
289.6000000000058	9
289.70000000000437	36
289.70000000000437	33
290.40000000000146	44
290.70000000000437	69
290.20000000000437	18
290.70000000000437	30
290.70000000000437	39
290.70000000000437	79
291.1000000000058	12
291.40000000000146	75
290.90000000000146	86
290.90000000000146	60
291.1000000000058	13
291.20000000000437	20
291.3000000000029	24
291.5	95
291.5	74
291.5	34
291.6000000000058	63
291.6000000000058	91
291.70000000000437	5
291.70000000000437	67
292.3000000000029	11
292.40000000000146	92
292.5	65
292.3000000000029	38
292.3000000000029	10
292.70000000000437	15
293.5	70
293.5	42
293.40000000000146	8
293.40000000000146	6
293.40000000000146	47
293.5	97
294.3000000000029	59
294.3000000000029	41
294.3000000000029	75
294.3000000000029	68
294.3000000000029	12
294.3000000000029	43
294.3000000000029	86
294.40000000000146	18
294.40000000000146	33
294.40000000000146	35
294.40000000000146	85
294.40000000000146	55
294.5	48
294.5	99
294.6000000000058	9
294.90000000000146	31
295.0	79
295.6000000000058	11
295.6000000000058	21
295.6000000000058	32
295.6000000000058	96
295.6000000000058	53
295.6000000000058	19
295.6000000000058	16
295.6000000000058	100
295.70000000000437	58
295.70000000000437	30
295.70000000000437	66
295.70000000000437	67
296.20000000000437	78
296.70000000000437	22
295.90000000000146	20
295.90000000000146	92
295.90000000000146	44
296.0	13
296.20000000000437	45
296.3000000000029	38
296.40000000000146	35
296.40000000000146	42
297.6000000000058	57
296.90000000000146	95
297.3000000000029	63
297.40000000000146	77
297.40000000000146	43
297.40000000000146	6
297.5	39
297.5	64
297.5	50
297.70000000000437	88
298.1000000000058	62
298.20000000000437	89
297.90000000000146	91
297.90000000000146	33
298.0	36
298.0	68
298.0	99
298.20000000000437	54
298.20000000000437	18
298.20000000000437	22
298.3000000000029	69
298.70000000000437	79
298.90000000000146	53
298.90000000000146	31
299.20000000000437	66
299.20000000000437	32
299.20000000000437	97
299.20000000000437	20
299.20000000000437	19
299.3000000000029	71
299.3000000000029	23
299.90000000000146	76
299.90000000000146	94
299.90000000000146	96
299.90000000000146	78
300.0	100
300.0	12
300.0	44
300.0	56
300.1000000000058	65
300.20000000000437	26
300.3000000000029	11
300.3000000000029	55
300.5	42
301.0	24
301.0	95
301.20000000000437	99
301.3000000000029	46
301.3000000000029	88
301.3000000000029	2
301.3000000000029	6
301.3000000000029	77
301.3000000000029	43
301.90000000000146	34
301.90000000000146	91
302.0	4
302.0	92
302.0	89
302.1000000000058	57
302.20000000000437	18
302.40000000000146	39
302.40000000000146	22
302.40000000000146	35
302.40000000000146	62
302.6000000000058	94
303.20000000000437	79
303.0	33
303.20000000000437	69
303.3000000000029	86
303.3000000000029	40
303.3000000000029	85
303.40000000000146	97
303.40000000000146	59
303.40000000000146	67
303.5	32
304.0	41
304.1000000000058	63
304.1000000000058	68
304.20000000000437	13
304.3000000000029	84
304.3000000000029	53
304.3000000000029	70
304.40000000000146	6
304.40000000000146	55
304.5	58
304.6000000000058	15
305.1000000000058	100
305.20000000000437	57
305.3000000000029	61
305.40000000000146	47
305.40000000000146	11
305.40000000000146	42
305.40000000000146	16
305.40000000000146	77
305.5	20
306.20000000000437	69
306.1000000000058	46
306.1000000000058	10
306.1000000000058	92
306.20000000000437	86
306.20000000000437	89
306.20000000000437	44
306.20000000000437	18
306.3000000000029	35
306.3000000000029	91
306.40000000000146	49
306.40000000000146	4
306.5	67
306.5	5
306.6000000000058	30
306.6000000000058	26
307.40000000000146	50
307.1000000000058	79
307.6000000000058	17
307.6000000000058	33
307.70000000000437	22
308.1000000000058	36
308.20000000000437	99
308.20000000000437	59
308.20000000000437	25
308.20000000000437	60
308.20000000000437	74
308.20000000000437	43
308.3000000000029	45
308.3000000000029	63
308.3000000000029	2
308.3000000000029	53
308.40000000000146	12
308.40000000000146	6
309.20000000000437	76
309.20000000000437	78
309.20000000000437	23
309.3000000000029	72
309.40000000000146	39
309.5	42
310.20000000000437	69
310.1000000000058	17
310.20000000000437	31
310.20000000000437	85
310.20000000000437	92
310.20000000000437	18
310.20000000000437	33
310.20000000000437	83
310.20000000000437	22
310.3000000000029	35
310.3000000000029	97
310.3000000000029	44
310.3000000000029	15
310.40000000000146	47
310.40000000000146	48
310.5	67
310.5	75
311.20000000000437	72
311.20000000000437	4
311.20000000000437	86
311.20000000000437	76
311.3000000000029	7
311.3000000000029	93
311.6000000000058	12
311.6000000000058	96
312.70000000000437	59
312.20000000000437	95
312.20000000000437	32
312.3000000000029	19
312.40000000000146	63
312.40000000000146	13
312.40000000000146	80
312.40000000000146	9
312.40000000000146	62
312.40000000000146	29
313.3000000000029	27
312.90000000000146	42
313.0	99
313.0	3
313.0	79
313.1000000000058	77
313.1000000000058	70
313.3000000000029	2
313.3000000000029	78
313.6000000000058	87
313.70000000000437	68
314.5	16
313.90000000000146	54
313.90000000000146	20
314.3000000000029	8
314.3000000000029	69
314.40000000000146	18
314.40000000000146	97
314.40000000000146	53
314.5	35
314.5	30
314.5	36
314.6000000000058	31
314.6000000000058	75
314.6000000000058	39
314.70000000000437	17
314.70000000000437	26
314.90000000000146	47
315.1000000000058	86
315.3000000000029	72
315.3000000000029	7
315.40000000000146	91
315.6000000000058	12
315.6000000000058	76
316.0	50
316.1000000000058	21
315.90000000000146	32
315.90000000000146	96
315.90000000000146	44
316.0	33
316.0	22
316.90000000000146	63
316.90000000000146	4
316.90000000000146	13
316.90000000000146	52
316.90000000000146	2
316.90000000000146	26
316.90000000000146	83
316.90000000000146	42
317.0	37
317.0	6
317.20000000000437	48
317.70000000000437	66
317.70000000000437	91
318.20000000000437	69
318.40000000000146	94
318.0	34
318.0	64
318.1000000000058	77
318.20000000000437	92
318.5	43
318.5	1
318.5	39
318.5	22
318.6000000000058	79
318.70000000000437	67
318.70000000000437	95
319.0	24
319.1000000000058	53
318.90000000000146	65
319.1000000000058	59
319.40000000000146	52
319.5	21
319.5	10
320.1000000000058	78
319.90000000000146	44
320.1000000000058	2
320.1000000000058	84
320.1000000000058	32
320.1000000000058	38
320.1000000000058	87
320.1000000000058	23
320.20000000000437	76
320.5	19
320.6000000000058	13
320.70000000000437	43
320.70000000000437	63
320.90000000000146	66
321.0	92
321.0	73
321.20000000000437	33
320.90000000000146	26
321.40000000000146	62
321.40000000000146	79
321.6000000000058	11
321.70000000000437	37
321.70000000000437	12
322.5	29
322.1000000000058	91
322.20000000000437	69
322.20000000000437	54
322.3000000000029	41
322.5	39
322.6000000000058	17
322.70000000000437	36
323.20000000000437	56
323.70000000000437	77
322.90000000000146	89
322.90000000000146	95
323.1000000000058	65
323.1000000000058	13
323.20000000000437	83
323.5	15
323.6000000000058	22
323.70000000000437	59
323.70000000000437	97
323.70000000000437	84
323.70000000000437	78
323.90000000000146	71
324.0	46
324.20000000000437	63
324.20000000000437	75
324.3000000000029	10
324.6000000000058	19
324.6000000000058	30
324.70000000000437	92
325.6000000000058	96
324.90000000000146	48
324.90000000000146	100
325.0	76
325.0	32
325.1000000000058	38
325.40000000000146	44
325.5	2
326.1000000000058	12
326.1000000000058	20
326.1000000000058	3
326.1000000000058	91
326.1000000000058	72
327.20000000000437	78
327.20000000000437	22
327.20000000000437	6
327.20000000000437	33
327.20000000000437	95
327.20000000000437	29
327.20000000000437	69
327.20000000000437	26
327.20000000000437	94
327.20000000000437	97
327.20000000000437	36
327.20000000000437	23
327.20000000000437	79
327.20000000000437	76
327.20000000000437	13
327.3000000000029	34
327.40000000000146	66
327.5	42
327.6000000000058	15
328.20000000000437	99
328.20000000000437	93
328.1000000000058	77
328.20000000000437	29
328.6000000000058	44
328.70000000000437	92
328.90000000000146	32
329.0	48
329.0	56
329.0	83
329.1000000000058	39
329.1000000000058	19
329.1000000000058	72
329.1000000000058	53
329.20000000000437	7
329.20000000000437	71
329.20000000000437	20
329.3000000000029	24
329.3000000000029	43
329.40000000000146	2
330.1000000000058	34
330.1000000000058	12
330.1000000000058	21
330.5	94
330.5	10
330.70000000000437	79
330.70000000000437	87
331.5	36
331.1000000000058	13
331.20000000000437	6
331.3000000000029	16
331.3000000000029	91
331.3000000000029	95
331.3000000000029	46
331.3000000000029	33
331.3000000000029	42
331.3000000000029	89
331.3000000000029	77
331.40000000000146	22
331.5	70
331.70000000000437	73
331.70000000000437	30
331.90000000000146	63
331.90000000000146	75
332.1000000000058	7
332.3000000000029	26
332.3000000000029	54
332.90000000000146	68
333.1000000000058	48
333.20000000000437	20
333.20000000000437	72
333.20000000000437	56
333.3000000000029	83
333.3000000000029	69
333.3000000000029	29
333.3000000000029	53
333.40000000000146	78
333.40000000000146	66
333.40000000000146	65
333.5	3
333.6000000000058	12
333.90000000000146	97
334.0	51
334.1000000000058	95
334.20000000000437	36
334.20000000000437	15
334.3000000000029	39
334.3000000000029	94
334.3000000000029	22
334.3000000000029	76
334.40000000000146	42
334.90000000000146	79
335.1000000000058	13
335.3000000000029	27
335.3000000000029	16
335.3000000000029	5
335.3000000000029	33
335.3000000000029	63
335.40000000000146	91
335.6000000000058	77
335.6000000000058	44
335.6000000000058	37
335.70000000000437	73
336.5	34
336.1000000000058	7
336.20000000000437	29
336.40000000000146	87
336.5	41
336.6000000000058	11
336.6000000000058	21
336.6000000000058	19
336.90000000000146	48
337.1000000000058	4
337.1000000000058	72
337.3000000000029	69
337.3000000000029	89
337.3000000000029	23
337.5	20
337.5	53
337.5	26
337.6000000000058	45
337.90000000000146	59
338.40000000000146	57
338.1000000000058	95
338.20000000000437	1
338.20000000000437	2
338.3000000000029	36
338.3000000000029	33
338.3000000000029	32
338.5	78
338.5	58
338.6000000000058	12
338.6000000000058	93
338.6000000000058	15
338.6000000000058	42
338.6000000000058	54
338.70000000000437	43
339.5	25
339.5	80
339.5	22
339.6000000000058	85
339.6000000000058	34
339.90000000000146	31
339.90000000000146	6
340.20000000000437	99
340.20000000000437	63
340.3000000000029	68
340.40000000000146	18
340.40000000000146	38
340.40000000000146	64
340.40000000000146	66
340.5	87
340.5	77
340.6000000000058	67
340.6000000000058	83
340.70000000000437	39
340.90000000000146	48
341.5	13
341.5	49
341.5	57
341.70000000000437	96
341.70000000000437	7
341.70000000000437	73
342.3000000000029	22
342.3000000000029	100
342.3000000000029	97
342.3000000000029	28
343.70000000000437	76
343.70000000000437	78
343.70000000000437	77
343.70000000000437	4
343.70000000000437	17
343.90000000000146	93
343.90000000000146	51
343.90000000000146	74
344.0	71
344.0	80
344.0	36
344.1000000000058	44
344.1000000000058	2
344.1000000000058	38
344.3000000000029	91
344.3000000000029	1
344.40000000000146	95
343.90000000000146	20
344.1000000000058	26
344.1000000000058	62
344.3000000000029	12
344.3000000000029	24
344.40000000000146	99
344.40000000000146	42
344.40000000000146	63
344.40000000000146	35
344.5	47
344.70000000000437	66
344.70000000000437	31
344.70000000000437	87
344.70000000000437	41
345.20000000000437	13
346.1000000000058	50
346.1000000000058	68
346.20000000000437	18
346.20000000000437	7
346.20000000000437	84
346.3000000000029	6
346.3000000000029	83
346.40000000000146	86
345.90000000000146	49
345.90000000000146	48
346.1000000000058	39
346.1000000000058	96
346.20000000000437	90
346.20000000000437	22
346.5	51
347.0	34
347.1000000000058	55
347.1000000000058	62
347.1000000000058	78
347.1000000000058	43
347.3000000000029	77
347.40000000000146	38
347.5	52
347.6000000000058	12
347.70000000000437	94
347.70000000000437	44
347.70000000000437	36
347.70000000000437	32
347.70000000000437	76
347.90000000000146	92
348.1000000000058	1
347.90000000000146	59
347.90000000000146	93
347.90000000000146	33
348.20000000000437	15
348.20000000000437	67
348.3000000000029	84
348.3000000000029	63
348.40000000000146	95
348.6000000000058	7
348.70000000000437	71
348.90000000000146	37
348.90000000000146	30
349.0	79
349.1000000000058	13
349.3000000000029	17
349.70000000000437	31
350.40000000000146	65
350.40000000000146	6
350.5	85
350.6000000000058	34
349.90000000000146	35
349.90000000000146	87
349.90000000000146	46
349.90000000000146	54
350.20000000000437	36
350.20000000000437	33
350.3000000000029	26
350.3000000000029	24
350.3000000000029	27
350.40000000000146	18
350.6000000000058	28
350.6000000000058	62
351.40000000000146	43
351.1000000000058	48
351.1000000000058	64
351.20000000000437	80
351.40000000000146	9
351.6000000000058	93
351.90000000000146	12
352.70000000000437	42
351.90000000000146	16
351.90000000000146	22
351.90000000000146	53
352.0	37
352.0	38
352.1000000000058	20
352.20000000000437	17
352.3000000000029	74
352.40000000000146	30
352.40000000000146	66
352.40000000000146	56
352.40000000000146	77
352.40000000000146	6
352.5	94
352.6000000000058	95
353.70000000000437	26
353.20000000000437	21
353.3000000000029	79
353.5	84
353.5	87
353.90000000000146	31
353.90000000000146	51
354.0	63
354.0	8
354.0	13
354.0	16
354.0	34
354.1000000000058	7
354.1000000000058	71
354.20000000000437	76
354.20000000000437	33
354.40000000000146	89
354.40000000000146	75
354.5	100
354.5	32
354.5	19
354.5	41
355.40000000000146	77
355.6000000000058	27
356.40000000000146	78
355.90000000000146	4
356.0	29
356.0	12
356.1000000000058	25
356.1000000000058	53
356.1000000000058	83
356.1000000000058	90
356.1000000000058	67
356.1000000000058	73
356.1000000000058	96
356.20000000000437	59
356.20000000000437	69
356.20000000000437	22
356.20000000000437	35
356.40000000000146	39
356.5	62
356.5	36
356.5	54
356.6000000000058	66
356.6000000000058	89
356.90000000000146	71
357.6000000000058	87
358.5	84
358.5	79
358.6000000000058	31
358.6000000000058	92
358.70000000000437	26
358.70000000000437	44
358.70000000000437	93
358.70000000000437	34
358.70000000000437	95
359.1000000000058	19
359.3000000000029	76
358.90000000000146	43
358.90000000000146	13
358.90000000000146	85
358.90000000000146	70
358.90000000000146	20
358.90000000000146	17
359.0	51
359.0	6
359.0	33
359.3000000000029	35
359.5	90
360.70000000000437	12
360.70000000000437	67
360.70000000000437	78
360.70000000000437	28
360.70000000000437	18
360.70000000000437	66
360.70000000000437	48
360.70000000000437	21
360.70000000000437	63
360.70000000000437	7
361.1000000000058	22
360.90000000000146	100
361.3000000000029	32
361.70000000000437	60
361.70000000000437	10
361.1000000000058	83
360.90000000000146	39
361.90000000000146	38
362.0	71
362.20000000000437	8
362.20000000000437	17
362.20000000000437	44
362.20000000000437	20
362.3000000000029	84
362.3000000000029	13
362.3000000000029	62
362.40000000000146	76
362.40000000000146	70
362.40000000000146	31
362.40000000000146	57
362.5	77
362.70000000000437	15
363.0	97
363.3000000000029	36
363.5	95
363.5	32
362.90000000000146	87
362.90000000000146	54
363.20000000000437	34
363.3000000000029	93
364.20000000000437	85
364.20000000000437	63
364.3000000000029	59
364.3000000000029	67
364.3000000000029	68
364.40000000000146	22
364.40000000000146	79
364.40000000000146	30
364.5	19
364.5	72
364.70000000000437	33
364.90000000000146	52
365.70000000000437	27
364.90000000000146	78
364.90000000000146	6
364.90000000000146	69
364.90000000000146	24
364.90000000000146	29
365.3000000000029	96
366.1000000000058	95
366.20000000000437	31
366.3000000000029	1
366.3000000000029	80
366.3000000000029	90
366.40000000000146	16
366.40000000000146	17
366.40000000000146	48
366.5	93
366.5	71
366.5	94
366.5	70
367.3000000000029	28
366.90000000000146	77
366.90000000000146	34
366.90000000000146	45
367.0	56
367.20000000000437	78
367.40000000000146	84
368.3000000000029	61
368.3000000000029	33
368.3000000000029	63
368.3000000000029	22
368.40000000000146	64
368.40000000000146	85
368.40000000000146	69
368.40000000000146	6
368.40000000000146	87
368.5	68
368.6000000000058	92
368.6000000000058	29
368.6000000000058	30
368.6000000000058	42
368.70000000000437	8
368.90000000000146	27
368.90000000000146	32
369.0	23
369.0	60
369.0	59
369.40000000000146	19
370.3000000000029	93
370.40000000000146	12
370.40000000000146	67
370.40000000000146	34
370.5	87
370.6000000000058	7
370.6000000000058	79
370.70000000000437	70
370.70000000000437	13
370.90000000000146	84
370.90000000000146	86
370.90000000000146	44
370.90000000000146	71
370.90000000000146	51
370.90000000000146	52
371.0	45
371.0	77
371.0	97
371.6000000000058	62
372.40000000000146	69
372.3000000000029	22
372.3000000000029	95
372.3000000000029	19
372.40000000000146	27
372.5	56
372.5	94
372.6000000000058	63
372.6000000000058	76
372.6000000000058	8
372.6000000000058	78
372.6000000000058	33
372.6000000000058	85
372.70000000000437	30
373.0	54
373.90000000000146	42
374.1000000000058	89
374.1000000000058	59
374.1000000000058	66
374.3000000000029	31
374.3000000000029	6
374.40000000000146	23
374.5	53
374.5	29
374.5	17
374.6000000000058	62
374.6000000000058	73
374.70000000000437	90
374.70000000000437	67
374.70000000000437	84
374.70000000000437	70
375.1000000000058	45
375.3000000000029	43
374.90000000000146	13
374.90000000000146	15
375.0	87
375.0	16
375.1000000000058	79
375.1000000000058	60
375.1000000000058	32
375.20000000000437	61
375.20000000000437	12
375.3000000000029	78
376.3000000000029	22
376.3000000000029	94
376.40000000000146	83
376.5	48
376.6000000000058	34
377.6000000000058	44
377.6000000000058	97
377.70000000000437	12
377.70000000000437	90
377.70000000000437	30
377.70000000000437	20
378.70000000000437	93
377.90000000000146	18
378.0	92
378.1000000000058	95
378.20000000000437	19
378.3000000000029	54
378.3000000000029	84
378.5	85
378.70000000000437	51
378.70000000000437	100
378.70000000000437	52
379.5	45
379.6000000000058	32
379.6000000000058	39
378.90000000000146	8
378.90000000000146	17
378.90000000000146	33
378.90000000000146	38
379.20000000000437	76
379.3000000000029	7
379.3000000000029	43
379.3000000000029	87
379.3000000000029	57
379.40000000000146	78
379.6000000000058	24
379.6000000000058	93
379.70000000000437	42
379.70000000000437	56
380.0	6
379.90000000000146	59
380.3000000000029	18
380.90000000000146	30
380.90000000000146	31
380.90000000000146	34
381.0	95
381.20000000000437	19
381.3000000000029	22
381.3000000000029	85
381.3000000000029	94
381.40000000000146	15
381.5	54
381.6000000000058	83
381.6000000000058	26
381.6000000000058	48
381.70000000000437	44
381.70000000000437	4
382.1000000000058	63
382.5	60
382.5	6
382.6000000000058	38
383.1000000000058	77
382.90000000000146	92
382.90000000000146	62
383.0	12
383.3000000000029	76
383.3000000000029	68
383.3000000000029	13
383.5	39
383.5	51
383.6000000000058	93
383.6000000000058	9
383.70000000000437	32
384.70000000000437	27
383.90000000000146	84
384.0	59
384.40000000000146	54
384.5	66
384.70000000000437	67
385.6000000000058	70
384.90000000000146	20
384.90000000000146	17
385.0	33
385.1000000000058	42
385.40000000000146	94
385.5	43
385.6000000000058	8
385.6000000000058	22
385.6000000000058	34
385.6000000000058	75
385.90000000000146	19
385.90000000000146	1
385.90000000000146	26
386.3000000000029	53
386.3000000000029	45
386.3000000000029	31
386.40000000000146	6
386.90000000000146	24
387.0	87
387.0	27
387.1000000000058	83
387.40000000000146	21
387.5	65
387.5	56
387.6000000000058	100
387.70000000000437	30
387.70000000000437	73
387.70000000000437	93
388.3000000000029	60
388.6000000000058	62
387.90000000000146	15
388.20000000000437	67
388.20000000000437	94
388.3000000000029	22
388.3000000000029	20
388.40000000000146	95
388.40000000000146	63
388.5	32
389.0	97
389.0	9
389.0	70
389.0	54
389.1000000000058	18
389.1000000000058	16
390.5	61
389.90000000000146	84
389.90000000000146	96
390.0	42
390.1000000000058	83
390.20000000000437	5
390.3000000000029	77
390.40000000000146	69
390.5	31
390.5	17
390.6000000000058	44
390.6000000000058	6
391.1000000000058	49
391.1000000000058	51
391.20000000000437	30
392.40000000000146	1
392.40000000000146	60
392.40000000000146	4
392.40000000000146	67
392.40000000000146	70
392.40000000000146	85
392.40000000000146	96
392.5	34
392.5	22
392.5	15
392.5	84
392.6000000000058	19
392.6000000000058	27
392.6000000000058	21
392.90000000000146	92
393.3000000000029	8
393.40000000000146	87
393.40000000000146	50
393.40000000000146	76
393.5	54
393.6000000000058	45
394.20000000000437	69
394.20000000000437	75
394.20000000000437	94
394.20000000000437	23
394.20000000000437	53
394.20000000000437	43
394.20000000000437	59
394.20000000000437	62
394.3000000000029	78
394.5	30
394.5	17
394.6000000000058	57
394.6000000000058	80
394.70000000000437	90
395.20000000000437	91
395.20000000000437	6
395.3000000000029	31
395.70000000000437	55
395.70000000000437	92
396.70000000000437	1
396.20000000000437	34
396.3000000000029	84
396.3000000000029	77
396.40000000000146	53
396.40000000000146	54
396.5	24
396.6000000000058	13
396.6000000000058	44
396.6000000000058	4
396.70000000000437	62
397.0	67
397.3000000000029	61
397.3000000000029	78
397.3000000000029	9
397.3000000000029	12
397.3000000000029	7
397.5	90
398.40000000000146	69
398.40000000000146	85
397.90000000000146	42
398.0	56
398.0	33
398.20000000000437	30
398.40000000000146	63
398.6000000000058	27
398.6000000000058	70
398.6000000000058	51
398.70000000000437	32
398.90000000000146	19
399.20000000000437	97
398.90000000000146	80
398.90000000000146	5
399.40000000000146	94
399.6000000000058	12
399.90000000000146	91
400.20000000000437	67
400.40000000000146	84
400.40000000000146	54
400.5	17
400.6000000000058	21
400.70000000000437	15
400.70000000000437	22
400.70000000000437	50
400.70000000000437	96
401.6000000000058	32
401.0	43
401.0	79
401.0	45
401.1000000000058	24
401.3000000000029	78
401.5	77
401.6000000000058	92
401.70000000000437	34
402.5	69
402.0	47
402.0	7
402.3000000000029	5
402.40000000000146	30
402.40000000000146	1
403.3000000000029	29
403.40000000000146	68
403.0	56
403.0	27
403.0	62
403.1000000000058	53
403.20000000000437	21
403.6000000000058	24
403.90000000000146	18
404.0	76
404.1000000000058	33
404.1000000000058	7
404.3000000000029	22
404.5	94
405.1000000000058	65
405.1000000000058	89
405.1000000000058	83
405.20000000000437	39
405.20000000000437	54
405.20000000000437	57
405.20000000000437	84
405.20000000000437	63
405.90000000000146	69
405.90000000000146	32
406.0	42
406.1000000000058	45
406.20000000000437	15
406.20000000000437	91
406.20000000000437	18
406.5	47
407.1000000000058	62
407.1000000000058	43
407.1000000000058	6
407.1000000000058	27
407.70000000000437	24
407.70000000000437	56
407.70000000000437	78
407.70000000000437	30
407.90000000000146	77
408.20000000000437	21
408.3000000000029	94
408.3000000000029	16
408.5	57
408.6000000000058	33
408.70000000000437	93
408.90000000000146	20
409.0	29
409.1000000000058	7
409.20000000000437	1
409.20000000000437	84
409.20000000000437	78
409.20000000000437	13
410.20000000000437	17
410.3000000000029	90
410.40000000000146	12
410.6000000000058	23
410.6000000000058	18
410.6000000000058	19
410.6000000000058	59
411.6000000000058	96
411.20000000000437	42
411.20000000000437	47
411.3000000000029	54
411.3000000000029	56
411.90000000000146	27
412.1000000000058	7
412.3000000000029	21
412.40000000000146	44
412.40000000000146	22
412.5	4
412.5	72
412.6000000000058	39
412.70000000000437	69
412.70000000000437	93
412.90000000000146	5
412.90000000000146	24
412.90000000000146	17
413.1000000000058	87
413.20000000000437	78
413.3000000000029	32
413.40000000000146	84
414.1000000000058	96
414.20000000000437	61
414.3000000000029	19
414.40000000000146	12
414.5	90
414.70000000000437	30
415.3000000000029	70
415.20000000000437	59
415.3000000000029	65
414.90000000000146	18
415.20000000000437	1
415.20000000000437	54
415.3000000000029	56
415.40000000000146	77
416.5	69
416.20000000000437	15
416.3000000000029	43
416.5	6
416.5	4
416.5	21
416.6000000000058	83
416.90000000000146	94
416.90000000000146	33
416.90000000000146	11
416.90000000000146	27
416.90000000000146	24
417.3000000000029	78
417.3000000000029	26
417.40000000000146	47
418.20000000000437	30
418.3000000000029	19
418.5	54
418.6000000000058	7
418.70000000000437	12
418.70000000000437	1
418.90000000000146	18
418.90000000000146	96
418.90000000000146	32
419.0	65
419.0	17
419.1000000000058	59
419.3000000000029	56
419.40000000000146	70
420.20000000000437	13
420.20000000000437	11
420.5	24
421.3000000000029	83
421.3000000000029	91
421.3000000000029	6
421.3000000000029	15
421.3000000000029	87
421.3000000000029	78
421.3000000000029	77
421.3000000000029	57
421.3000000000029	79
421.3000000000029	94
421.3000000000029	33
421.40000000000146	26
421.40000000000146	65
421.40000000000146	34
421.5	47
421.6000000000058	12
422.0	20
423.20000000000437	32
423.20000000000437	22
423.20000000000437	5
423.20000000000437	42
423.20000000000437	17
423.3000000000029	18
423.40000000000146	30
423.40000000000146	19
423.40000000000146	27
423.40000000000146	70
423.40000000000146	84
423.5	54
424.0	39
424.1000000000058	31
424.1000000000058	76
425.20000000000437	59
425.20000000000437	24
425.20000000000437	56
425.20000000000437	15
425.20000000000437	7
425.40000000000146	83
425.40000000000146	4
425.5	11
425.5	96
425.6000000000058	78
426.20000000000437	79
426.20000000000437	30
426.20000000000437	47
426.70000000000437	20
426.70000000000437	84
427.3000000000029	42
427.3000000000029	43
427.3000000000029	70
427.3000000000029	6
427.5	22
427.6000000000058	5
427.6000000000058	29
427.70000000000437	19
428.1000000000058	83
428.3000000000029	18
428.3000000000029	61
428.3000000000029	23
429.40000000000146	87
429.3000000000029	96
429.40000000000146	15
429.40000000000146	33
429.5	32
429.5	27
429.6000000000058	53
430.20000000000437	17
430.20000000000437	29
430.3000000000029	19
430.40000000000146	30
430.5	79
430.5	84
431.5	5
431.6000000000058	4
431.6000000000058	91
431.70000000000437	7
432.0	39
432.3000000000029	78
432.40000000000146	27
432.5	18
432.5	97
432.5	47
432.5	20
433.6000000000058	42
433.6000000000058	72
433.70000000000437	54
433.70000000000437	32
434.3000000000029	6
434.1000000000058	69
434.1000000000058	34
434.3000000000029	17
434.3000000000029	24
434.40000000000146	70
434.5	84
434.6000000000058	15
435.3000000000029	13
435.40000000000146	78
435.5	62
435.6000000000058	43
436.20000000000437	4
435.90000000000146	7
436.5	33
437.20000000000437	83
437.20000000000437	19
437.3000000000029	20
437.40000000000146	30
437.6000000000058	96
437.6000000000058	79
437.6000000000058	94
437.70000000000437	29
438.20000000000437	7
438.20000000000437	69
439.3000000000029	18
439.3000000000029	4
439.40000000000146	87
440.1000000000058	54
440.0	39
440.0	97
440.20000000000437	34
440.20000000000437	53
440.20000000000437	13
440.3000000000029	83
440.70000000000437	30
440.90000000000146	32
440.90000000000146	42
441.6000000000058	84
441.70000000000437	79
442.40000000000146	22
441.90000000000146	19
441.90000000000146	24
442.0	43
442.0	69
442.3000000000029	18
442.40000000000146	17
442.40000000000146	20
442.5	54
443.0	33
444.3000000000029	19
444.40000000000146	22
444.5	83
444.90000000000146	7
445.0	34
445.40000000000146	13
446.3000000000029	20
445.90000000000146	79
446.3000000000029	18
446.40000000000146	69
446.5	62
446.5	87
446.5	24
446.70000000000437	54
446.70000000000437	42
447.0	32
448.6000000000058	34
447.90000000000146	6
448.0	30
448.0	53
448.40000000000146	47
448.5	83
448.5	39
448.6000000000058	17
448.70000000000437	19
450.0	33
450.0	20
450.0	13
450.1000000000058	96
450.40000000000146	53
450.40000000000146	69
450.40000000000146	84
450.70000000000437	54
451.5	94
452.40000000000146	18
452.6000000000058	27
453.70000000000437	87
453.0	85
455.3000000000029	69
489.3000000000029	47
