0.0	57
0.0	57
0.2999999999956344	35
0.2999999999956344	35
0.7999999999956344	42
0.7999999999956344	42
1.0999999999985448	55
1.0999999999985448	55
3.0	27
3.0	27
3.8999999999941792	49
3.8999999999941792	49
3.7999999999956344	60
3.7999999999956344	60
4.0	3
4.0	3
4.899999999994179	45
4.899999999994179	45
5.19999999999709	57
5.19999999999709	37
5.19999999999709	37
5.299999999995634	1
5.299999999995634	1
5.5	21
5.5	21
5.5	54
5.5	54
5.599999999998545	6
5.599999999998545	6
6.19999999999709	42
5.799999999995634	35
5.899999999994179	7
5.899999999994179	7
6.299999999995634	55
7.299999999995634	36
7.399999999994179	36
7.0	62
7.099999999998545	62
7.299999999995634	5
7.299999999995634	5
8.39999999999418	27
8.799999999995634	49
9.0	60
9.19999999999709	3
9.599999999998545	18
9.599999999998545	18
10.099999999998545	45
10.19999999999709	17
10.19999999999709	17
10.299999999995634	13
10.299999999995634	13
10.39999999999418	57
10.39999999999418	37
11.0	42
11.0	1
11.0	21
12.299999999995634	36
12.299999999995634	46
12.299999999995634	46
12.299999999995634	50
12.299999999995634	50
12.299999999995634	55
12.299999999995634	35
12.799999999995634	62
12.799999999995634	5
12.799999999995634	20
12.799999999995634	20
12.799999999995634	54
12.89999999999418	10
12.89999999999418	10
12.89999999999418	6
12.89999999999418	4
12.89999999999418	4
13.599999999998545	33
13.599999999998545	33
13.599999999998545	48
13.599999999998545	48
13.599999999998545	27
13.599999999998545	25
13.599999999998545	25
13.599999999998545	7
14.599999999998545	49
13.799999999995634	31
13.799999999995634	31
14.0	64
14.0	64
14.19999999999709	3
14.19999999999709	60
14.799999999995634	18
15.39999999999418	7
15.39999999999418	13
15.39999999999418	17
15.39999999999418	37
15.799999999995634	22
15.799999999995634	22
16.599999999998545	57
15.89999999999418	45
15.799999999995634	28
15.799999999995634	28
15.89999999999418	54
15.89999999999418	42
16.0	21
16.19999999999709	1
16.299999999995634	20
16.299999999995634	39
16.299999999995634	39
16.299999999995634	35
16.299999999995634	59
16.299999999995634	59
16.599999999998545	46
16.599999999998545	4
16.599999999998545	6
17.19999999999709	36
16.799999999995634	53
16.799999999995634	53
16.799999999995634	5
16.89999999999418	62
16.89999999999418	12
16.89999999999418	12
17.0	30
17.0	30
17.0	55
17.099999999998545	50
17.5	14
17.5	14
17.5	48
17.5	32
17.5	32
18.099999999998545	10
18.39999999999418	25
17.89999999999418	44
17.89999999999418	44
18.0	33
18.39999999999418	26
18.39999999999418	26
18.39999999999418	63
18.39999999999418	63
18.5	58
18.5	58
18.599999999998545	27
18.799999999995634	49
18.799999999995634	31
19.0	64
19.099999999998545	3
19.39999999999418	19
19.39999999999418	19
19.39999999999418	60
20.39999999999418	18
19.799999999995634	61
19.799999999995634	61
20.5	7
20.599999999998545	37
20.599999999998545	17
20.599999999998545	13
20.799999999995634	51
20.799999999995634	51
20.89999999999418	45
21.0	22
21.0	54
21.099999999998545	9
21.099999999998545	9
21.099999999998545	42
21.19999999999709	28
21.19999999999709	20
21.19999999999709	57
21.299999999995634	21
21.39999999999418	39
21.5	35
21.5	46
21.599999999998545	59
22.39999999999418	6
22.39999999999418	1
21.799999999995634	4
21.799999999995634	53
21.89999999999418	12
21.89999999999418	5
22.0	30
22.099999999998545	36
22.19999999999709	62
22.299999999995634	50
22.299999999995634	32
22.39999999999418	14
22.39999999999418	55
22.5	48
22.599999999998545	38
22.599999999998545	38
22.599999999998545	44
23.19999999999709	33
23.0	25
23.0	10
23.099999999998545	8
23.099999999998545	8
23.39999999999418	27
23.39999999999418	63
23.39999999999418	26
23.5	58
23.599999999998545	23
23.599999999998545	23
23.799999999995634	31
24.0	49
24.0	3
24.0	64
24.5	19
24.599999999998545	41
24.599999999998545	41
24.599999999998545	60
25.299999999995634	18
25.099999999998545	61
25.599999999998545	7
25.599999999998545	17
26.5	39
26.5	37
26.5	40
26.5	40
26.5	51
26.5	9
27.19999999999709	6
27.19999999999709	22
27.19999999999709	32
27.19999999999709	30
27.299999999995634	59
27.299999999995634	35
27.299999999995634	42
27.299999999995634	12
27.299999999995634	36
27.299999999995634	44
27.299999999995634	21
27.299999999995634	4
27.299999999995634	14
27.299999999995634	48
27.299999999995634	45
27.299999999995634	13
27.299999999995634	1
27.39999999999418	20
27.39999999999418	62
27.39999999999418	5
27.39999999999418	46
27.39999999999418	33
27.5	50
27.5	57
27.5	55
27.5	54
27.599999999998545	38
27.599999999998545	53
28.19999999999709	28
28.39999999999418	15
28.39999999999418	15
28.39999999999418	10
28.39999999999418	8
28.39999999999418	26
28.39999999999418	25
28.39999999999418	23
28.39999999999418	63
28.39999999999418	27
29.0	58
29.0	64
29.0	31
29.0	3
29.099999999998545	49
29.599999999998545	60
29.799999999995634	18
29.799999999995634	41
29.89999999999418	19
30.19999999999709	43
30.19999999999709	43
30.599999999998545	61
31.099999999998545	17
30.89999999999418	7
31.099999999998545	37
31.099999999998545	20
31.099999999998545	46
31.19999999999709	13
31.19999999999709	51
31.39999999999418	45
31.39999999999418	39
31.39999999999418	4
31.39999999999418	40
31.5	21
31.5	54
31.599999999998545	9
31.89999999999418	22
32.299999999995634	59
31.799999999995634	30
31.799999999995634	35
31.799999999995634	42
31.799999999995634	6
31.89999999999418	14
32.0	57
32.0	5
32.19999999999709	48
32.19999999999709	1
32.19999999999709	32
32.19999999999709	53
32.19999999999709	36
32.19999999999709	28
32.299999999995634	33
32.299999999995634	44
32.299999999995634	12
32.299999999995634	50
32.5	38
32.599999999998545	62
32.599999999998545	55
33.0	23
33.099999999998545	15
33.099999999998545	26
33.099999999998545	27
33.19999999999709	47
33.19999999999709	47
33.299999999995634	24
33.299999999995634	24
33.299999999995634	16
33.299999999995634	16
33.39999999999418	58
33.39999999999418	63
33.5	10
33.5	8
33.5	25
33.599999999998545	64
34.19999999999709	31
34.0	3
34.0	2
34.0	2
34.39999999999418	49
34.599999999998545	18
35.0	60
34.89999999999418	41
35.0	56
35.0	56
35.19999999999709	43
35.299999999995634	52
35.299999999995634	52
35.39999999999418	19
36.0	46
36.0	61
36.0	17
36.19999999999709	20
36.299999999995634	7
36.299999999995634	37
36.299999999995634	13
36.299999999995634	4
36.39999999999418	39
36.5	45
37.099999999998545	21
37.19999999999709	51
37.39999999999418	54
37.599999999998545	40
36.799999999995634	9
36.799999999995634	59
36.799999999995634	6
36.89999999999418	14
36.89999999999418	22
36.89999999999418	33
36.89999999999418	42
36.89999999999418	53
36.89999999999418	35
37.0	30
37.0	48
37.099999999998545	32
37.19999999999709	50
37.299999999995634	5
37.299999999995634	57
37.299999999995634	36
37.299999999995634	1
37.39999999999418	28
37.39999999999418	38
37.39999999999418	44
37.599999999998545	12
37.799999999995634	55
38.299999999995634	62
37.799999999995634	23
37.89999999999418	26
38.0	27
38.099999999998545	16
38.19999999999709	47
38.19999999999709	15
38.19999999999709	58
38.19999999999709	63
38.39999999999418	24
38.5	64
38.5	8
38.5	25
38.5	10
38.599999999998545	31
39.0	2
39.0	3
39.39999999999418	18
40.099999999998545	49
39.89999999999418	60
40.0	56
40.099999999998545	41
40.19999999999709	43
40.299999999995634	29
40.299999999995634	29
40.39999999999418	52
40.799999999995634	19
40.89999999999418	46
43.299999999995634	42
43.299999999995634	53
43.299999999995634	27
43.299999999995634	61
43.299999999995634	5
43.299999999995634	13
43.299999999995634	34
43.299999999995634	34
43.299999999995634	4
43.299999999995634	21
43.299999999995634	36
43.299999999995634	1
43.299999999995634	26
43.299999999995634	12
43.299999999995634	48
43.299999999995634	59
43.299999999995634	33
43.299999999995634	51
43.299999999995634	55
43.299999999995634	35
43.299999999995634	32
43.299999999995634	28
43.299999999995634	6
43.39999999999418	15
43.39999999999418	50
43.39999999999418	40
43.39999999999418	16
43.39999999999418	58
43.39999999999418	44
43.39999999999418	25
43.39999999999418	37
43.39999999999418	9
43.39999999999418	57
43.39999999999418	24
43.39999999999418	30
43.39999999999418	38
43.39999999999418	31
43.799999999995634	62
43.799999999995634	39
43.799999999995634	63
43.799999999995634	45
43.799999999995634	64
43.799999999995634	54
43.799999999995634	8
43.89999999999418	10
43.89999999999418	3
43.89999999999418	22
43.89999999999418	17
44.599999999998545	18
44.599999999998545	2
44.599999999998545	7
44.89999999999418	23
45.5	47
44.799999999995634	49
44.799999999995634	14
44.89999999999418	20
44.89999999999418	56
45.099999999998545	41
45.19999999999709	60
45.299999999995634	43
45.5	29
46.0	46
46.0	52
46.099999999998545	11
46.099999999998545	11
46.19999999999709	19
46.299999999995634	20
46.5	45
46.5	17
46.599999999998545	61
47.099999999998545	39
46.799999999995634	34
46.89999999999418	4
46.89999999999418	32
46.89999999999418	13
46.89999999999418	21
46.89999999999418	59
47.0	37
47.0	7
47.099999999998545	33
47.099999999998545	53
47.099999999998545	22
47.099999999998545	42
47.19999999999709	54
47.19999999999709	40
47.19999999999709	50
47.19999999999709	48
47.19999999999709	35
47.19999999999709	30
47.19999999999709	14
47.19999999999709	38
47.299999999995634	51
47.299999999995634	9
47.299999999995634	1
47.299999999995634	6
47.39999999999418	23
47.5	5
47.599999999998545	57
47.599999999998545	36
47.599999999998545	26
48.19999999999709	28
48.299999999995634	63
48.39999999999418	16
48.39999999999418	62
47.799999999995634	44
47.799999999995634	47
48.0	58
48.0	55
48.0	15
48.099999999998545	64
48.099999999998545	27
48.19999999999709	31
48.299999999995634	24
48.299999999995634	8
48.299999999995634	25
48.39999999999418	12
48.599999999998545	10
49.39999999999418	3
48.89999999999418	2
49.099999999998545	18
49.799999999995634	49
50.099999999998545	56
50.099999999998545	41
50.299999999995634	43
50.5	60
50.799999999995634	29
51.0	52
51.0	46
51.099999999998545	11
51.39999999999418	17
51.5	20
51.599999999998545	19
52.299999999995634	45
51.799999999995634	39
51.89999999999418	32
52.0	21
52.0	59
52.099999999998545	61
52.19999999999709	13
52.19999999999709	53
52.19999999999709	22
52.19999999999709	34
52.19999999999709	35
52.19999999999709	30
52.19999999999709	9
52.19999999999709	37
52.299999999995634	38
52.299999999995634	40
52.39999999999418	48
52.39999999999418	63
52.39999999999418	42
52.39999999999418	7
52.39999999999418	54
52.39999999999418	33
52.5	28
52.5	50
52.5	16
52.5	57
52.5	23
52.5	4
52.599999999998545	1
52.599999999998545	51
52.89999999999418	47
53.099999999998545	6
53.099999999998545	26
53.299999999995634	5
53.299999999995634	14
52.799999999995634	62
52.799999999995634	58
52.799999999995634	36
52.799999999995634	31
52.89999999999418	64
52.89999999999418	55
52.89999999999418	44
52.89999999999418	15
53.099999999998545	8
53.099999999998545	27
53.19999999999709	25
53.19999999999709	24
53.5	3
53.599999999998545	10
54.0	12
53.799999999995634	2
53.89999999999418	18
55.599999999998545	49
55.19999999999709	41
55.39999999999418	56
55.39999999999418	43
55.89999999999418	60
56.19999999999709	29
56.299999999995634	46
56.5	11
56.5	52
57.599999999998545	20
56.799999999995634	17
56.799999999995634	45
57.099999999998545	39
57.099999999998545	19
58.099999999998545	34
58.099999999998545	37
58.19999999999709	48
58.19999999999709	59
58.19999999999709	16
58.19999999999709	32
58.299999999995634	33
58.39999999999418	31
58.39999999999418	50
58.39999999999418	40
58.39999999999418	64
58.39999999999418	30
58.5	22
57.799999999995634	35
57.799999999995634	4
57.799999999995634	42
57.799999999995634	9
57.799999999995634	5
57.799999999995634	28
57.799999999995634	58
57.799999999995634	26
57.799999999995634	61
57.799999999995634	57
57.799999999995634	51
57.799999999995634	15
57.799999999995634	8
57.799999999995634	38
57.799999999995634	6
57.89999999999418	1
57.89999999999418	21
57.89999999999418	54
57.89999999999418	63
57.89999999999418	62
57.89999999999418	27
57.89999999999418	13
57.89999999999418	36
57.89999999999418	53
57.89999999999418	55
58.0	44
58.0	7
58.099999999998545	24
58.099999999998545	23
58.099999999998545	25
58.19999999999709	47
58.19999999999709	14
58.299999999995634	3
58.39999999999418	10
58.599999999998545	12
58.599999999998545	18
58.599999999998545	2
59.5	49
60.5	41
60.799999999995634	56
60.799999999995634	43
62.099999999998545	60
62.099999999998545	46
62.299999999995634	29
61.89999999999418	11
61.89999999999418	17
62.0	52
62.0	45
62.0	20
62.299999999995634	30
62.299999999995634	63
62.299999999995634	31
62.299999999995634	58
62.39999999999418	9
62.39999999999418	39
62.39999999999418	21
62.39999999999418	57
62.39999999999418	59
62.39999999999418	38
62.5	13
62.5	35
62.5	33
62.5	23
62.5	32
62.5	28
62.5	22
62.5	1
62.5	54
62.599999999998545	15
62.599999999998545	48
62.599999999998545	34
62.599999999998545	40
62.599999999998545	47
62.599999999998545	8
62.599999999998545	16
63.099999999998545	26
63.19999999999709	42
63.39999999999418	4
63.39999999999418	27
63.5	64
63.599999999998545	61
63.599999999998545	53
63.599999999998545	51
62.89999999999418	7
62.89999999999418	19
62.89999999999418	50
62.89999999999418	37
62.89999999999418	5
62.89999999999418	55
63.0	14
63.0	36
63.0	44
63.0	62
63.0	6
63.099999999998545	3
63.099999999998545	24
63.19999999999709	25
63.299999999995634	10
63.39999999999418	2
63.39999999999418	18
63.39999999999418	12
64.29999999999563	49
65.79999999999563	41
66.09999999999854	56
66.29999999999563	43
66.59999999999854	60
67.09999999999854	46
67.09999999999854	31
67.09999999999854	29
67.29999999999563	58
67.29999999999563	20
67.29999999999563	17
67.29999999999563	30
67.29999999999563	45
67.39999999999418	57
67.39999999999418	11
67.5	21
67.5	52
67.5	27
67.5	33
67.5	9
67.59999999999854	35
67.59999999999854	63
67.59999999999854	8
67.59999999999854	15
67.59999999999854	54
67.59999999999854	13
67.79999999999563	38
67.79999999999563	32
67.79999999999563	28
67.89999999999418	59
68.0	16
68.59999999999854	50
67.79999999999563	1
67.79999999999563	26
67.79999999999563	4
67.79999999999563	39
67.79999999999563	22
67.79999999999563	42
67.79999999999563	47
67.89999999999418	5
67.89999999999418	36
67.89999999999418	55
67.89999999999418	48
67.89999999999418	34
67.89999999999418	3
67.89999999999418	51
67.89999999999418	62
67.89999999999418	23
67.89999999999418	64
67.89999999999418	37
67.89999999999418	61
67.89999999999418	53
67.89999999999418	7
68.0	18
68.0	14
68.0	44
68.0	6
68.0	24
68.09999999999854	10
68.09999999999854	25
68.09999999999854	19
68.19999999999709	40
68.29999999999563	2
68.29999999999563	12
69.09999999999854	49
71.19999999999709	41
71.59999999999854	56
71.79999999999563	43
72.0	60
72.29999999999563	31
72.29999999999563	46
72.29999999999563	58
72.29999999999563	15
72.5	29
72.5	8
72.5	57
72.59999999999854	27
72.59999999999854	30
72.59999999999854	20
73.09999999999854	17
73.0	44
73.0	33
73.0	38
73.0	3
73.09999999999854	18
73.39999999999418	13
73.59999999999854	34
73.59999999999854	36
73.59999999999854	9
73.59999999999854	45
72.79999999999563	26
72.79999999999563	35
72.79999999999563	5
72.79999999999563	62
72.79999999999563	10
72.79999999999563	63
72.89999999999418	32
72.89999999999418	40
72.89999999999418	54
72.89999999999418	50
72.89999999999418	42
72.89999999999418	55
72.89999999999418	61
72.89999999999418	51
72.89999999999418	23
72.89999999999418	7
72.89999999999418	14
72.89999999999418	28
72.89999999999418	39
72.89999999999418	53
72.89999999999418	12
72.89999999999418	47
72.89999999999418	24
72.89999999999418	59
73.0	48
73.0	64
73.0	6
73.0	21
73.0	11
73.0	1
73.0	22
73.0	25
73.0	4
73.0	2
73.09999999999854	37
73.09999999999854	52
73.09999999999854	16
73.09999999999854	19
74.19999999999709	49
76.79999999999563	41
77.19999999999709	56
77.39999999999418	43
77.5	15
77.5	31
77.5	44
77.5	2
77.59999999999854	57
77.59999999999854	3
77.59999999999854	27
77.59999999999854	8
78.0	46
78.19999999999709	12
78.19999999999709	36
78.29999999999563	60
78.29999999999563	20
78.29999999999563	38
78.39999999999418	7
78.39999999999418	62
78.5	17
78.59999999999854	58
78.59999999999854	5
77.79999999999563	10
77.79999999999563	61
77.79999999999563	18
77.79999999999563	30
77.79999999999563	33
77.79999999999563	34
77.79999999999563	14
77.79999999999563	42
77.79999999999563	50
77.79999999999563	9
77.89999999999418	29
77.89999999999418	45
77.89999999999418	55
77.89999999999418	26
77.89999999999418	4
77.89999999999418	59
78.0	35
78.0	32
78.0	64
78.0	16
78.0	6
78.09999999999854	51
78.09999999999854	40
78.09999999999854	48
78.09999999999854	63
78.09999999999854	37
78.09999999999854	39
78.09999999999854	21
78.09999999999854	19
78.09999999999854	52
78.09999999999854	1
78.19999999999709	54
78.19999999999709	24
78.19999999999709	23
78.29999999999563	11
78.29999999999563	53
78.29999999999563	25
78.29999999999563	49
78.29999999999563	28
78.29999999999563	13
78.39999999999418	22
78.5	47
82.29999999999563	41
82.5	44
83.5	12
83.5	3
83.0	62
83.0	56
83.0	2
83.09999999999854	15
83.39999999999418	31
83.39999999999418	7
83.39999999999418	61
83.5	43
83.5	57
83.59999999999854	10
83.59999999999854	18
82.79999999999563	50
82.79999999999563	38
82.79999999999563	24
82.79999999999563	34
82.79999999999563	25
82.79999999999563	5
82.89999999999418	36
82.89999999999418	8
82.89999999999418	27
82.89999999999418	33
82.89999999999418	22
82.89999999999418	26
82.89999999999418	19
82.89999999999418	51
83.0	37
83.0	23
83.0	58
83.0	64
83.0	20
83.0	53
83.0	4
83.0	28
83.0	46
83.0	6
83.0	17
83.0	55
83.0	9
83.0	40
83.0	14
83.0	52
83.09999999999854	30
83.09999999999854	45
83.09999999999854	29
83.09999999999854	47
83.09999999999854	42
83.09999999999854	32
83.09999999999854	59
83.09999999999854	21
83.09999999999854	63
83.09999999999854	60
83.09999999999854	35
83.19999999999709	39
83.19999999999709	11
83.19999999999709	54
83.19999999999709	49
83.19999999999709	16
83.19999999999709	1
83.29999999999563	48
83.39999999999418	13
88.29999999999563	25
88.39999999999418	12
87.79999999999563	61
87.79999999999563	7
87.79999999999563	19
87.79999999999563	2
87.89999999999418	6
87.89999999999418	24
87.89999999999418	28
87.89999999999418	3
87.89999999999418	10
87.89999999999418	18
87.89999999999418	50
87.89999999999418	22
87.89999999999418	14
87.89999999999418	5
87.89999999999418	52
87.89999999999418	16
87.89999999999418	55
87.89999999999418	23
88.0	47
88.0	40
88.0	26
88.0	51
88.0	38
88.0	49
88.0	33
88.0	13
88.0	17
88.0	63
88.0	21
88.0	53
88.0	29
88.0	59
88.09999999999854	57
88.09999999999854	37
88.09999999999854	46
88.09999999999854	11
88.09999999999854	32
88.09999999999854	45
88.09999999999854	15
88.09999999999854	39
88.09999999999854	42
88.09999999999854	35
88.09999999999854	56
88.09999999999854	8
88.09999999999854	48
88.09999999999854	20
88.09999999999854	54
88.89999999999418	30
89.0	1
89.0	58
89.0	31
89.0	27
89.0	36
92.89999999999418	25
92.89999999999418	47
92.89999999999418	61
92.89999999999418	19
93.0	54
93.0	21
93.0	24
93.0	52
93.0	11
93.59999999999854	51
93.59999999999854	8
93.59999999999854	14
93.59999999999854	39
93.59999999999854	31
93.59999999999854	22
93.59999999999854	3
93.59999999999854	28
93.59999999999854	35
93.59999999999854	46
93.59999999999854	17
93.59999999999854	64
93.59999999999854	38
93.59999999999854	33
93.59999999999854	56
93.59999999999854	43
93.59999999999854	5
93.59999999999854	27
93.59999999999854	1
93.59999999999854	40
93.59999999999854	12
93.79999999999563	29
93.79999999999563	26
93.89999999999418	30
93.89999999999418	2
93.89999999999418	13
94.0	63
94.0	57
94.5	18
93.79999999999563	36
93.79999999999563	45
93.79999999999563	55
93.89999999999418	49
93.89999999999418	6
98.09999999999854	54
98.09999999999854	26
98.09999999999854	55
98.09999999999854	47
98.09999999999854	52
98.19999999999709	49
98.19999999999709	17
98.29999999999563	3
98.29999999999563	21
98.39999999999418	63
98.39999999999418	46
98.39999999999418	39
98.39999999999418	36
98.39999999999418	27
98.39999999999418	29
98.39999999999418	14
98.39999999999418	30
98.39999999999418	56
98.39999999999418	43
98.5	8
98.5	18
98.5	57
103.09999999999854	47
103.19999999999709	54
103.19999999999709	21
103.19999999999709	26
103.29999999999563	39
103.29999999999563	56
103.39999999999418	14
103.39999999999418	36
103.39999999999418	23
103.39999999999418	3
103.39999999999418	49
103.39999999999418	52
103.39999999999418	30
103.39999999999418	8
103.5	43
103.5	29
103.59999999999854	63
103.59999999999854	45
108.19999999999709	56
108.29999999999563	24
108.29999999999563	36
108.39999999999418	8
108.5	26
108.5	30
108.5	52
108.5	3
108.5	23
108.59999999999854	2
108.59999999999854	29
109.29999999999563	63
108.79999999999563	45
109.09999999999854	28
113.5	8
113.5	24
113.59999999999854	47
113.59999999999854	30
113.79999999999563	23
113.79999999999563	36
113.89999999999418	29
118.59999999999854	24
118.79999999999563	29
118.79999999999563	19
118.79999999999563	30
118.79999999999563	16
118.89999999999418	47
118.89999999999418	49
118.89999999999418	36
118.89999999999418	61
124.5	29
123.89999999999418	19
123.89999999999418	16
123.89999999999418	30
123.89999999999418	61
124.0	55
124.0	47
124.09999999999854	49
124.09999999999854	7
124.19999999999709	24
128.0	44
127.79999999999563	62
127.89999999999418	9
128.39999999999418	60
128.79999999999563	16
128.89999999999418	30
129.09999999999854	55
129.09999999999854	7
129.09999999999854	47
129.1999999999971	49
129.1999999999971	4
132.89999999999418	16
133.0	32
133.0	62
133.09999999999854	44
133.09999999999854	42
133.09999999999854	37
133.39999999999418	60
134.0	62
134.0	2
134.0	16
134.09999999999854	63
134.1999999999971	55
134.29999999999563	4
134.29999999999563	59
134.29999999999563	7
134.29999999999563	49
138.29999999999563	37
138.29999999999563	19
138.29999999999563	53
138.29999999999563	61
138.29999999999563	32
138.29999999999563	28
138.29999999999563	64
138.29999999999563	25
138.29999999999563	60
138.39999999999418	9
139.0	2
139.0	62
139.0	23
139.09999999999854	47
139.09999999999854	63
139.09999999999854	16
139.1999999999971	8
139.1999999999971	55
139.1999999999971	3
139.29999999999563	59
139.39999999999418	7
139.39999999999418	4
143.09999999999854	1
143.09999999999854	53
143.29999999999563	28
143.39999999999418	32
143.39999999999418	19
143.39999999999418	9
143.5	64
143.5	27
143.5	61
143.5	57
143.5	25
143.59999999999854	62
143.79999999999563	44
143.79999999999563	59
144.0	62
144.0	47
144.09999999999854	2
144.09999999999854	8
144.09999999999854	23
144.09999999999854	55
144.1999999999971	21
144.1999999999971	63
144.1999999999971	16
144.29999999999563	3
144.39999999999418	22
144.39999999999418	4
144.5	37
144.5	7
148.1999999999971	1
148.29999999999563	54
148.29999999999563	47
148.39999999999418	53
148.39999999999418	39
148.39999999999418	21
148.5	4
148.5	14
148.5	17
148.5	18
148.59999999999854	9
148.59999999999854	61
148.59999999999854	57
148.59999999999854	49
148.59999999999854	25
149.1999999999971	32
149.0	19
149.39999999999418	33
148.79999999999563	59
148.79999999999563	44
148.79999999999563	22
148.79999999999563	37
148.89999999999418	3
149.0	55
149.0	62
149.0	62
149.09999999999854	8
149.09999999999854	21
149.09999999999854	19
149.09999999999854	52
149.09999999999854	23
149.09999999999854	47
149.09999999999854	63
149.29999999999563	42
149.39999999999418	7
153.29999999999563	56
153.39999999999418	1
153.5	54
153.5	26
153.59999999999854	2
154.5	22
153.79999999999563	49
153.79999999999563	33
153.79999999999563	3
153.79999999999563	59
153.79999999999563	4
153.79999999999563	17
153.79999999999563	9
153.79999999999563	32
153.79999999999563	25
153.79999999999563	52
153.79999999999563	37
153.79999999999563	21
153.79999999999563	21
153.79999999999563	55
153.79999999999563	44
153.79999999999563	61
153.79999999999563	7
153.79999999999563	42
153.89999999999418	62
153.89999999999418	8
153.89999999999418	30
153.89999999999418	19
153.89999999999418	19
154.0	57
154.0	63
154.0	63
154.0	62
154.0	47
154.0	23
154.59999999999854	7
158.59999999999854	33
158.59999999999854	2
158.59999999999854	55
158.59999999999854	25
158.59999999999854	55
159.09999999999854	26
159.1999999999971	1
158.79999999999563	8
158.79999999999563	54
158.79999999999563	61
158.79999999999563	42
158.79999999999563	3
158.79999999999563	7
158.89999999999418	63
158.89999999999418	52
158.89999999999418	16
158.89999999999418	37
159.0	9
159.09999999999854	59
164.59999999999854	2
163.79999999999563	42
163.89999999999418	62
163.89999999999418	16
163.89999999999418	57
163.89999999999418	3
164.0	17
164.0	21
164.0	59
164.0	1
164.0	9
164.09999999999854	37
167.79999999999563	41
168.09999999999854	4
168.09999999999854	64
168.59999999999854	42
168.89999999999418	29
168.89999999999418	62
168.89999999999418	16
169.0	37
169.09999999999854	61
169.1999999999971	1
173.0	7
173.1999999999971	20
173.89999999999418	22
174.0	29
174.09999999999854	61
174.1999999999971	58
174.29999999999563	3
174.29999999999563	8
174.29999999999563	56
174.29999999999563	1
178.1999999999971	35
178.1999999999971	7
178.29999999999563	22
178.29999999999563	20
178.29999999999563	62
178.89999999999418	31
179.09999999999854	22
179.1999999999971	1
179.1999999999971	56
183.09999999999854	60
183.1999999999971	59
183.29999999999563	37
183.29999999999563	20
183.29999999999563	7
183.39999999999418	35
183.39999999999418	17
183.39999999999418	22
183.59999999999854	31
184.09999999999854	56
188.09999999999854	60
188.39999999999418	37
188.39999999999418	59
188.5	7
188.59999999999854	35
188.59999999999854	22
188.59999999999854	33
188.59999999999854	31
189.0	56
193.29999999999563	60
193.5	53
193.59999999999854	22
193.59999999999854	32
194.39999999999418	33
194.5	28
194.09999999999854	39
194.09999999999854	27
198.5	56
198.59999999999854	8
198.59999999999854	60
199.39999999999418	32
199.5	35
198.79999999999563	53
198.89999999999418	33
198.89999999999418	28
199.0	7
199.0	39
199.29999999999563	49
203.79999999999563	8
203.79999999999563	54
203.89999999999418	39
203.89999999999418	56
204.0	28
204.09999999999854	33
209.09999999999854	39
208.79999999999563	63
208.89999999999418	2
209.0	28
209.0	8
209.09999999999854	56
209.09999999999854	3
209.09999999999854	57
209.09999999999854	33
209.1999999999971	59
213.0	53
213.39999999999418	41
213.5	53
214.0	32
214.0	50
214.1999999999971	33
214.1999999999971	37
218.0	1
218.09999999999854	33
218.59999999999854	41
218.89999999999418	53
218.79999999999563	61
218.79999999999563	20
218.89999999999418	56
219.0	32
219.09999999999854	33
219.09999999999854	50
219.09999999999854	57
219.09999999999854	37
219.09999999999854	29
219.1999999999971	60
223.5	2
223.59999999999854	18
223.89999999999418	33
223.89999999999418	53
223.89999999999418	56
224.0	61
224.09999999999854	32
224.1999999999971	50
224.1999999999971	57
224.29999999999563	20
224.39999999999418	60
229.5	31
228.79999999999563	60
228.89999999999418	54
228.89999999999418	56
229.0	32
229.0	53
229.0	61
229.09999999999854	2
229.09999999999854	61
229.09999999999854	50
229.29999999999563	57
232.29999999999563	52
233.5	37
233.5	18
233.5	3
233.59999999999854	59
233.79999999999563	60
233.79999999999563	54
233.79999999999563	56
233.89999999999418	31
233.89999999999418	32
233.89999999999418	52
233.89999999999418	47
234.0	52
234.0	53
234.09999999999854	61
234.09999999999854	2
234.09999999999854	50
234.09999999999854	28
234.29999999999563	53
234.29999999999563	57
234.29999999999563	63
234.29999999999563	61
237.1999999999971	29
237.29999999999563	52
238.39999999999418	57
238.5	18
238.59999999999854	22
238.59999999999854	37
238.59999999999854	22
238.59999999999854	21
238.59999999999854	3
239.0	59
239.1999999999971	32
239.1999999999971	27
239.1999999999971	27
239.29999999999563	57
238.79999999999563	6
238.79999999999563	56
238.89999999999418	21
238.89999999999418	53
238.89999999999418	47
238.89999999999418	47
238.89999999999418	29
238.89999999999418	60
238.89999999999418	27
238.89999999999418	54
239.0	61
239.0	52
239.0	32
239.0	52
239.0	31
239.1999999999971	28
239.1999999999971	57
239.1999999999971	50
239.1999999999971	50
239.1999999999971	61
239.29999999999563	63
239.5	53
242.09999999999854	50
242.29999999999563	52
243.5	50
243.5	33
243.59999999999854	57
243.59999999999854	41
243.59999999999854	21
243.59999999999854	22
243.59999999999854	18
243.59999999999854	53
243.59999999999854	61
243.79999999999563	7
244.1999999999971	29
243.79999999999563	3
243.79999999999563	60
243.79999999999563	6
244.0	8
244.1999999999971	56
244.29999999999563	32
244.5	62
243.79999999999563	27
243.79999999999563	32
243.79999999999563	59
243.79999999999563	32
243.79999999999563	27
243.79999999999563	28
243.79999999999563	57
243.79999999999563	37
243.79999999999563	22
243.89999999999418	47
243.89999999999418	52
243.89999999999418	61
244.0	63
244.0	53
244.0	31
244.09999999999854	61
244.09999999999854	52
244.09999999999854	52
244.09999999999854	50
244.09999999999854	50
244.09999999999854	63
244.5	53
247.0	35
247.1999999999971	6
247.39999999999418	50
247.5	50
248.5	20
248.59999999999854	41
248.59999999999854	53
248.89999999999418	1
248.89999999999418	33
248.89999999999418	61
248.89999999999418	62
249.0	60
249.09999999999854	47
249.09999999999854	18
249.09999999999854	7
249.1999999999971	8
249.1999999999971	56
248.79999999999563	54
248.79999999999563	28
248.79999999999563	6
248.79999999999563	29
248.79999999999563	22
248.79999999999563	32
248.79999999999563	3
248.79999999999563	35
248.89999999999418	57
248.89999999999418	47
248.89999999999418	59
248.89999999999418	59
248.89999999999418	61
248.89999999999418	27
248.89999999999418	27
248.89999999999418	52
249.0	33
249.0	22
249.0	31
249.0	61
249.09999999999854	32
249.09999999999854	32
249.09999999999854	63
249.09999999999854	63
249.09999999999854	29
249.09999999999854	52
249.09999999999854	52
249.09999999999854	37
249.09999999999854	17
249.09999999999854	21
249.29999999999563	53
249.29999999999563	50
249.5	53
249.59999999999854	57
253.0	50
253.5	29
254.0	47
253.79999999999563	28
253.79999999999563	7
253.79999999999563	1
253.89999999999418	61
254.0	20
253.79999999999563	6
253.79999999999563	63
253.79999999999563	18
253.79999999999563	33
253.79999999999563	56
253.89999999999418	47
253.89999999999418	61
253.89999999999418	3
253.89999999999418	57
253.89999999999418	22
253.89999999999418	52
253.89999999999418	59
253.89999999999418	52
253.89999999999418	33
253.89999999999418	28
254.0	39
254.09999999999854	17
254.09999999999854	27
254.09999999999854	27
254.09999999999854	31
254.09999999999854	62
254.09999999999854	29
254.09999999999854	61
254.09999999999854	57
254.09999999999854	57
254.09999999999854	35
254.09999999999854	50
254.1999999999971	63
254.29999999999563	53
254.39999999999418	53
254.5	41
254.5	22
254.59999999999854	37
259.0	22
259.0	33
259.0	33
259.0	8
259.0	31
259.0	1
259.0	52
259.0	47
259.0	17
259.0	7
259.0	6
259.0	41
259.0	29
259.0	29
259.0	27
259.09999999999854	2
259.09999999999854	62
259.09999999999854	37
259.09999999999854	35
259.09999999999854	55
259.09999999999854	61
259.09999999999854	29
259.09999999999854	3
259.09999999999854	50
259.1999999999971	57
259.1999999999971	39
259.1999999999971	63
259.1999999999971	63
259.1999999999971	8
259.1999999999971	53
259.1999999999971	17
259.29999999999563	53
259.3999999999942	41
259.3999999999942	49
259.59999999999854	37
259.59999999999854	22
263.0	6
263.1999999999971	55
263.29999999999563	33
263.79999999999563	39
264.29999999999563	8
264.3999999999942	7
263.79999999999563	22
263.79999999999563	50
263.79999999999563	17
263.79999999999563	1
263.8999999999942	1
263.8999999999942	29
263.8999999999942	35
263.8999999999942	21
263.8999999999942	31
263.8999999999942	17
263.8999999999942	37
264.0	33
264.0	33
264.0	37
264.0	63
264.0	61
264.0	61
264.0	3
264.0	52
264.0	47
264.09999999999854	52
264.09999999999854	8
264.09999999999854	29
264.09999999999854	63
264.09999999999854	53
264.09999999999854	53
264.1999999999971	62
264.1999999999971	20
264.1999999999971	55
264.1999999999971	50
264.1999999999971	39
264.1999999999971	29
264.1999999999971	17
264.29999999999563	57
264.29999999999563	53
264.29999999999563	18
264.29999999999563	1
264.29999999999563	41
264.29999999999563	41
264.29999999999563	27
264.29999999999563	49
264.5	22
268.1999999999971	6
268.1999999999971	55
268.3999999999942	20
268.5	27
268.8999999999942	39
268.79999999999563	22
268.79999999999563	53
268.79999999999563	29
268.79999999999563	35
268.79999999999563	17
268.79999999999563	37
268.8999999999942	18
268.8999999999942	8
268.8999999999942	1
268.8999999999942	1
268.8999999999942	52
268.8999999999942	18
268.8999999999942	7
268.8999999999942	41
269.0	33
269.09999999999854	1
269.09999999999854	61
269.09999999999854	3
269.09999999999854	31
269.09999999999854	62
269.09999999999854	63
269.09999999999854	21
269.09999999999854	37
269.09999999999854	47
269.09999999999854	47
269.09999999999854	33
269.09999999999854	63
269.09999999999854	17
269.1999999999971	55
269.1999999999971	50
269.1999999999971	53
269.1999999999971	53
269.1999999999971	20
269.1999999999971	29
269.1999999999971	29
269.1999999999971	29
269.29999999999563	39
269.29999999999563	52
269.29999999999563	6
269.29999999999563	18
269.3999999999942	22
269.3999999999942	60
269.3999999999942	57
269.3999999999942	27
269.3999999999942	41
272.3999999999942	27
273.3999999999942	39
273.3999999999942	31
273.3999999999942	55
273.3999999999942	6
273.59999999999854	8
273.59999999999854	50
273.59999999999854	27
273.59999999999854	20
274.29999999999563	50
274.29999999999563	6
274.29999999999563	62
274.29999999999563	21
274.29999999999563	52
274.29999999999563	52
274.29999999999563	61
274.3999999999942	63
274.3999999999942	63
274.3999999999942	29
274.3999999999942	29
274.3999999999942	3
274.3999999999942	29
274.3999999999942	57
274.3999999999942	35
275.09999999999854	17
275.09999999999854	17
275.09999999999854	22
275.09999999999854	22
275.09999999999854	22
275.09999999999854	18
275.09999999999854	18
275.09999999999854	18
275.09999999999854	41
275.09999999999854	59
275.09999999999854	59
275.09999999999854	49
275.09999999999854	33
275.09999999999854	33
275.1999999999971	56
275.1999999999971	56
275.1999999999971	31
275.1999999999971	1
275.1999999999971	1
275.1999999999971	1
275.1999999999971	7
275.1999999999971	27
275.1999999999971	39
275.1999999999971	39
275.1999999999971	55
275.1999999999971	60
275.1999999999971	47
275.29999999999563	47
275.29999999999563	37
275.29999999999563	37
275.29999999999563	20
275.3999999999942	53
277.3999999999942	27
278.3999999999942	31
278.3999999999942	2
278.5	39
278.59999999999854	18
278.8999999999942	6
278.79999999999563	8
278.79999999999563	1
278.79999999999563	35
278.79999999999563	50
278.79999999999563	22
278.79999999999563	52
278.79999999999563	37
278.79999999999563	20
278.79999999999563	56
278.8999999999942	35
278.8999999999942	18
278.8999999999942	62
278.8999999999942	47
278.8999999999942	2
278.8999999999942	62
278.8999999999942	55
278.8999999999942	39
278.8999999999942	22
278.8999999999942	63
279.0	17
279.0	17
279.0	20
279.0	37
279.0	56
279.09999999999854	29
279.09999999999854	60
279.09999999999854	52
279.09999999999854	55
279.09999999999854	31
279.09999999999854	56
279.09999999999854	37
279.09999999999854	2
279.1999999999971	33
279.1999999999971	33
279.1999999999971	33
279.1999999999971	39
279.1999999999971	55
279.1999999999971	63
279.1999999999971	53
279.1999999999971	62
279.1999999999971	57
279.1999999999971	57
279.1999999999971	61
279.29999999999563	47
279.29999999999563	8
279.29999999999563	21
279.29999999999563	3
279.29999999999563	35
279.29999999999563	50
279.29999999999563	20
279.29999999999563	6
279.29999999999563	1
279.29999999999563	18
279.29999999999563	29
279.3999999999942	22
279.3999999999942	31
279.3999999999942	7
279.5	49
279.59999999999854	59
279.59999999999854	41
279.59999999999854	41
279.59999999999854	27
279.59999999999854	60
279.59999999999854	60
282.29999999999563	27
282.29999999999563	27
282.59999999999854	57
283.3999999999942	2
283.5	31
283.59999999999854	18
283.59999999999854	35
283.59999999999854	41
283.59999999999854	27
283.59999999999854	22
284.3999999999942	22
284.5	52
284.59999999999854	39
283.79999999999563	35
283.79999999999563	57
283.79999999999563	37
283.79999999999563	39
283.8999999999942	18
283.8999999999942	47
283.8999999999942	20
283.8999999999942	20
283.8999999999942	54
283.8999999999942	54
283.8999999999942	56
283.8999999999942	63
283.8999999999942	50
283.8999999999942	6
283.8999999999942	8
283.8999999999942	47
284.0	17
284.0	3
284.0	33
284.0	2
284.0	54
284.0	55
284.0	55
284.0	62
284.0	33
284.0	37
284.0	17
284.0	39
284.09999999999854	60
284.09999999999854	60
284.09999999999854	31
284.09999999999854	56
284.09999999999854	56
284.09999999999854	53
284.09999999999854	61
284.1999999999971	37
284.1999999999971	63
284.1999999999971	33
284.1999999999971	55
284.1999999999971	39
284.1999999999971	62
284.1999999999971	6
284.1999999999971	1
284.1999999999971	18
284.1999999999971	47
284.29999999999563	29
284.29999999999563	1
284.29999999999563	3
284.29999999999563	20
284.29999999999563	35
284.29999999999563	35
284.29999999999563	35
284.29999999999563	52
284.29999999999563	41
284.29999999999563	41
284.29999999999563	49
284.29999999999563	59
284.29999999999563	27
284.29999999999563	60
284.29999999999563	60
284.3999999999942	29
284.3999999999942	22
284.3999999999942	31
284.3999999999942	7
284.3999999999942	57
284.3999999999942	8
284.3999999999942	21
284.5	54
284.5	50
285.59999999999854	17
287.09999999999854	2
287.29999999999563	17
287.3999999999942	27
287.3999999999942	57
288.5	2
288.5	57
288.59999999999854	27
288.59999999999854	35
288.59999999999854	50
288.59999999999854	22
289.59999999999854	52
288.79999999999563	22
288.79999999999563	31
288.79999999999563	18
288.79999999999563	39
288.8999999999942	63
288.8999999999942	55
288.8999999999942	2
288.8999999999942	33
288.8999999999942	54
288.8999999999942	54
289.0	56
289.0	31
289.0	47
289.0	6
289.0	37
289.0	39
289.0	18
289.09999999999854	49
289.09999999999854	20
289.09999999999854	8
289.09999999999854	8
289.09999999999854	62
289.09999999999854	52
289.09999999999854	62
289.09999999999854	37
289.09999999999854	37
289.09999999999854	57
289.09999999999854	35
289.09999999999854	35
289.09999999999854	3
289.1999999999971	50
289.1999999999971	54
289.1999999999971	54
289.1999999999971	17
289.1999999999971	17
289.1999999999971	39
289.1999999999971	29
289.1999999999971	31
289.1999999999971	56
289.1999999999971	56
289.1999999999971	35
289.1999999999971	53
289.1999999999971	61
289.1999999999971	33
289.1999999999971	39
289.1999999999971	20
289.1999999999971	3
289.1999999999971	60
289.1999999999971	50
289.1999999999971	47
289.1999999999971	6
289.1999999999971	1
289.1999999999971	18
289.1999999999971	55
289.1999999999971	55
289.1999999999971	1
289.1999999999971	21
289.29999999999563	2
289.29999999999563	41
289.29999999999563	41
289.29999999999563	59
289.29999999999563	60
289.29999999999563	60
289.29999999999563	60
289.29999999999563	29
289.29999999999563	63
289.29999999999563	27
289.3999999999942	7
289.5	22
290.59999999999854	17
292.0	29
293.3999999999942	57
293.3999999999942	22
293.59999999999854	27
293.59999999999854	2
293.59999999999854	62
294.5	50
293.79999999999563	39
293.8999999999942	60
293.8999999999942	35
294.29999999999563	31
293.79999999999563	59
293.79999999999563	41
293.79999999999563	31
293.79999999999563	32
293.79999999999563	33
293.79999999999563	59
293.8999999999942	55
293.8999999999942	32
293.8999999999942	32
293.8999999999942	63
293.8999999999942	56
294.0	57
294.0	3
294.0	56
294.0	21
294.0	20
294.0	54
294.0	17
294.0	52
294.0	18
294.0	31
294.0	47
294.0	47
294.1999999999971	52
294.1999999999971	37
294.1999999999971	55
294.1999999999971	55
294.1999999999971	21
294.1999999999971	35
294.1999999999971	35
294.1999999999971	35
294.1999999999971	20
294.1999999999971	3
294.1999999999971	50
294.1999999999971	50
294.1999999999971	61
294.1999999999971	7
294.1999999999971	39
294.1999999999971	39
294.1999999999971	39
294.1999999999971	54
294.1999999999971	54
294.1999999999971	54
294.1999999999971	18
294.1999999999971	18
294.1999999999971	49
294.1999999999971	27
294.1999999999971	33
294.1999999999971	1
294.1999999999971	1
294.1999999999971	1
294.1999999999971	41
294.1999999999971	31
294.1999999999971	62
294.1999999999971	21
294.1999999999971	56
294.29999999999563	2
294.29999999999563	8
294.29999999999563	8
294.29999999999563	53
294.29999999999563	53
294.29999999999563	17
294.29999999999563	60
294.29999999999563	60
294.29999999999563	60
294.29999999999563	59
294.29999999999563	32
294.29999999999563	63
294.3999999999942	6
294.3999999999942	47
294.3999999999942	29
294.3999999999942	29
294.5	22
294.5	37
297.1999999999971	29
297.8999999999942	6
298.1999999999971	50
298.3999999999942	22
298.3999999999942	55
298.59999999999854	62
299.1999999999971	27
299.29999999999563	28
299.3999999999942	31
298.79999999999563	2
298.79999999999563	60
298.79999999999563	18
298.79999999999563	59
298.79999999999563	18
298.8999999999942	28
298.8999999999942	32
298.8999999999942	31
298.8999999999942	32
298.8999999999942	47
298.8999999999942	47
299.0	56
299.0	55
299.0	41
299.0	56
299.0	33
299.0	1
299.0	59
299.0	59
299.0	20
299.0	60
299.0	21
299.0	63
299.0	32
299.0	1
299.09999999999854	1
299.09999999999854	22
299.09999999999854	3
299.09999999999854	31
299.09999999999854	54
299.09999999999854	54
299.09999999999854	18
299.09999999999854	8
299.09999999999854	54
299.09999999999854	7
299.09999999999854	39
299.1999999999971	52
299.1999999999971	52
299.1999999999971	35
299.1999999999971	35
299.1999999999971	35
299.1999999999971	29
299.1999999999971	53
299.1999999999971	53
299.1999999999971	8
299.1999999999971	54
299.1999999999971	35
299.1999999999971	39
299.1999999999971	55
299.1999999999971	33
299.1999999999971	56
299.1999999999971	21
299.1999999999971	39
299.1999999999971	61
299.1999999999971	49
299.1999999999971	49
299.1999999999971	27
299.1999999999971	31
299.1999999999971	27
299.1999999999971	2
299.1999999999971	62
299.1999999999971	18
299.1999999999971	18
299.1999999999971	6
299.1999999999971	20
299.1999999999971	50
299.1999999999971	50
299.1999999999971	32
299.1999999999971	63
299.29999999999563	59
299.29999999999563	17
299.29999999999563	21
299.3999999999942	3
299.3999999999942	57
299.3999999999942	57
299.3999999999942	37
299.3999999999942	41
299.3999999999942	60
303.29999999999563	50
303.3999999999942	2
303.5	54
303.5	55
303.5	22
303.59999999999854	41
303.59999999999854	62
304.3999999999942	28
304.3999999999942	31
303.79999999999563	27
303.79999999999563	52
303.79999999999563	47
303.79999999999563	18
303.79999999999563	32
303.79999999999563	21
303.8999999999942	22
303.8999999999942	18
303.8999999999942	3
303.8999999999942	41
303.8999999999942	35
304.0	1
304.0	54
304.0	60
304.0	8
304.0	59
304.0	59
304.0	47
304.0	1
304.0	28
304.0	60
304.0	18
304.0	20
304.0	2
304.0	56
304.0	6
304.09999999999854	7
304.09999999999854	32
304.09999999999854	33
304.09999999999854	33
304.09999999999854	56
304.09999999999854	63
304.09999999999854	27
304.09999999999854	31
304.09999999999854	31
304.09999999999854	31
304.09999999999854	56
304.09999999999854	54
304.09999999999854	54
304.09999999999854	54
304.09999999999854	50
304.09999999999854	50
304.1999999999971	39
304.1999999999971	39
304.1999999999971	39
304.1999999999971	53
304.1999999999971	61
304.1999999999971	29
304.1999999999971	18
304.1999999999971	3
304.1999999999971	20
304.1999999999971	6
304.1999999999971	8
304.1999999999971	52
304.1999999999971	55
304.1999999999971	55
304.1999999999971	2
304.1999999999971	17
304.1999999999971	32
304.1999999999971	32
304.1999999999971	63
304.29999999999563	21
304.29999999999563	35
304.29999999999563	35
304.29999999999563	35
304.29999999999563	57
304.29999999999563	62
304.3999999999942	37
304.3999999999942	57
304.3999999999942	49
304.3999999999942	60
304.3999999999942	59
304.3999999999942	59
304.3999999999942	27
304.3999999999942	41
308.3999999999942	2
308.5	54
308.5	55
308.59999999999854	41
309.0	22
309.1999999999971	62
308.79999999999563	28
308.79999999999563	35
308.79999999999563	1
308.79999999999563	32
308.79999999999563	8
308.79999999999563	3
308.8999999999942	27
308.8999999999942	22
308.8999999999942	21
308.8999999999942	41
308.8999999999942	17
308.8999999999942	18
309.0	31
309.0	59
309.09999999999854	55
309.09999999999854	31
309.09999999999854	56
309.09999999999854	20
309.09999999999854	20
309.09999999999854	47
309.09999999999854	59
309.09999999999854	2
309.09999999999854	21
309.09999999999854	33
309.09999999999854	54
309.09999999999854	54
309.09999999999854	54
309.09999999999854	56
309.09999999999854	37
309.09999999999854	62
309.1999999999971	2
309.1999999999971	32
309.1999999999971	32
309.1999999999971	63
309.1999999999971	63
309.1999999999971	56
309.1999999999971	1
309.1999999999971	28
309.1999999999971	61
309.1999999999971	39
309.1999999999971	39
309.1999999999971	39
309.1999999999971	52
309.1999999999971	55
309.1999999999971	33
309.1999999999971	3
309.1999999999971	35
309.1999999999971	35
309.1999999999971	35
309.1999999999971	18
309.1999999999971	6
309.1999999999971	53
309.1999999999971	17
309.1999999999971	8
309.1999999999971	8
309.29999999999563	57
309.29999999999563	20
309.29999999999563	32
309.3999999999942	50
309.3999999999942	29
309.3999999999942	31
309.3999999999942	7
309.3999999999942	49
309.5	60
309.5	60
309.5	41
309.5	27
309.5	59
309.5	59
313.5	41
313.59999999999854	54
314.09999999999854	53
314.29999999999563	55
314.5	28
314.5	29
313.79999999999563	27
313.79999999999563	31
313.79999999999563	41
313.79999999999563	28
313.8999999999942	54
313.8999999999942	28
313.8999999999942	28
313.8999999999942	20
313.8999999999942	18
313.8999999999942	1
314.0	20
314.09999999999854	6
314.09999999999854	8
314.09999999999854	3
314.09999999999854	35
314.09999999999854	35
314.09999999999854	31
314.09999999999854	32
314.09999999999854	21
314.09999999999854	52
314.09999999999854	37
314.09999999999854	54
314.09999999999854	17
314.09999999999854	55
314.09999999999854	2
314.09999999999854	41
314.09999999999854	62
314.09999999999854	62
314.09999999999854	8
314.09999999999854	56
314.09999999999854	33
314.1999999999971	2
314.1999999999971	22
314.1999999999971	54
314.1999999999971	55
314.1999999999971	47
314.1999999999971	32
314.1999999999971	50
314.1999999999971	3
314.1999999999971	20
314.1999999999971	18
314.29999999999563	32
314.29999999999563	53
314.29999999999563	2
314.29999999999563	61
314.29999999999563	39
314.29999999999563	1
314.29999999999563	8
314.29999999999563	33
314.29999999999563	56
314.29999999999563	35
314.29999999999563	35
314.29999999999563	57
314.29999999999563	29
314.29999999999563	63
314.3999999999942	27
314.3999999999942	59
314.3999999999942	59
314.3999999999942	41
314.3999999999942	60
314.3999999999942	60
314.3999999999942	49
314.5	7
314.5	31
318.5	41
318.59999999999854	54
319.59999999999854	41
319.59999999999854	31
318.79999999999563	28
318.79999999999563	53
318.79999999999563	28
318.79999999999563	63
318.8999999999942	50
318.8999999999942	32
318.8999999999942	18
318.8999999999942	3
318.8999999999942	28
318.8999999999942	17
319.0	17
319.0	41
319.0	1
319.0	59
319.0	62
319.0	20
319.0	17
319.0	59
319.09999999999854	37
319.09999999999854	62
319.09999999999854	52
319.09999999999854	29
319.09999999999854	31
319.09999999999854	21
319.09999999999854	28
319.1999999999971	39
319.1999999999971	53
319.1999999999971	62
319.1999999999971	61
319.1999999999971	50
319.1999999999971	8
319.1999999999971	47
319.1999999999971	56
319.1999999999971	3
319.1999999999971	3
319.1999999999971	35
319.1999999999971	35
319.1999999999971	55
319.1999999999971	57
319.1999999999971	2
319.1999999999971	33
319.29999999999563	32
319.29999999999563	32
319.29999999999563	20
319.29999999999563	2
319.29999999999563	60
319.29999999999563	41
319.29999999999563	27
319.29999999999563	27
319.29999999999563	59
319.29999999999563	49
319.29999999999563	54
319.29999999999563	54
319.3999999999942	1
319.3999999999942	18
319.3999999999942	6
319.3999999999942	63
319.5	7
319.5	22
321.59999999999854	57
322.29999999999563	17
322.5	2
323.5	55
323.59999999999854	31
323.59999999999854	1
324.3999999999942	31
324.3999999999942	28
324.3999999999942	28
324.3999999999942	28
324.3999999999942	28
324.3999999999942	62
324.3999999999942	62
324.3999999999942	6
324.3999999999942	6
324.3999999999942	29
324.3999999999942	21
324.3999999999942	21
324.3999999999942	41
324.3999999999942	41
324.3999999999942	53
324.3999999999942	53
324.3999999999942	61
324.3999999999942	1
324.3999999999942	1
324.3999999999942	50
324.3999999999942	50
324.3999999999942	8
324.3999999999942	35
324.3999999999942	20
324.3999999999942	20
324.3999999999942	32
324.3999999999942	32
324.3999999999942	32
324.3999999999942	57
324.3999999999942	63
324.3999999999942	63
324.3999999999942	17
324.3999999999942	17
324.3999999999942	27
324.3999999999942	27
324.3999999999942	18
324.3999999999942	18
324.3999999999942	54
324.3999999999942	3
324.3999999999942	3
324.3999999999942	39
324.3999999999942	33
324.3999999999942	7
324.3999999999942	59
324.3999999999942	59
324.3999999999942	59
324.3999999999942	55
324.3999999999942	7
324.3999999999942	37
324.3999999999942	2
324.3999999999942	2
324.5	47
324.5	52
324.5	60
324.5	56
324.59999999999854	49
324.59999999999854	22
328.1999999999971	35
328.1999999999971	35
328.3999999999942	55
328.59999999999854	31
329.3999999999942	17
329.5	28
328.79999999999563	20
328.79999999999563	59
328.79999999999563	28
328.8999999999942	32
328.8999999999942	41
328.8999999999942	7
328.8999999999942	17
328.8999999999942	21
328.8999999999942	28
329.0	50
329.0	41
329.09999999999854	1
329.09999999999854	53
329.09999999999854	53
329.1999999999971	31
329.1999999999971	56
329.1999999999971	47
329.1999999999971	29
329.1999999999971	61
329.1999999999971	52
329.1999999999971	54
329.1999999999971	3
329.1999999999971	50
329.1999999999971	62
329.1999999999971	32
329.29999999999563	2
329.29999999999563	39
329.29999999999563	62
329.29999999999563	17
329.29999999999563	8
329.29999999999563	21
329.29999999999563	57
329.29999999999563	35
329.29999999999563	33
329.29999999999563	3
329.3999999999942	59
329.3999999999942	27
329.3999999999942	27
329.3999999999942	41
329.3999999999942	49
329.3999999999942	60
329.3999999999942	32
329.3999999999942	55
329.3999999999942	63
329.3999999999942	28
329.5	20
329.5	1
329.5	6
329.5	6
329.5	7
329.5	37
329.5	22
330.0	18
332.09999999999854	7
332.3999999999942	8
333.0	59
333.3999999999942	55
333.5	2
333.59999999999854	8
334.1999999999971	17
334.29999999999563	35
334.5	21
334.5	28
333.79999999999563	20
333.79999999999563	7
333.79999999999563	35
333.79999999999563	35
333.8999999999942	2
333.8999999999942	37
333.8999999999942	28
334.0	60
334.0	28
334.0	21
334.0	29
334.0	41
334.0	3
334.09999999999854	41
334.09999999999854	17
334.09999999999854	52
334.09999999999854	56
334.09999999999854	31
334.09999999999854	62
334.09999999999854	53
334.1999999999971	33
334.1999999999971	2
334.1999999999971	47
334.29999999999563	61
334.29999999999563	50
334.29999999999563	54
334.29999999999563	8
334.29999999999563	62
334.29999999999563	57
334.29999999999563	28
334.3999999999942	21
334.3999999999942	27
334.3999999999942	60
334.3999999999942	49
334.3999999999942	41
334.3999999999942	8
334.3999999999942	59
334.3999999999942	55
334.3999999999942	17
334.3999999999942	35
334.3999999999942	39
334.5	27
334.5	7
334.5	22
334.5	3
334.5	20
334.5	32
334.5	63
334.5	18
334.5	1
334.59999999999854	37
334.59999999999854	6
334.59999999999854	6
337.59999999999854	8
337.8999999999942	35
337.8999999999942	35
338.09999999999854	59
338.29999999999563	57
338.3999999999942	2
338.79999999999563	2
338.8999999999942	28
338.8999999999942	50
338.8999999999942	47
338.8999999999942	60
338.8999999999942	39
338.8999999999942	7
338.8999999999942	37
339.0	17
339.0	3
339.0	49
339.0	61
339.0	28
339.09999999999854	29
339.09999999999854	41
339.09999999999854	62
339.09999999999854	62
339.09999999999854	61
339.09999999999854	56
339.09999999999854	21
339.09999999999854	21
339.09999999999854	20
339.1999999999971	52
339.1999999999971	61
339.1999999999971	37
339.1999999999971	54
339.1999999999971	33
339.1999999999971	6
339.1999999999971	28
339.1999999999971	31
339.29999999999563	53
339.29999999999563	28
339.29999999999563	21
339.29999999999563	35
339.29999999999563	8
339.3999999999942	2
339.3999999999942	27
339.3999999999942	41
339.3999999999942	60
339.3999999999942	35
339.3999999999942	35
339.3999999999942	3
339.3999999999942	7
339.3999999999942	63
339.3999999999942	50
339.3999999999942	39
339.3999999999942	1
339.3999999999942	6
339.3999999999942	55
339.3999999999942	47
339.3999999999942	49
339.3999999999942	59
339.3999999999942	22
339.3999999999942	32
339.5	18
339.5	20
339.5	57
339.59999999999854	17
340.1999999999971	35
340.1999999999971	35
340.3999999999942	7
340.59999999999854	35
340.59999999999854	35
341.0	35
341.1999999999971	35
342.8999999999942	8
343.1999999999971	57
343.3999999999942	35
344.1999999999971	7
344.1999999999971	28
344.3999999999942	47
344.3999999999942	37
343.79999999999563	7
343.79999999999563	60
343.8999999999942	49
343.8999999999942	28
344.0	2
344.0	41
344.09999999999854	61
344.09999999999854	49
344.09999999999854	6
344.09999999999854	6
344.09999999999854	3
344.1999999999971	29
344.1999999999971	56
344.1999999999971	62
344.1999999999971	54
344.29999999999563	2
344.29999999999563	37
344.29999999999563	6
344.29999999999563	8
344.29999999999563	35
344.29999999999563	28
344.29999999999563	3
344.29999999999563	39
344.29999999999563	21
344.29999999999563	57
344.29999999999563	28
344.29999999999563	63
344.29999999999563	61
344.29999999999563	47
344.3999999999942	55
344.3999999999942	31
344.3999999999942	22
344.3999999999942	50
344.3999999999942	53
344.3999999999942	32
344.5	52
344.5	20
344.5	6
344.5	18
344.59999999999854	33
344.59999999999854	60
344.59999999999854	41
344.59999999999854	27
344.59999999999854	49
344.59999999999854	59
344.59999999999854	17
345.0	1
344.79999999999563	7
344.79999999999563	35
344.79999999999563	35
345.0	35
345.3999999999942	35
345.5	35
348.5	50
349.29999999999563	7
348.79999999999563	28
348.79999999999563	37
348.79999999999563	60
348.79999999999563	28
348.8999999999942	7
348.8999999999942	6
348.8999999999942	49
349.0	35
349.0	6
349.0	61
349.0	41
349.0	28
349.09999999999854	49
349.09999999999854	54
349.09999999999854	3
349.1999999999971	2
349.29999999999563	20
349.29999999999563	20
349.29999999999563	35
350.09999999999854	39
350.09999999999854	37
350.09999999999854	35
350.09999999999854	47
350.09999999999854	29
350.09999999999854	3
350.09999999999854	55
350.09999999999854	53
350.09999999999854	57
350.09999999999854	61
350.09999999999854	28
350.09999999999854	62
350.09999999999854	56
350.09999999999854	41
350.09999999999854	27
350.09999999999854	35
350.09999999999854	33
350.09999999999854	60
350.09999999999854	63
350.09999999999854	6
350.09999999999854	6
350.09999999999854	17
350.09999999999854	35
350.09999999999854	31
350.09999999999854	22
350.09999999999854	32
350.09999999999854	7
350.09999999999854	1
350.09999999999854	52
350.09999999999854	49
350.1999999999971	59
350.79999999999563	35
350.79999999999563	21
350.79999999999563	35
350.79999999999563	8
350.8999999999942	50
351.0	18
353.29999999999563	57
353.79999999999563	49
353.79999999999563	39
353.79999999999563	17
353.79999999999563	37
353.79999999999563	62
353.8999999999942	61
353.8999999999942	60
354.0	21
354.0	6
354.0	20
354.0	7
354.09999999999854	3
354.09999999999854	41
354.1999999999971	49
354.1999999999971	6
354.29999999999563	54
355.0	39
355.0	22
355.0	53
355.0	33
355.0	62
355.09999999999854	35
355.09999999999854	17
355.1999999999971	2
355.29999999999563	56
355.29999999999563	1
355.29999999999563	6
355.3999999999942	41
355.3999999999942	60
355.3999999999942	35
355.3999999999942	28
355.5	29
355.5	55
355.5	21
355.5	35
355.59999999999854	61
355.59999999999854	35
355.59999999999854	7
355.59999999999854	37
354.79999999999563	32
354.79999999999563	63
354.79999999999563	47
354.79999999999563	59
354.79999999999563	3
354.79999999999563	27
354.79999999999563	49
354.79999999999563	31
354.79999999999563	35
354.79999999999563	20
354.8999999999942	35
354.8999999999942	57
355.1999999999971	8
355.29999999999563	35
355.29999999999563	50
355.3999999999942	18
359.09999999999854	39
359.5	20
358.79999999999563	49
358.79999999999563	17
358.8999999999942	54
359.0	21
359.0	6
359.0	7
359.09999999999854	1
359.09999999999854	6
359.1999999999971	49
359.3999999999942	35
359.5	54
359.5	47
359.5	20
359.5	35
359.5	63
359.59999999999854	6
359.59999999999854	35
359.59999999999854	57
359.59999999999854	55
359.59999999999854	17
359.59999999999854	33
359.59999999999854	31
359.79999999999563	35
360.0	28
360.0	35
360.29999999999563	59
360.29999999999563	41
360.59999999999854	61
360.59999999999854	35
359.79999999999563	7
359.79999999999563	1
359.79999999999563	37
359.79999999999563	21
359.79999999999563	2
359.79999999999563	62
359.79999999999563	3
359.79999999999563	56
359.8999999999942	49
359.8999999999942	8
359.8999999999942	22
359.8999999999942	53
359.8999999999942	29
360.0	50
360.0	27
360.0	32
360.0	35
360.0	18
360.09999999999854	39
360.09999999999854	60
363.5	20
364.3999999999942	7
364.5	17
363.8999999999942	49
363.8999999999942	6
364.1999999999971	49
364.1999999999971	21
364.29999999999563	35
364.5	35
364.59999999999854	35
364.59999999999854	35
364.59999999999854	31
364.59999999999854	33
365.0	61
365.09999999999854	57
365.09999999999854	47
365.1999999999971	54
365.1999999999971	21
365.29999999999563	37
365.3999999999942	55
365.3999999999942	28
365.5	17
365.5	22
365.59999999999854	1
365.59999999999854	18
365.59999999999854	20
365.59999999999854	27
365.59999999999854	41
364.79999999999563	60
364.79999999999563	49
364.79999999999563	32
364.79999999999563	35
364.79999999999563	3
364.79999999999563	53
364.79999999999563	7
364.79999999999563	39
364.79999999999563	8
364.79999999999563	56
364.8999999999942	35
364.8999999999942	35
364.8999999999942	29
365.0	6
365.0	62
365.1999999999971	2
368.59999999999854	21
369.3999999999942	7
368.79999999999563	6
368.79999999999563	18
369.0	49
369.09999999999854	21
369.09999999999854	49
369.3999999999942	35
369.3999999999942	35
369.5	35
369.59999999999854	35
369.8999999999942	21
370.09999999999854	61
370.29999999999563	33
370.3999999999942	28
370.59999999999854	31
370.59999999999854	22
369.79999999999563	35
369.79999999999563	57
369.79999999999563	47
369.79999999999563	53
369.79999999999563	37
369.79999999999563	8
369.79999999999563	39
369.79999999999563	3
369.8999999999942	18
369.8999999999942	1
369.8999999999942	7
369.8999999999942	32
369.8999999999942	56
369.8999999999942	17
369.8999999999942	55
369.8999999999942	35
369.8999999999942	29
369.8999999999942	6
369.8999999999942	54
369.8999999999942	62
370.0	35
370.0	49
370.0	27
370.0	60
370.0	41
370.0	2
370.09999999999854	20
373.59999999999854	54
374.5	7
373.79999999999563	6
373.79999999999563	18
374.0	49
374.0	6
374.09999999999854	49
374.59999999999854	35
375.29999999999563	35
375.29999999999563	35
374.79999999999563	35
374.79999999999563	21
374.79999999999563	1
374.8999999999942	22
374.8999999999942	32
374.8999999999942	35
374.8999999999942	47
374.8999999999942	62
374.8999999999942	61
374.8999999999942	53
374.8999999999942	57
374.8999999999942	31
374.8999999999942	8
374.8999999999942	29
374.8999999999942	3
375.0	33
375.0	55
375.0	6
375.0	56
375.0	37
375.0	27
375.0	60
375.0	2
375.09999999999854	28
375.09999999999854	39
375.09999999999854	35
375.09999999999854	41
375.09999999999854	18
375.09999999999854	35
375.1999999999971	54
375.1999999999971	17
375.1999999999971	7
375.1999999999971	49
375.29999999999563	20
378.5	54
378.79999999999563	7
378.8999999999942	6
379.0	49
379.09999999999854	6
379.8999999999942	29
379.8999999999942	35
379.8999999999942	47
379.8999999999942	35
380.0	3
380.0	32
380.0	62
380.0	21
380.0	1
380.0	53
380.0	35
380.0	28
380.0	2
380.0	8
380.0	35
380.09999999999854	56
380.09999999999854	49
380.09999999999854	27
380.09999999999854	60
380.09999999999854	41
380.09999999999854	35
380.09999999999854	61
380.09999999999854	18
380.09999999999854	22
380.09999999999854	31
380.09999999999854	7
380.09999999999854	20
380.09999999999854	33
380.09999999999854	35
380.1999999999971	6
380.1999999999971	39
380.1999999999971	57
380.29999999999563	54
380.29999999999563	35
380.29999999999563	17
380.3999999999942	55
383.8999999999942	21
384.0	62
384.0	49
385.09999999999854	35
385.09999999999854	56
385.09999999999854	29
385.09999999999854	53
385.09999999999854	47
385.09999999999854	2
385.09999999999854	62
385.09999999999854	35
385.09999999999854	17
385.09999999999854	33
385.09999999999854	7
385.09999999999854	6
385.1999999999971	28
385.1999999999971	18
385.1999999999971	27
385.1999999999971	61
385.1999999999971	41
385.1999999999971	49
385.1999999999971	32
385.1999999999971	35
385.1999999999971	22
385.1999999999971	60
385.1999999999971	35
385.29999999999563	35
385.29999999999563	31
385.29999999999563	35
385.29999999999563	21
385.29999999999563	3
385.29999999999563	35
385.3999999999942	8
385.3999999999942	1
385.3999999999942	55
385.5	20
385.5	57
385.59999999999854	54
389.59999999999854	47
388.79999999999563	62
389.0	21
389.09999999999854	49
389.1999999999971	49
390.09999999999854	62
390.1999999999971	47
390.1999999999971	2
390.1999999999971	17
390.1999999999971	56
390.1999999999971	33
390.1999999999971	29
390.29999999999563	8
390.29999999999563	35
390.29999999999563	61
390.29999999999563	55
390.29999999999563	7
390.29999999999563	53
390.29999999999563	22
390.29999999999563	3
390.29999999999563	28
390.29999999999563	32
390.3999999999942	35
390.3999999999942	6
390.3999999999942	21
390.3999999999942	1
390.3999999999942	35
390.3999999999942	31
390.3999999999942	27
390.3999999999942	41
390.3999999999942	60
390.3999999999942	54
390.3999999999942	35
390.5	35
390.5	49
390.5	20
390.5	35
390.59999999999854	57
390.59999999999854	35
391.3999999999942	18
394.09999999999854	49
394.09999999999854	21
395.1999999999971	56
395.29999999999563	62
395.29999999999563	55
395.29999999999563	33
395.29999999999563	35
395.3999999999942	35
395.3999999999942	17
395.3999999999942	8
395.3999999999942	61
395.3999999999942	29
395.3999999999942	2
395.5	18
395.5	22
395.5	31
395.5	35
395.5	47
395.5	1
395.5	20
395.5	28
395.5	35
395.5	6
395.5	54
395.5	7
395.5	32
395.5	35
395.5	41
395.5	49
395.5	27
395.5	60
395.5	57
395.59999999999854	53
395.59999999999854	3
395.59999999999854	35
395.8999999999942	35
400.3999999999942	56
400.3999999999942	61
400.3999999999942	54
400.3999999999942	55
400.5	35
400.5	35
400.5	35
400.59999999999854	62
400.59999999999854	20
400.59999999999854	33
400.59999999999854	57
400.59999999999854	17
400.59999999999854	35
400.59999999999854	29
401.59999999999854	47
400.79999999999563	35
400.79999999999563	18
400.79999999999563	1
400.8999999999942	3
400.8999999999942	8
400.8999999999942	6
401.0	2
401.0	53
401.0	35
401.0	32
400.79999999999563	27
400.79999999999563	31
400.79999999999563	7
400.79999999999563	28
400.79999999999563	35
400.79999999999563	49
400.79999999999563	41
400.79999999999563	60
400.8999999999942	22
403.79999999999563	49
403.79999999999563	2
405.5	61
405.59999999999854	54
405.59999999999854	35
405.59999999999854	35
405.59999999999854	60
406.0	55
406.09999999999854	53
406.09999999999854	28
406.09999999999854	27
406.09999999999854	56
406.1999999999971	17
406.1999999999971	1
406.1999999999971	2
406.29999999999563	35
406.3999999999942	49
406.3999999999942	29
406.5	18
405.79999999999563	35
405.79999999999563	31
405.79999999999563	22
405.79999999999563	20
405.79999999999563	47
405.79999999999563	62
405.79999999999563	32
405.79999999999563	3
405.79999999999563	8
405.79999999999563	33
405.79999999999563	6
405.79999999999563	41
405.79999999999563	35
405.79999999999563	7
405.8999999999942	35
405.8999999999942	57
408.5	49
408.59999999999854	2
409.0	20
410.59999999999854	54
411.1999999999971	61
411.5	35
410.79999999999563	1
410.79999999999563	35
410.79999999999563	35
410.79999999999563	57
410.79999999999563	8
410.79999999999563	31
410.79999999999563	7
410.79999999999563	32
410.79999999999563	35
410.8999999999942	47
410.8999999999942	2
410.8999999999942	28
410.8999999999942	60
410.8999999999942	33
410.8999999999942	17
410.8999999999942	18
410.8999999999942	41
410.8999999999942	56
410.8999999999942	22
410.8999999999942	3
410.8999999999942	29
410.8999999999942	53
410.8999999999942	49
410.8999999999942	27
410.8999999999942	62
410.8999999999942	35
411.0	35
411.0	55
411.0	6
411.0	20
414.09999999999854	20
416.1999999999971	54
415.79999999999563	35
415.8999999999942	47
415.8999999999942	35
416.0	35
416.0	6
416.0	1
416.0	3
416.0	18
416.0	57
416.0	35
416.0	7
416.0	8
416.0	29
416.0	32
416.09999999999854	2
416.09999999999854	33
416.09999999999854	62
416.09999999999854	28
416.09999999999854	22
416.09999999999854	41
416.09999999999854	27
416.09999999999854	60
416.09999999999854	35
416.09999999999854	31
416.09999999999854	56
416.1999999999971	35
416.1999999999971	20
416.1999999999971	17
416.1999999999971	53
416.29999999999563	55
419.1999999999971	20
421.0	35
421.0	31
421.0	54
421.09999999999854	41
421.09999999999854	3
421.09999999999854	6
421.09999999999854	35
421.09999999999854	35
421.09999999999854	8
421.09999999999854	62
421.09999999999854	7
421.09999999999854	1
421.09999999999854	47
421.1999999999971	2
421.29999999999563	27
421.29999999999563	18
421.29999999999563	22
421.29999999999563	35
421.29999999999563	29
421.29999999999563	53
421.29999999999563	32
421.29999999999563	33
421.29999999999563	20
421.29999999999563	28
421.29999999999563	55
421.29999999999563	56
421.29999999999563	60
421.29999999999563	17
421.29999999999563	35
421.29999999999563	35
421.29999999999563	57
424.29999999999563	20
426.1999999999971	54
426.1999999999971	56
426.3999999999942	2
426.3999999999942	41
426.3999999999942	31
426.3999999999942	28
426.5	6
426.5	1
431.3999999999942	54
431.5	56
431.5	17
466.29999999999563	32
466.29999999999563	35
471.5	32
