0	81
1	95
1	15
4	28
4	88
5	96
6	28
6	59
8	28
8	98
9	52
10	28
10	22
10	82
12	28
12	4
13	91
13	11
13	42
14	28
14	4
15	91
15	11
16	28
16	4
17	64
17	91
17	11
18	28
18	4
18	85
18	34
18	93
19	91
19	11
19	87
20	28
20	4
20	5
20	3
20	62
20	68
20	49
21	91
21	11
21	21
22	28
22	4
22	5
23	91
23	11
23	21
24	28
24	4
24	5
25	91
25	11
25	21
25	57
26	28
26	4
26	63
27	5
27	73
27	21
27	11
27	91
27	53
27	57
27	30
28	28
28	4
28	63
28	5
28	24
28	72
28	74
29	70
29	91
29	11
29	21
29	16
29	32
30	28
30	63
30	4
30	5
30	25
30	57
30	24
31	70
31	80
31	91
31	21
31	11
31	32
32	57
32	28
32	4
32	63
32	5
32	10
32	35
32	78
32	24
32	43
33	70
33	80
33	91
33	11
33	21
33	32
34	57
34	28
34	100
34	4
34	63
34	5
34	24
35	70
35	80
35	91
35	11
35	21
35	51
35	32
35	94
36	57
36	28
36	4
36	63
36	41
36	24
36	5
37	70
37	80
37	91
37	11
37	21
37	51
37	32
38	57
38	28
38	4
38	63
38	41
38	5
38	24
39	70
39	80
39	91
39	11
39	21
39	51
39	32
40	57
40	28
40	4
40	63
40	41
40	5
40	24
41	70
41	80
41	11
41	91
41	21
41	32
41	51
42	57
42	28
42	4
42	63
42	75
43	24
43	70
43	5
43	41
43	91
43	51
43	80
43	11
43	32
43	21
44	57
44	28
44	4
44	63
44	41
44	5
45	24
45	70
45	51
45	80
45	21
45	11
45	91
45	32
46	57
46	28
46	4
46	41
46	63
46	5
46	24
47	70
47	80
47	91
47	11
47	21
47	51
47	32
48	57
48	28
48	4
48	63
48	41
48	5
48	24
49	70
49	80
49	91
49	11
49	21
49	98
49	67
49	51
49	32
50	57
50	28
50	4
50	83
50	63
50	41
50	5
50	54
50	24
51	70
51	80
51	91
51	11
51	21
51	9
52	51
52	57
52	32
52	4
52	28
52	63
52	41
52	5
52	24
53	70
53	80
53	91
54	28
54	4
54	57
54	32
54	11
54	63
54	51
54	21
54	5
54	41
54	24
55	70
55	80
55	91
55	11
55	21
55	51
55	32
56	57
56	28
56	4
56	63
56	41
56	5
56	24
57	70
57	80
57	32
57	91
57	21
58	4
58	28
58	41
58	5
58	51
58	63
58	11
58	24
58	57
59	70
59	80
59	34
59	91
59	11
59	21
59	51
59	32
60	57
60	28
60	63
60	4
61	41
61	5
61	70
61	24
61	80
61	91
61	60
61	11
61	26
61	21
61	51
61	49
61	32
62	57
62	63
62	4
62	41
62	28
62	5
62	24
63	70
63	80
63	91
63	26
63	11
63	21
63	51
63	32
64	57
64	48
64	28
64	4
64	63
64	41
64	5
64	24
65	70
65	80
65	91
65	11
65	26
65	21
65	51
65	32
66	57
66	28
66	4
66	63
66	41
66	5
66	24
67	70
67	80
67	91
67	11
67	26
67	21
67	51
67	32
68	28
68	57
68	4
68	63
68	41
68	5
68	24
69	70
69	80
69	91
69	26
69	11
69	21
69	51
69	32
70	28
70	57
70	4
70	63
70	41
70	5
70	24
71	70
71	80
71	91
71	11
71	26
71	21
71	51
71	32
72	57
72	28
72	4
72	63
72	41
72	5
72	24
72	65
73	70
73	80
74	26
74	32
74	11
74	10
74	57
74	51
74	28
74	21
74	4
74	91
74	63
74	41
74	5
74	23
74	24
75	80
75	65
75	11
75	70
75	91
75	26
75	21
75	51
76	57
76	4
76	32
76	24
76	63
76	28
76	5
76	65
76	41
77	1
77	70
77	80
77	91
77	11
77	26
77	21
77	51
77	32
78	57
78	28
78	4
78	63
78	41
78	36
78	6
78	5
78	24
78	65
79	70
79	80
79	91
79	11
79	12
79	21
79	26
79	51
79	32
80	57
80	28
80	4
80	63
80	36
80	6
80	41
80	5
80	24
80	65
81	70
81	80
81	91
81	11
81	26
81	21
82	51
82	28
82	32
82	57
82	4
82	63
82	36
82	6
82	41
82	24
82	15
82	5
82	65
83	70
83	80
83	91
83	11
83	16
83	26
83	21
83	51
83	32
84	57
84	28
84	4
84	63
84	6
84	41
84	36
84	5
84	24
84	65
84	44
85	70
85	80
85	17
85	91
85	11
85	21
85	26
85	51
85	32
86	57
86	28
86	4
86	96
86	63
86	36
86	6
86	41
86	5
86	44
86	24
86	65
87	70
87	80
87	17
87	91
87	11
87	26
87	21
87	51
87	32
88	28
88	57
88	4
88	63
88	6
88	41
88	36
88	5
88	24
88	44
88	65
89	70
89	80
89	17
89	91
89	21
89	26
89	11
89	51
90	36
90	28
90	57
90	63
90	4
90	32
90	6
90	5
90	44
90	24
90	41
90	65
91	70
91	80
91	17
91	91
91	51
91	82
92	63
92	28
92	41
92	36
92	5
92	26
92	32
92	6
92	54
92	57
92	21
92	44
92	24
92	4
92	65
92	11
93	70
93	80
93	17
93	91
93	11
93	26
93	21
93	51
93	32
94	28
94	57
94	63
94	36
94	41
94	6
94	4
94	5
94	44
94	24
94	65
95	70
95	80
95	17
95	91
95	11
95	21
95	26
95	51
95	32
96	57
96	28
96	4
96	63
96	36
96	6
96	41
96	5
96	44
96	24
96	65
97	70
97	80
97	17
97	91
97	11
97	21
97	26
97	51
97	32
98	57
98	28
98	4
98	63
98	36
98	41
98	6
98	5
98	44
98	24
98	65
99	70
99	80
99	17
99	91
99	11
99	26
99	21
99	51
99	32
100	57
100	28
100	4
100	63
100	41
100	36
100	34
100	6
100	5
100	44
100	24
100	65
101	70
101	80
101	17
101	91
101	11
101	26
101	21
101	3
101	51
101	32
101	89
102	28
102	57
102	4
102	63
102	36
102	6
102	41
102	5
102	44
102	24
102	65
103	70
103	80
103	17
103	91
103	11
103	26
103	21
103	51
103	32
104	57
104	28
104	4
104	63
104	6
104	41
104	36
104	5
104	44
104	24
104	65
104	48
105	70
105	80
105	17
105	91
105	11
105	26
105	21
105	51
105	32
106	57
106	28
106	4
106	41
106	63
106	65
106	24
106	36
106	5
106	6
106	44
107	70
107	80
107	17
107	91
107	11
107	26
107	21
107	51
107	32
108	4
108	63
108	77
108	6
108	5
108	57
108	41
108	28
108	44
108	24
108	65
108	36
108	53
109	70
109	91
109	80
109	17
109	26
109	11
109	21
109	51
110	32
110	57
110	28
110	4
110	63
110	36
110	6
110	41
110	5
110	44
110	24
110	65
111	74
111	70
111	80
111	17
111	91
111	26
111	11
111	21
111	32
112	57
112	28
112	25
112	51
112	4
112	63
112	6
112	41
112	36
112	5
112	44
112	24
112	65
113	70
113	80
113	17
113	91
113	97
113	11
113	26
113	21
113	51
113	32
114	57
114	28
114	4
114	63
114	36
114	41
114	6
114	5
114	44
114	24
114	65
115	70
115	80
115	17
115	91
115	11
115	21
115	26
115	51
115	32
116	57
116	28
116	4
116	63
116	6
116	41
116	36
116	44
116	24
116	65
116	5
116	86
117	70
117	80
117	17
117	91
117	26
117	21
117	11
117	51
117	32
118	57
118	28
118	4
118	63
118	41
118	36
118	6
118	5
118	44
118	24
118	65
119	70
119	80
119	17
119	91
119	11
119	26
119	21
119	51
119	32
120	57
120	41
120	36
120	5
120	28
121	63
121	91
121	12
121	70
121	44
121	81
121	80
121	17
121	6
121	11
121	65
121	26
121	21
121	24
121	4
121	51
121	32
122	57
122	28
122	4
122	76
122	63
122	36
122	6
122	12
122	41
122	5
123	44
123	91
123	70
123	32
123	51
123	80
123	17
123	21
123	26
123	24
123	11
123	99
124	57
124	65
124	28
124	4
124	63
124	36
124	16
124	5
124	44
124	6
124	12
124	24
124	41
124	65
125	70
125	80
125	17
125	91
125	11
125	88
125	26
125	21
125	51
126	32
126	57
126	28
126	4
126	63
126	36
126	6
126	12
126	41
126	16
126	24
126	5
126	44
126	65
127	70
127	80
127	17
127	79
127	91
127	11
127	26
127	21
127	51
127	90
128	32
128	57
128	28
128	4
128	63
128	36
128	6
128	41
128	5
128	44
128	16
128	24
128	65
129	70
129	80
129	17
129	91
129	11
129	21
129	26
129	51
129	32
130	57
130	28
130	4
130	63
130	6
130	41
130	36
130	67
130	5
130	44
130	24
130	65
130	98
131	70
131	80
131	17
131	91
131	11
131	21
131	26
131	51
131	32
132	57
132	28
132	4
132	63
132	36
132	6
132	41
132	5
132	44
132	24
132	65
132	82
133	70
133	80
133	17
133	91
133	26
133	11
133	21
133	51
133	32
134	28
134	57
134	4
134	42
134	63
134	36
134	6
134	41
134	5
134	44
134	24
134	65
135	17
135	91
135	70
135	80
135	21
135	26
135	11
136	28
136	51
136	57
136	32
136	36
136	63
136	6
136	41
136	4
136	84
137	70
137	44
137	5
137	24
137	65
137	64
137	17
137	21
137	26
137	11
137	91
137	51
137	32
137	80
138	57
138	28
138	41
138	36
138	92
138	6
138	63
138	5
138	44
138	24
138	65
138	4
139	70
139	80
139	17
139	85
139	91
139	11
139	26
139	93
139	21
139	51
139	32
140	57
140	28
140	4
140	63
140	36
140	87
140	6
140	41
140	5
140	44
140	24
140	65
141	70
141	80
141	17
141	91
141	11
141	26
141	21
141	62
141	51
141	32
142	4
142	63
142	28
142	57
143	70
143	24
143	80
143	6
143	65
143	49
143	91
143	41
143	36
143	17
143	44
143	5
143	11
143	26
143	21
143	51
143	32
144	57
144	28
144	4
144	41
144	36
144	6
144	63
144	5
144	44
144	65
145	24
145	70
145	80
145	17
145	91
145	11
145	26
145	21
145	51
145	32
146	57
146	28
146	4
146	6
146	63
146	41
146	36
146	44
146	24
147	70
147	5
147	80
147	17
147	65
147	91
147	26
147	11
147	21
147	51
148	32
148	57
148	28
148	4
148	6
148	63
148	73
148	36
148	5
148	30
148	41
148	44
148	24
148	65
149	70
149	80
149	91
149	17
149	11
149	21
149	26
149	51
150	32
150	57
150	28
150	4
150	36
150	63
150	41
150	6
150	5
150	44
150	24
150	65
151	80
151	17
151	70
151	11
151	91
152	26
152	28
152	4
152	57
152	32
152	21
152	51
152	63
152	36
152	6
152	41
152	5
152	44
152	24
152	65
153	70
153	80
153	17
153	21
153	26
153	11
153	51
153	43
153	91
154	28
154	4
154	57
154	32
154	6
154	63
154	41
154	44
154	24
154	36
154	5
154	78
154	65
154	10
155	70
155	80
155	17
155	91
155	11
155	21
155	26
155	51
155	35
155	32
156	57
156	100
156	28
156	4
156	6
156	41
156	36
156	63
156	44
156	94
156	24
156	5
156	65
157	70
157	80
157	17
157	91
157	11
157	21
157	26
157	51
157	32
157	1
158	57
158	28
158	4
158	63
158	36
158	41
158	6
158	5
158	24
158	44
158	65
159	70
159	80
159	17
159	91
159	11
159	26
159	21
159	51
160	32
160	57
160	28
160	4
160	63
160	36
160	41
160	5
160	6
160	44
160	24
160	65
161	70
161	80
161	17
161	91
161	11
161	26
161	21
161	51
161	32
162	57
162	28
162	4
162	63
162	36
162	6
162	41
162	5
162	44
162	24
162	65
163	70
163	80
163	17
163	91
163	11
163	26
163	21
163	99
163	51
163	32
164	57
164	28
164	4
164	63
164	36
164	6
164	41
164	5
164	44
164	24
164	75
164	65
165	70
165	80
165	17
165	91
165	11
165	26
165	21
165	51
165	32
166	57
166	28
166	44
166	63
166	24
166	4
166	65
166	36
166	5
167	6
167	70
167	41
167	80
167	17
167	12
167	91
167	26
167	11
167	21
168	57
168	59
168	63
168	28
168	4
168	41
168	36
168	6
168	51
168	5
168	32
168	44
168	24
168	65
169	70
169	17
169	80
169	91
169	26
169	11
169	16
169	21
169	51
170	32
170	28
170	57
170	4
170	63
170	6
170	52
170	41
170	36
170	5
170	44
170	24
170	65
171	83
171	70
171	80
171	17
171	91
171	22
171	11
171	21
171	26
171	67
171	51
172	32
172	57
172	28
172	4
172	63
172	36
172	6
172	41
172	5
172	54
172	24
172	44
172	65
173	70
173	80
173	17
173	91
173	11
173	26
173	21
173	51
173	32
174	57
174	28
174	4
174	63
174	36
174	6
174	41
174	5
174	44
174	24
174	65
175	70
175	80
175	17
175	91
175	11
175	21
175	26
175	51
175	32
176	57
176	28
176	4
176	63
176	36
176	6
176	41
176	65
176	5
177	44
177	24
177	70
177	80
177	17
177	91
177	84
177	11
177	26
177	21
177	51
177	32
178	57
178	28
178	4
178	63
178	36
178	41
178	6
178	5
178	44
178	24
178	65
179	64
179	70
179	80
179	17
179	91
179	26
179	11
179	21
179	51
179	32
180	36
180	4
180	57
180	63
180	6
181	24
181	70
181	41
181	44
181	5
181	80
181	17
181	28
181	65
181	91
181	11
181	26
181	21
181	32
182	51
182	57
182	28
182	60
182	4
182	36
182	6
182	63
182	41
182	5
183	62
183	65
183	70
183	44
183	24
183	17
184	91
184	51
184	21
184	26
184	32
184	57
184	28
184	80
184	4
184	11
184	63
184	6
184	65
184	41
184	36
184	5
184	44
185	24
185	70
185	17
185	80
185	91
185	11
185	26
185	21
185	51
186	32
186	57
186	48
186	28
186	4
186	63
186	6
186	41
186	36
186	44
186	24
186	5
186	65
187	70
187	80
187	17
187	91
187	11
187	26
187	21
187	51
187	32
188	57
188	28
188	4
188	63
188	36
188	41
188	6
188	5
188	44
188	24
189	65
189	70
189	80
189	17
189	91
189	11
189	26
189	72
189	21
189	51
190	32
190	57
190	30
190	28
190	4
190	63
190	36
190	6
190	41
190	5
190	44
190	24
190	65
191	70
191	80
191	91
191	17
191	11
191	26
191	21
191	32
192	51
192	57
192	28
192	4
192	63
192	36
192	41
192	6
192	5
192	44
192	24
192	65
193	70
193	80
193	17
193	91
193	11
193	26
193	21
193	51
193	32
194	57
194	28
194	4
194	97
194	63
194	6
194	41
194	36
194	5
194	24
194	44
194	65
195	70
195	80
195	17
195	91
195	11
195	23
195	26
195	21
195	51
195	32
196	4
196	63
196	57
196	36
196	6
196	28
196	41
196	44
196	5
196	24
196	65
197	70
197	80
197	17
197	91
197	21
197	26
197	11
198	28
198	51
198	57
198	32
199	24
199	41
199	65
199	36
199	5
199	4
199	44
199	6
199	63
199	70
199	80
199	17
199	26
199	21
199	11
199	91
199	51
200	32
200	57
200	28
200	4
200	63
200	36
200	6
200	41
200	5
200	24
200	44
200	65
201	70
201	80
201	91
201	17
201	11
201	26
201	21
201	51
201	32
202	28
202	57
202	4
202	63
202	6
202	41
202	36
202	5
202	95
202	44
202	24
202	65
203	76
203	70
203	80
203	17
203	91
203	11
203	26
203	21
203	51
204	32
204	15
204	28
204	57
204	4
204	63
204	36
204	41
204	6
204	5
204	24
204	99
204	44
205	65
205	70
205	76
205	80
205	17
205	91
205	11
205	21
205	26
205	51
206	32
206	57
206	28
206	4
206	63
206	47
206	36
206	6
206	41
206	5
206	44
206	24
207	65
207	70
207	80
207	17
207	76
207	91
207	11
207	21
207	26
207	51
208	32
208	57
208	28
208	4
208	63
208	36
208	6
208	41
208	5
208	24
208	65
208	44
208	61
209	70
209	76
209	80
209	17
209	91
209	11
209	26
209	21
209	51
209	58
210	32
210	57
210	28
210	4
210	63
210	36
210	6
210	41
210	5
210	16
211	26
211	65
211	91
211	70
211	44
211	17
211	24
211	76
211	21
211	80
211	11
211	51
212	32
212	57
212	28
212	4
212	63
212	36
212	6
212	41
212	5
212	44
212	24
212	50
212	65
213	70
213	55
213	17
213	80
213	91
214	82
214	21
214	51
214	26
214	11
214	32
214	57
214	4
214	28
214	63
214	36
214	6
214	41
214	5
214	24
214	44
215	65
215	70
215	80
215	17
215	91
215	26
215	11
215	51
216	32
216	21
216	28
216	57
216	4
216	63
216	36
216	41
216	6
216	5
216	44
216	71
216	24
217	65
217	70
217	80
217	17
217	91
217	26
217	11
217	21
217	51
218	32
218	56
218	57
218	28
218	4
218	63
218	6
218	41
218	36
218	5
218	44
218	24
218	65
219	70
219	80
219	17
219	91
219	26
219	21
219	11
219	51
220	32
220	57
220	28
220	4
220	63
220	6
220	41
220	36
220	85
220	5
220	44
220	24
221	65
221	70
221	80
221	17
221	91
221	11
221	26
221	21
221	68
222	32
222	57
222	51
222	28
222	4
222	63
222	36
222	6
222	41
222	5
222	24
222	44
223	3
223	65
223	70
223	13
223	80
223	17
223	91
223	11
223	26
223	21
223	51
224	32
224	57
224	28
224	4
224	63
224	36
224	6
224	40
224	41
224	5
224	44
224	24
224	65
225	70
225	80
225	17
225	91
225	11
225	26
225	21
225	51
226	29
226	32
226	57
226	28
226	41
226	36
226	63
226	6
226	44
226	24
227	5
227	65
227	4
227	70
227	80
227	17
227	91
227	11
227	21
227	26
227	51
228	32
228	57
228	28
228	4
228	63
228	36
228	6
228	41
228	5
228	44
228	24
229	65
229	70
229	80
229	17
229	91
229	26
229	11
229	21
230	51
230	32
230	57
230	28
230	4
230	63
230	6
230	41
230	36
230	5
230	44
230	24
231	72
231	65
231	70
231	80
231	17
231	91
231	11
231	26
231	21
232	32
232	51
232	57
232	28
232	4
232	63
232	6
232	41
232	36
232	5
232	44
232	24
232	65
233	70
233	80
233	17
233	91
233	26
233	11
233	21
233	51
234	32
234	28
234	57
234	4
234	63
234	6
234	41
234	36
234	5
234	44
235	70
235	80
235	17
235	26
235	65
235	11
235	27
235	24
235	21
235	91
235	51
236	32
236	31
236	57
236	4
236	28
236	63
236	36
236	41
236	24
237	5
237	33
237	44
237	6
237	65
237	70
237	80
237	17
237	18
237	91
237	11
237	26
237	21
237	51
238	32
238	57
238	28
238	4
238	63
238	38
238	36
238	6
238	41
238	44
238	24
238	5
239	65
239	70
239	91
239	80
239	17
239	11
239	26
239	21
239	51
240	57
240	32
240	4
240	28
240	63
240	36
240	6
240	41
240	5
240	44
240	24
240	65
241	70
241	17
241	80
241	91
241	11
241	21
241	26
241	51
242	32
242	57
242	28
242	4
242	63
242	36
242	6
242	41
242	5
242	44
242	24
242	81
242	65
243	70
243	2
243	80
243	17
243	91
243	21
243	11
243	26
243	39
243	8
243	51
244	32
244	37
244	57
244	28
244	4
244	63
244	36
244	41
244	6
244	5
244	44
245	24
245	65
245	80
245	17
245	70
245	91
245	11
245	21
245	26
245	51
245	75
246	32
246	46
246	57
246	28
246	4
246	63
246	6
246	41
246	36
247	24
247	65
247	91
247	70
248	4
248	32
248	57
248	21
248	5
248	11
248	7
248	51
248	26
248	69
248	28
248	44
248	17
248	80
248	63
248	36
248	6
248	41
248	12
248	90
248	5
248	44
248	24
248	65
249	59
249	70
249	80
249	17
249	91
249	11
249	21
249	26
249	51
250	32
250	57
250	28
250	4
250	63
250	36
250	24
250	5
250	44
250	6
250	65
251	41
251	70
251	80
251	17
251	11
251	91
251	21
251	26
252	32
252	51
252	57
252	28
252	83
252	4
252	9
252	63
252	6
252	41
252	36
252	65
252	5
252	44
253	24
253	66
253	70
253	80
253	17
253	91
253	26
253	11
253	21
253	45
253	51
254	32
254	57
254	28
254	4
254	63
254	36
254	6
254	41
254	5
254	24
254	20
254	65
255	44
255	14
255	70
255	80
255	17
255	91
255	26
255	11
255	21
255	42
255	51
256	32
256	57
256	28
256	4
256	63
256	36
256	41
256	6
256	5
256	44
256	65
257	24
257	14
257	70
257	80
257	17
257	91
257	26
257	11
257	21
257	71
257	51
258	32
258	57
258	4
258	28
258	63
258	36
258	6
258	41
258	84
258	5
258	44
258	24
258	65
259	14
259	70
259	80
259	17
259	91
259	11
259	21
259	26
259	51
260	57
260	32
260	4
260	28
260	63
260	36
260	6
260	41
260	5
260	24
260	65
261	44
261	14
261	70
261	80
261	17
261	34
261	91
261	11
261	21
261	26
262	51
262	32
262	57
262	4
262	28
262	41
263	91
263	5
263	70
263	80
263	44
263	36
263	24
263	17
263	26
263	65
263	11
263	63
263	6
263	14
263	21
263	49
263	51
264	32
264	57
264	28
264	4
264	63
264	36
264	6
265	24
265	70
265	41
265	80
265	44
265	17
265	5
265	91
265	11
265	14
265	26
265	21
266	51
266	32
266	57
266	65
266	4
266	28
266	63
266	36
266	6
266	41
266	24
266	65
266	48
266	5
267	44
267	14
267	70
267	80
267	17
267	91
267	11
267	21
267	26
267	51
268	32
268	57
268	28
268	4
268	63
268	36
268	6
268	41
268	5
268	44
268	24
268	65
269	14
269	70
269	77
269	80
269	17
269	11
269	91
269	26
269	21
269	73
270	51
270	53
270	32
270	57
270	28
270	4
270	63
270	36
270	6
270	41
270	5
270	44
270	24
270	30
270	65
271	14
271	70
271	80
271	17
271	91
271	11
271	26
271	21
272	51
272	57
272	32
272	28
272	4
272	63
272	36
272	6
272	41
272	25
272	5
272	44
272	24
272	65
273	19
273	14
273	70
273	80
273	17
273	91
273	26
273	11
273	21
273	51
274	32
274	57
274	28
274	4
274	63
274	6
274	41
274	36
274	5
274	24
274	65
275	44
275	19
275	14
275	70
275	80
275	17
275	91
275	11
275	21
275	26
275	78
275	51
276	32
276	57
276	28
276	4
276	63
276	6
276	41
276	36
277	5
277	70
277	19
277	44
278	91
278	51
278	80
278	21
278	26
278	11
278	94
278	57
278	100
278	32
278	18
278	14
278	28
278	17
278	4
278	65
278	63
278	24
278	36
278	6
278	41
278	5
278	44
278	24
278	65
279	17
279	1
279	14
279	70
279	19
279	91
280	26
280	11
280	80
280	28
280	32
280	57
280	51
280	4
280	41
280	36
280	5
280	65
280	44
281	24
281	6
281	63
281	21
281	19
281	14
281	70
281	80
281	17
281	91
281	11
281	26
281	21
281	51
282	32
282	57
282	28
282	4
282	63
282	36
282	41
282	6
282	5
282	44
282	24
282	65
283	19
283	14
283	70
283	80
283	17
283	91
283	26
283	11
283	21
283	51
284	32
284	57
284	28
284	4
284	63
284	36
284	6
284	41
284	5
284	44
284	24
284	65
285	70
285	14
285	19
285	17
285	80
285	91
285	26
285	11
285	21
285	51
286	32
286	57
286	28
286	4
286	63
286	36
286	6
286	41
286	5
286	44
286	24
286	88
286	65
287	46
287	19
287	14
287	70
287	80
287	17
287	91
287	11
287	96
287	21
287	26
287	51
288	32
288	57
288	4
288	28
288	63
288	6
288	41
288	36
288	5
288	44
288	24
288	65
289	19
289	14
289	70
289	80
289	17
289	91
289	11
289	26
289	21
289	61
289	51
290	59
290	32
290	57
290	28
290	4
290	63
290	36
290	6
290	41
290	5
290	44
290	24
290	65
291	19
291	14
291	70
291	51
291	91
291	80
291	26
291	21
291	17
292	28
292	76
292	6
292	41
292	57
292	63
292	36
292	5
292	32
292	4
292	11
292	44
292	24
293	65
293	19
293	14
293	70
293	80
293	17
293	91
293	54
293	26
293	11
293	9
293	21
293	67
293	51
294	66
294	28
294	4
294	57
294	32
294	63
294	36
294	6
295	41
295	44
295	24
295	91
295	65
295	5
295	17
295	14
295	82
295	11
295	26
295	80
295	70
295	19
295	51
295	21
296	32
296	57
296	28
296	4
296	63
296	42
296	36
296	6
296	5
296	44
296	24
297	65
297	19
297	70
297	14
297	41
297	80
297	17
297	91
297	26
297	21
297	11
297	51
298	32
298	57
298	28
298	4
298	63
298	36
298	6
298	41
298	5
298	44
298	24
299	65
299	19
299	70
299	80
299	17
299	14
299	11
299	91
299	26
299	21
299	64
299	51
300	92
300	57
300	28
300	32
300	4
300	63
300	36
300	6
300	41
300	5
300	44
300	24
301	65
301	19
301	14
301	70
301	80
301	17
301	85
301	91
301	11
301	26
301	21
302	32
302	51
302	57
302	28
302	4
302	63
302	36
302	41
302	6
302	5
302	44
302	24
303	65
303	68
303	70
303	19
303	14
303	80
303	17
303	89
303	91
303	21
303	11
303	26
303	51
304	13
304	32
304	57
304	28
304	4
304	63
304	6
304	41
304	36
304	5
304	44
304	24
305	65
305	19
305	14
305	70
305	80
305	17
305	91
305	11
305	21
305	26
305	51
306	32
306	57
306	28
306	4
306	63
306	36
306	6
306	41
306	29
306	5
306	44
306	24
307	65
307	19
307	70
307	14
307	80
308	26
308	11
308	91
308	51
308	17
308	21
309	57
309	41
309	70
309	17
309	36
309	14
309	19
309	65
309	80
309	5
309	4
309	6
309	44
309	24
309	48
309	63
309	11
309	91
309	26
309	32
309	21
309	28
309	51
310	57
310	32
310	4
310	28
310	6
310	41
310	36
310	5
310	44
310	24
311	65
311	63
311	19
311	14
311	70
311	80
311	17
311	11
311	91
311	26
311	21
311	74
311	51
312	32
312	57
312	28
312	4
312	63
312	36
312	6
312	41
312	5
312	44
312	24
313	65
313	19
313	14
313	70
313	80
313	17
313	91
313	26
313	11
313	21
313	51
314	32
314	57
314	28
314	4
314	63
314	6
314	41
314	36
314	5
314	44
314	24
315	65
315	19
315	14
315	70
315	80
315	17
315	91
315	26
315	21
315	11
315	51
316	32
316	57
316	4
316	28
316	63
316	6
316	41
316	36
316	5
316	44
316	24
317	65
317	23
317	19
317	70
317	14
317	80
317	17
317	91
317	26
317	11
317	21
317	86
317	33
317	51
318	32
318	57
318	28
318	4
318	63
318	36
318	6
318	41
318	5
318	24
318	44
319	65
319	19
319	14
319	70
319	38
319	80
319	17
319	91
319	26
319	11
319	21
319	94
319	51
320	33
320	32
320	57
320	28
320	4
320	63
320	6
320	41
320	36
320	5
320	44
320	24
321	65
321	19
321	14
321	70
321	80
321	17
321	91
321	11
321	26
321	21
322	51
322	33
322	32
322	57
322	28
322	4
322	63
322	6
322	36
322	41
322	5
322	44
322	24
323	65
323	19
323	14
323	70
323	80
323	17
323	91
324	39
324	95
324	11
324	4
324	2
324	33
324	32
324	26
324	21
324	28
324	57
324	51
324	63
324	36
324	6
324	41
324	5
324	44
324	24
325	65
325	19
325	14
325	70
325	80
325	17
326	26
326	11
326	91
326	51
326	32
326	28
326	57
326	33
326	4
326	21
326	63
326	36
326	6
327	5
327	65
327	41
327	19
327	75
327	44
327	24
327	70
327	14
327	80
327	17
327	11
327	91
327	51
327	26
327	21
328	32
328	33
328	79
328	57
328	28
328	4
328	63
328	36
328	6
328	41
328	7
328	5
328	44
328	24
329	65
329	75
329	69
329	19
329	14
329	70
329	80
329	17
329	12
329	91
329	11
329	26
329	21
329	51
330	33
330	32
330	57
330	28
330	4
330	63
330	41
330	36
330	6
330	5
330	44
330	24
331	75
331	19
331	65
331	14
331	70
331	80
331	17
331	91
331	16
331	11
331	26
331	21
332	33
332	52
332	51
332	57
332	28
332	4
332	32
332	63
332	6
332	41
332	36
332	44
332	24
333	75
333	98
333	5
333	19
333	65
333	14
333	70
333	80
333	91
333	17
333	26
333	11
333	21
333	55
333	50
333	51
334	33
334	32
334	57
334	28
334	4
334	45
334	63
334	6
334	41
334	36
334	54
334	5
334	44
334	24
335	65
335	75
335	19
335	14
335	70
335	80
335	17
335	11
335	91
335	26
335	21
335	51
336	33
336	32
336	57
336	28
336	4
336	63
336	45
336	36
336	6
336	41
336	44
336	5
336	24
337	65
337	75
337	19
337	14
337	70
337	80
337	17
337	91
337	26
337	11
337	21
337	51
338	32
338	57
338	28
338	4
338	63
338	36
338	6
338	41
338	45
338	5
338	56
338	44
338	24
339	65
339	75
339	71
339	19
339	14
339	70
340	51
340	21
340	26
340	17
340	11
340	80
340	57
340	91
340	28
340	32
340	4
340	63
340	45
340	36
340	6
340	41
340	5
340	44
340	24
341	65
341	75
341	93
341	19
341	14
341	70
341	80
341	26
341	17
341	11
342	32
342	28
342	21
342	51
342	4
342	87
342	91
342	63
342	45
342	36
342	57
342	6
342	41
342	5
342	44
342	24
343	65
343	19
343	14
343	80
343	17
343	70
344	62
344	51
344	32
344	21
344	57
344	28
344	26
344	4
344	63
344	11
344	41
344	36
344	6
344	5
344	44
344	24
345	65
345	19
345	14
345	70
345	13
345	80
345	17
345	26
345	11
345	21
345	51
346	40
346	32
346	57
346	28
346	4
346	36
346	63
346	6
346	41
346	44
346	24
346	5
347	65
347	19
347	14
347	70
347	17
347	80
347	26
347	11
347	21
347	51
348	29
348	32
348	57
348	28
348	4
348	63
348	6
348	41
348	36
348	5
348	44
348	24
349	65
349	19
349	14
349	70
349	80
349	17
349	11
349	26
349	21
349	51
350	32
350	57
350	28
350	4
350	63
350	36
350	6
350	41
350	53
350	5
350	44
350	24
351	65
351	19
351	14
351	70
351	80
351	17
351	11
351	26
351	21
352	51
352	32
352	57
352	28
352	4
352	63
352	41
352	36
352	6
352	5
352	44
352	24
353	65
353	19
353	14
353	70
353	80
353	17
353	26
353	11
353	21
353	51
354	32
354	57
354	28
354	4
354	63
355	24
355	14
355	43
355	70
355	65
355	36
355	19
355	44
355	5
355	6
355	80
355	17
355	41
355	11
355	26
355	21
355	51
356	32
356	4
356	57
356	28
356	27
357	41
357	36
357	5
357	63
357	44
357	24
357	31
357	6
357	65
357	14
357	70
357	19
357	80
357	17
357	11
357	26
357	21
357	35
358	51
358	32
358	57
358	4
358	63
358	28
358	6
358	36
358	41
358	44
358	24
359	5
359	65
359	70
359	14
359	19
359	80
359	17
359	18
359	11
359	26
359	21
359	51
360	32
360	57
360	28
360	4
360	63
360	38
360	41
360	36
360	6
360	5
361	65
361	24
361	44
361	19
361	14
361	70
361	80
361	17
361	11
361	26
361	21
362	51
362	32
362	28
362	4
362	57
362	63
362	36
362	6
362	41
362	5
362	44
362	24
363	65
363	19
363	14
363	70
363	80
363	17
363	26
363	21
364	11
364	51
364	32
364	57
364	28
364	4
364	63
364	36
364	8
364	6
364	41
364	5
364	24
365	44
365	65
365	37
365	70
365	19
365	14
365	80
365	17
365	11
365	26
365	21
365	99
365	51
366	32
366	57
366	28
366	4
366	63
366	36
366	6
366	41
366	5
366	44
366	24
367	65
367	17
367	47
367	70
367	19
367	80
367	11
367	26
367	14
367	21
367	51
368	32
368	57
368	28
368	46
368	4
368	63
368	36
368	6
368	41
368	5
368	44
368	24
369	65
369	14
369	70
369	19
369	80
369	17
369	26
369	11
369	21
369	51
370	57
370	32
370	69
370	28
370	7
370	63
370	4
370	36
370	6
370	41
370	58
370	5
370	44
370	24
371	65
371	19
371	14
371	70
371	80
372	26
372	17
372	21
372	51
372	69
372	28
372	32
372	57
372	63
372	4
372	11
372	36
372	6
372	41
372	5
372	44
372	24
373	65
373	19
373	14
373	70
373	80
373	17
373	26
373	21
373	11
373	51
374	69
374	32
374	57
374	28
374	4
374	9
374	83
374	63
374	6
374	41
374	36
374	5
374	44
375	24
375	65
375	19
375	14
375	70
375	80
375	17
375	20
375	26
375	21
375	11
375	51
376	69
376	32
376	57
376	28
376	4
376	63
376	36
376	6
376	41
376	33
376	5
377	44
377	24
377	65
377	19
377	14
377	70
377	80
377	17
377	11
377	26
377	21
377	51
378	32
378	57
378	28
378	4
378	63
378	36
378	6
378	41
378	5
378	44
378	24
379	65
379	14
379	70
379	19
379	80
379	17
379	84
379	11
379	26
379	21
379	71
379	51
380	32
380	57
380	28
380	4
380	63
380	36
380	41
380	6
380	5
380	44
380	24
381	65
381	19
381	70
381	14
381	80
381	17
381	26
381	21
381	11
381	51
382	32
382	57
382	28
382	4
382	63
382	36
382	41
382	6
382	5
382	44
382	24
383	65
383	19
383	70
383	14
383	80
383	17
383	60
383	26
383	11
383	21
383	51
383	45
384	32
384	57
384	28
384	4
384	63
384	6
384	41
384	36
384	5
384	24
384	44
385	65
385	19
385	14
385	70
385	80
385	17
386	32
386	11
386	13
386	51
386	57
386	26
386	28
386	21
386	4
386	63
386	36
386	6
386	41
386	5
386	44
386	24
387	65
387	19
387	14
387	70
387	80
387	17
388	11
388	51
388	32
388	4
388	26
388	21
388	57
388	28
388	63
388	36
388	6
388	41
388	5
388	44
388	24
389	29
389	65
389	48
389	19
389	14
389	70
389	80
389	17
389	26
389	11
389	21
390	51
390	32
390	57
390	28
390	4
390	63
390	36
390	41
390	6
391	5
391	44
391	24
391	65
391	19
391	14
391	70
391	80
391	17
391	11
391	26
391	21
392	51
392	32
392	57
392	4
392	28
392	63
392	36
392	6
392	41
393	44
393	5
393	24
393	65
393	14
393	70
393	19
393	80
393	17
393	26
393	21
393	11
393	51
394	32
394	57
394	28
394	4
394	63
394	36
394	6
394	41
394	5
394	24
395	44
395	65
395	19
395	14
395	70
395	80
395	17
395	11
395	26
395	21
395	51
396	32
396	97
396	57
396	28
396	4
396	63
396	6
396	41
396	36
396	5
396	44
396	24
397	65
397	14
397	70
397	19
397	80
397	17
397	27
397	11
397	26
397	23
397	21
398	51
398	32
398	57
398	28
398	4
398	63
398	36
398	6
398	41
398	5
398	44
398	24
399	65
399	19
399	14
399	70
399	80
399	17
399	11
399	26
399	21
400	51
400	32
400	1
400	23
400	57
400	28
400	4
400	63
400	6
400	41
400	36
400	5
400	44
400	24
401	65
401	19
401	14
401	70
401	80
401	26
401	17
401	21
401	11
402	51
402	32
402	57
402	28
402	4
402	63
402	36
402	6
402	41
403	44
403	24
403	65
403	19
403	70
403	5
403	14
404	11
404	57
404	51
404	80
404	26
404	17
404	21
404	32
404	4
404	63
404	6
404	5
404	41
404	36
404	28
404	24
405	44
405	19
405	65
405	80
405	17
405	39
405	70
405	11
405	14
405	26
405	21
405	8
405	51
406	32
406	57
406	28
406	4
406	63
406	36
406	6
406	41
406	5
406	44
406	24
407	65
407	19
407	14
407	80
407	17
407	70
407	11
407	26
407	21
407	51
408	32
408	57
408	28
408	4
408	63
408	36
408	6
408	41
408	5
408	24
409	44
409	65
409	14
409	70
409	19
409	80
409	17
409	26
409	11
409	21
409	51
410	32
410	79
410	57
410	28
410	4
410	63
410	36
410	6
410	41
410	5
411	44
411	24
411	65
411	19
411	14
411	70
411	80
411	17
411	26
411	11
411	21
411	51
412	32
412	57
412	28
412	4
412	63
412	36
412	6
412	41
412	5
412	44
413	24
413	65
413	19
413	70
413	14
413	80
413	17
413	26
413	11
413	21
414	51
414	76
414	32
414	57
414	28
414	4
414	63
414	36
414	6
414	41
414	5
414	24
415	44
415	65
415	50
415	14
415	70
415	66
415	19
415	80
415	17
415	11
415	26
415	21
415	51
416	32
416	57
416	36
416	69
416	28
416	41
416	6
416	4
416	63
416	5
416	44
416	24
417	65
417	19
417	14
417	70
417	80
417	17
417	11
417	26
417	21
417	51
418	57
418	28
418	32
418	33
418	6
418	36
418	4
418	41
418	63
418	5
419	44
419	24
419	65
419	80
419	17
419	19
419	70
419	14
419	11
419	26
419	21
419	51
420	32
420	57
420	4
420	63
420	36
420	6
420	92
420	5
420	44
420	24
421	41
421	65
421	71
421	19
421	14
421	80
421	17
421	70
421	26
421	11
421	21
422	51
422	32
422	57
422	4
422	63
422	6
422	41
422	36
422	5
422	44
422	24
423	65
423	14
423	70
423	19
423	17
423	26
423	11
423	21
423	89
423	51
424	32
424	57
424	4
424	63
424	6
424	41
424	36
424	5
424	24
425	44
425	65
425	14
425	19
425	70
425	17
425	26
425	21
425	51
426	32
426	57
426	63
426	36
426	6
426	41
426	5
426	44
426	24
427	65
427	19
427	14
427	70
427	17
427	26
427	21
427	51
428	57
428	63
428	41
428	36
428	6
428	44
428	24
429	65
429	19
429	70
429	14
429	17
429	26
429	21
429	51
430	29
430	57
430	63
430	77
430	6
430	41
430	36
430	44
430	24
431	65
431	14
431	70
431	19
431	17
431	26
431	21
432	51
432	57
432	36
432	63
433	44
433	6
433	17
433	65
433	41
433	26
433	14
433	70
433	19
433	51
434	57
434	36
434	6
434	63
435	65
435	19
435	70
435	14
435	17
435	26
435	44
436	51
436	57
436	63
436	36
436	6
436	44
437	65
437	19
437	14
437	70
437	17
437	26
438	31
438	57
438	27
438	36
438	6
438	44
439	65
439	19
439	14
439	17
439	26
440	36
440	6
440	44
441	65
441	14
441	19
441	17
441	26
442	36
442	6
442	44
443	65
443	19
443	14
443	17
443	26
444	6
444	36
445	44
445	65
445	19
445	14
445	2
445	17
445	26
446	8
446	36
446	6
447	44
447	19
447	14
447	26
447	17
448	65
448	36
448	6
449	44
449	65
449	19
449	14
449	17
450	26
450	6
450	7
450	36
451	44
451	65
451	61
451	19
451	14
451	17
451	26
452	36
452	6
453	44
453	65
453	19
453	14
453	17
453	26
454	36
454	6
455	44
455	65
455	19
455	14
455	17
455	26
456	36
456	6
456	20
457	44
457	65
457	19
457	14
457	17
457	26
458	36
458	6
458	33
459	44
459	65
459	19
459	14
459	17
459	26
460	36
460	6
461	44
461	65
461	19
461	14
461	17
461	26
462	36
462	6
463	44
463	65
463	19
463	14
463	17
463	26
465	65
465	36
465	19
465	44
465	14
465	6
465	17
465	26
466	40
466	36
466	6
467	44
467	65
467	19
467	14
467	17
467	26
468	36
468	6
469	44
469	65
469	19
469	14
469	17
469	26
470	36
470	6
471	44
471	65
471	19
471	14
471	17
471	26
472	6
472	36
473	44
473	65
473	19
473	14
473	17
473	26
474	36
474	6
475	44
475	65
475	19
475	14
475	17
475	26
477	65
477	36
477	44
477	19
477	14
477	6
477	17
478	26
478	36
478	6
479	44
479	19
479	65
480	14
480	17
480	36
480	6
481	44
481	65
481	19
481	14
481	17
482	6
482	36
483	44
483	65
483	19
483	14
484	36
485	19
485	14
487	19
487	14
489	46
489	19
489	14
491	19
491	14
493	19
493	14
495	14
495	19
495	55
497	19
497	14
499	19
499	14
501	19
501	14
503	14
503	19
505	19
505	14
507	19
507	14
509	19
509	14
511	19
511	14
513	19
513	14
515	19
515	14
517	19
517	14
519	14
519	19
520	18
521	19
521	14
524	19
524	14
525	19
525	14
526	37
527	19
527	14
529	19
529	14
531	19
531	14
533	19
533	14
535	19
535	14
537	19
537	14
539	14
539	19
541	19
542	14
543	14
543	19
545	19
545	14
547	14
547	19
549	19
549	14
551	19
551	14
553	19
553	14
555	19
555	14
557	19
557	14
559	14
559	19
561	19
561	14
563	19
563	14
565	19
565	14
566	39
567	37
567	19
567	14
569	37
569	19
569	14
570	46
571	37
571	19
571	14
573	37
573	19
573	14
575	37
575	19
575	14
577	19
577	14
577	37
579	37
579	19
579	14
581	37
581	19
581	14
583	37
583	19
583	14
585	37
585	14
585	19
587	37
587	19
588	14
589	19
590	14
591	19
591	14
593	19
593	14
595	19
595	14
597	19
597	14
599	19
599	14
601	19
601	14
603	19
604	14
605	14
605	19
607	19
607	14
609	19
609	14
611	19
611	14
613	19
613	14
615	19
615	14
617	19
617	14
619	19
619	14
621	19
621	14
623	19
623	14
625	19
625	14
627	19
627	14
629	19
629	14
631	19
631	14
634	14
634	19
635	19
635	14
637	19
637	14
639	19
639	14
641	19
641	14
643	19
643	14
645	19
645	14
647	19
647	14
649	19
649	14
651	19
651	14
653	19
653	14
655	19
655	14
657	19
657	14
659	19
659	14
661	19
661	14
663	19
663	14
665	19
667	19
669	19
671	19
