0.0	9
0.0	9
0.0	35
0.0	35
0.20000000001164153	19
0.20000000001164153	19
1.0	59
1.0	59
1.0	6
1.0	6
2.1000000000058208	20
2.1000000000058208	20
2.3000000000029104	4
2.3000000000029104	4
3.400000000008731	63
3.400000000008731	63
3.900000000008731	2
3.900000000008731	2
4.0	54
4.0	54
5.400000000008731	56
5.400000000008731	56
4.7000000000116415	35
5.2000000000116415	3
5.2000000000116415	3
5.30000000000291	16
5.30000000000291	16
5.5	15
5.5	15
5.5	61
5.5	61
5.5	8
5.5	8
5.5	9
5.7000000000116415	45
5.80000000000291	45
5.80000000000291	19
5.900000000008731	59
6.100000000005821	53
6.100000000005821	53
6.400000000008731	6
6.5	18
6.5	18
6.5	25
6.5	25
6.80000000000291	32
6.80000000000291	32
6.900000000008731	20
7.100000000005821	36
7.100000000005821	36
7.100000000005821	24
7.100000000005821	24
7.2000000000116415	4
7.30000000000291	57
7.30000000000291	57
7.5	52
7.5	52
7.5	63
7.7000000000116415	51
7.7000000000116415	51
7.7000000000116415	34
7.7000000000116415	34
7.7000000000116415	27
7.80000000000291	27
7.900000000008731	1
7.900000000008731	1
8.200000000011642	41
8.200000000011642	41
9.400000000008731	50
9.400000000008731	50
8.900000000008731	13
8.900000000008731	13
9.900000000008731	2
9.900000000008731	23
9.900000000008731	23
10.0	56
10.0	35
10.0	29
10.0	29
10.0	54
10.0	11
10.0	11
10.200000000011642	3
10.400000000008731	38
10.400000000008731	38
11.400000000008731	15
11.400000000008731	8
10.700000000011642	61
10.700000000011642	16
10.80000000000291	33
10.80000000000291	33
10.80000000000291	43
10.80000000000291	43
10.900000000008731	45
11.0	59
11.10000000000582	7
11.10000000000582	7
11.10000000000582	9
11.30000000000291	6
11.30000000000291	19
11.30000000000291	55
11.30000000000291	55
11.400000000008731	60
11.400000000008731	60
11.5	22
11.5	22
11.5	53
11.700000000011642	18
11.700000000011642	25
12.700000000011642	21
12.700000000011642	21
12.700000000011642	24
12.700000000011642	20
12.700000000011642	36
12.80000000000291	32
12.80000000000291	47
12.80000000000291	47
12.80000000000291	1
12.80000000000291	48
12.80000000000291	48
12.80000000000291	27
12.80000000000291	4
12.80000000000291	12
12.80000000000291	12
12.80000000000291	57
12.80000000000291	51
12.80000000000291	52
12.80000000000291	63
12.80000000000291	34
13.0	42
13.0	42
13.200000000011642	41
14.5	50
14.0	28
14.0	28
14.200000000011642	13
14.30000000000291	2
14.30000000000291	29
14.700000000011642	26
14.700000000011642	26
14.700000000011642	56
14.80000000000291	23
14.80000000000291	54
14.80000000000291	35
15.10000000000582	11
15.400000000008731	3
15.5	33
15.700000000011642	8
15.700000000011642	38
15.900000000008731	16
16.0	15
16.10000000000582	61
16.10000000000582	59
16.10000000000582	43
16.10000000000582	45
16.20000000001164	6
16.30000000000291	37
16.30000000000291	37
16.40000000000873	7
16.5	60
16.70000000001164	22
16.90000000000873	19
16.90000000000873	4
17.20000000001164	48
16.70000000001164	24
16.70000000001164	18
16.80000000000291	9
16.80000000000291	36
16.80000000000291	55
16.80000000000291	53
16.80000000000291	20
16.90000000000873	57
16.90000000000873	25
16.90000000000873	47
17.0	34
17.10000000000582	52
17.10000000000582	32
17.30000000000291	12
17.30000000000291	1
17.40000000000873	21
17.40000000000873	14
17.40000000000873	14
17.5	27
17.5	63
18.30000000000291	51
18.40000000000873	42
17.70000000001164	44
17.70000000001164	44
17.90000000000873	62
17.90000000000873	62
18.20000000001164	41
19.0	50
19.10000000000582	30
19.10000000000582	30
19.20000000001164	28
19.20000000001164	29
19.30000000000291	2
19.30000000000291	13
20.20000000001164	56
19.80000000000291	23
19.80000000000291	26
20.0	54
20.10000000000582	31
20.10000000000582	31
20.10000000000582	35
20.30000000000291	33
20.40000000000873	11
20.70000000001164	8
20.80000000000291	3
21.0	16
21.10000000000582	6
21.10000000000582	38
21.20000000001164	59
21.30000000000291	45
21.30000000000291	4
21.40000000000873	48
21.40000000000873	15
21.5	43
21.5	37
21.5	7
21.80000000000291	61
22.20000000001164	34
21.70000000001164	60
21.70000000001164	36
21.70000000001164	57
21.70000000001164	24
21.80000000000291	19
21.80000000000291	22
21.90000000000873	53
21.90000000000873	20
22.0	52
22.0	18
22.0	1
22.10000000000582	25
22.10000000000582	9
22.10000000000582	47
22.10000000000582	55
22.20000000001164	21
22.20000000001164	32
22.30000000000291	42
22.30000000000291	14
22.30000000000291	27
22.40000000000873	63
22.40000000000873	12
22.5	44
22.70000000001164	51
22.80000000000291	62
22.90000000000873	64
22.90000000000873	64
23.10000000000582	41
23.30000000000291	49
23.30000000000291	49
23.40000000000873	46
23.40000000000873	46
23.40000000000873	17
23.40000000000873	17
24.0	50
24.0	2
24.20000000001164	29
24.20000000001164	30
24.20000000001164	28
24.40000000000873	13
25.30000000000291	56
24.70000000001164	40
24.70000000001164	40
25.0	23
25.10000000000582	26
25.10000000000582	39
25.10000000000582	39
25.20000000001164	31
25.20000000001164	33
25.30000000000291	54
25.40000000000873	35
25.80000000000291	8
25.90000000000873	11
26.0	3
26.20000000001164	4
26.20000000001164	16
26.20000000001164	6
26.30000000000291	34
26.30000000000291	45
26.40000000000873	48
26.40000000000873	59
26.40000000000873	38
27.20000000001164	37
27.10000000000582	15
27.10000000000582	43
27.10000000000582	57
27.10000000000582	1
27.10000000000582	60
27.10000000000582	36
27.10000000000582	61
27.10000000000582	21
27.10000000000582	52
27.10000000000582	18
27.10000000000582	20
27.10000000000582	7
27.10000000000582	24
27.10000000000582	53
27.10000000000582	22
27.20000000001164	25
27.20000000001164	19
27.20000000001164	42
27.20000000001164	63
27.30000000000291	14
27.30000000000291	27
27.30000000000291	10
27.30000000000291	10
27.40000000000873	32
27.40000000000873	44
27.40000000000873	9
27.40000000000873	12
27.5	51
27.5	55
27.5	47
27.80000000000291	62
27.90000000000873	41
28.0	64
28.30000000000291	49
28.40000000000873	46
29.30000000000291	17
29.10000000000582	2
29.20000000001164	29
29.30000000000291	30
29.30000000000291	28
29.30000000000291	50
29.40000000000873	13
29.70000000001164	56
29.70000000001164	40
29.90000000000873	58
29.90000000000873	58
30.0	23
30.30000000000291	26
30.30000000000291	31
30.30000000000291	39
30.40000000000873	33
30.80000000000291	35
30.80000000000291	54
31.0	8
31.10000000000582	34
31.10000000000582	5
31.10000000000582	5
31.20000000001164	11
31.20000000001164	16
31.30000000000291	45
31.30000000000291	4
31.30000000000291	3
31.30000000000291	48
31.40000000000873	59
31.5	6
31.80000000000291	1
32.5	38
31.70000000001164	37
31.90000000000873	53
31.90000000000873	57
32.0	43
32.0	42
32.0	60
32.0	36
32.0	52
32.0	7
32.0	63
32.10000000000582	19
32.10000000000582	24
32.10000000000582	21
32.10000000000582	15
32.10000000000582	10
32.20000000001164	18
32.20000000001164	25
32.20000000001164	14
32.30000000000291	22
32.30000000000291	44
32.30000000000291	27
32.30000000000291	51
32.40000000000873	20
32.5	61
32.5	12
32.5	32
33.20000000001164	9
32.70000000001164	62
32.80000000000291	47
32.80000000000291	55
32.80000000000291	41
33.10000000000582	64
33.30000000000291	46
33.30000000000291	49
33.70000000001164	17
34.0	2
34.20000000001164	29
34.30000000000291	28
34.40000000000873	50
34.40000000000873	30
34.5	13
34.80000000000291	40
35.0	56
35.0	23
35.30000000000291	58
35.40000000000873	26
35.5	33
35.5	31
36.40000000000873	39
36.10000000000582	34
36.20000000001164	35
36.20000000001164	8
36.30000000000291	4
36.30000000000291	45
36.30000000000291	16
36.40000000000873	54
36.40000000000873	3
36.40000000000873	5
36.5	11
36.5	59
36.5	48
37.0	1
36.80000000000291	53
36.80000000000291	6
36.80000000000291	37
36.80000000000291	38
36.90000000000873	63
36.90000000000873	10
37.0	42
37.0	7
37.0	24
37.0	14
37.0	57
37.0	36
37.0	18
37.10000000000582	43
37.10000000000582	52
37.10000000000582	19
37.10000000000582	21
37.10000000000582	60
37.20000000001164	15
37.20000000001164	25
37.20000000001164	44
37.30000000000291	51
37.30000000000291	22
37.40000000000873	27
37.40000000000873	62
37.5	61
37.5	20
37.5	41
38.20000000001164	12
37.70000000001164	32
37.70000000001164	9
37.90000000000873	47
37.90000000000873	55
38.10000000000582	46
38.10000000000582	64
38.20000000001164	49
38.80000000000291	17
39.0	2
39.30000000000291	28
39.30000000000291	29
39.40000000000873	13
39.70000000001164	50
39.70000000001164	30
39.90000000000873	40
40.0	23
40.20000000001164	56
41.20000000001164	26
41.40000000000873	31
41.40000000000873	8
41.5	33
41.5	58
41.5	39
41.5	59
41.5	45
41.5	4
41.5	34
41.5	48
41.90000000000873	10
41.90000000000873	53
41.90000000000873	5
41.90000000000873	54
41.90000000000873	11
41.90000000000873	1
41.90000000000873	35
41.90000000000873	14
41.90000000000873	3
43.70000000001164	44
43.70000000001164	16
43.70000000001164	49
43.70000000001164	12
43.70000000001164	9
43.80000000000291	60
43.80000000000291	32
43.80000000000291	64
43.80000000000291	42
43.80000000000291	25
43.80000000000291	24
43.80000000000291	7
43.80000000000291	37
43.80000000000291	62
43.80000000000291	22
43.80000000000291	27
43.80000000000291	36
43.80000000000291	43
43.80000000000291	46
43.80000000000291	47
43.80000000000291	51
43.80000000000291	19
43.80000000000291	61
43.80000000000291	21
43.80000000000291	38
43.80000000000291	6
43.80000000000291	18
43.80000000000291	55
44.0	2
44.0	17
44.10000000000582	52
44.40000000000873	13
44.40000000000873	57
44.5	28
44.5	20
44.5	63
44.90000000000873	15
45.10000000000582	41
44.70000000001164	30
44.70000000001164	50
44.70000000001164	29
45.0	40
45.10000000000582	23
45.5	56
45.80000000000291	31
45.90000000000873	26
45.90000000000873	33
46.10000000000582	39
46.30000000000291	58
46.5	59
46.80000000000291	48
47.0	14
46.70000000001164	10
46.70000000001164	34
46.70000000001164	53
46.80000000000291	1
46.80000000000291	8
46.80000000000291	3
46.80000000000291	45
46.90000000000873	24
46.90000000000873	52
46.90000000000873	11
46.90000000000873	4
46.90000000000873	62
47.0	18
47.0	16
47.10000000000582	38
47.10000000000582	35
47.10000000000582	21
47.10000000000582	63
47.10000000000582	15
47.10000000000582	42
47.10000000000582	43
47.10000000000582	51
47.20000000001164	19
47.20000000001164	5
47.20000000001164	57
47.20000000001164	22
47.20000000001164	27
47.20000000001164	61
47.20000000001164	25
47.20000000001164	60
47.30000000000291	7
47.30000000000291	37
47.30000000000291	47
47.30000000000291	41
47.30000000000291	44
47.30000000000291	6
47.40000000000873	54
47.40000000000873	55
47.5	36
48.0	20
47.70000000001164	46
47.70000000001164	9
47.70000000001164	12
47.90000000000873	32
48.0	64
48.30000000000291	49
48.80000000000291	2
49.0	17
49.10000000000582	28
49.30000000000291	13
50.0	29
49.70000000001164	30
49.90000000000873	50
50.20000000001164	23
50.30000000000291	40
50.80000000000291	56
50.90000000000873	31
51.0	33
51.20000000001164	26
51.40000000000873	39
51.5	14
52.40000000000873	59
52.5	10
51.70000000001164	48
51.80000000000291	24
51.90000000000873	4
51.90000000000873	53
51.90000000000873	62
51.90000000000873	52
51.90000000000873	58
51.90000000000873	1
51.90000000000873	18
51.90000000000873	41
52.0	8
52.0	3
52.0	11
52.0	51
52.0	38
52.10000000000582	45
52.10000000000582	27
52.10000000000582	61
52.10000000000582	21
52.20000000001164	22
52.20000000001164	63
52.20000000001164	19
52.20000000001164	47
52.20000000001164	42
52.20000000001164	7
52.20000000001164	34
52.20000000001164	15
52.20000000001164	16
52.30000000000291	43
52.30000000000291	35
52.30000000000291	57
52.40000000000873	60
52.40000000000873	25
52.40000000000873	6
52.40000000000873	46
52.5	55
52.5	20
52.5	37
52.5	5
52.5	36
52.5	44
53.40000000000873	9
52.80000000000291	54
52.80000000000291	12
52.80000000000291	32
52.90000000000873	64
53.10000000000582	49
53.70000000001164	2
53.80000000000291	28
54.10000000000582	13
55.0	17
54.80000000000291	30
54.80000000000291	29
55.10000000000582	50
55.40000000000873	23
56.10000000000582	40
56.10000000000582	56
56.30000000000291	33
56.30000000000291	31
56.5	26
56.70000000001164	10
56.70000000001164	14
56.70000000001164	39
56.80000000000291	59
56.80000000000291	24
56.80000000000291	48
56.90000000000873	52
56.90000000000873	4
56.90000000000873	62
56.90000000000873	41
56.90000000000873	53
57.30000000000291	38
57.30000000000291	43
57.30000000000291	58
57.30000000000291	46
57.30000000000291	47
57.30000000000291	61
57.30000000000291	63
57.30000000000291	8
57.30000000000291	22
57.30000000000291	21
57.30000000000291	18
57.90000000000873	6
57.90000000000873	1
57.90000000000873	9
57.90000000000873	44
57.90000000000873	37
57.90000000000873	5
57.90000000000873	55
57.90000000000873	3
57.90000000000873	20
57.90000000000873	35
57.90000000000873	15
57.90000000000873	12
57.90000000000873	16
57.90000000000873	36
57.90000000000873	64
57.90000000000873	34
57.90000000000873	27
57.90000000000873	11
57.90000000000873	32
57.90000000000873	19
57.90000000000873	57
58.0	49
58.0	42
58.0	51
58.0	25
58.0	54
58.0	45
58.10000000000582	60
58.20000000001164	7
58.5	2
58.5	28
58.80000000000291	13
59.70000000001164	30
59.80000000000291	17
60.0	29
60.30000000000291	50
60.80000000000291	23
61.10000000000582	40
61.30000000000291	33
61.5	56
61.5	31
61.80000000000291	10
61.80000000000291	4
61.90000000000873	24
61.90000000000873	26
62.0	38
62.0	11
62.0	14
62.0	48
62.0	62
62.0	41
62.10000000000582	59
62.10000000000582	39
62.10000000000582	53
62.20000000001164	51
62.20000000001164	22
62.30000000000291	46
62.30000000000291	61
62.30000000000291	63
62.30000000000291	47
62.30000000000291	21
62.40000000000873	42
62.40000000000873	9
62.40000000000873	45
62.40000000000873	43
62.40000000000873	7
62.40000000000873	1
62.40000000000873	52
62.40000000000873	60
62.40000000000873	18
62.40000000000873	27
62.40000000000873	36
62.5	19
62.5	6
62.5	16
62.5	34
62.5	15
62.5	8
62.5	3
62.5	55
62.80000000000291	64
62.80000000000291	20
63.0	32
63.0	58
63.0	35
63.10000000000582	57
62.70000000001164	12
62.70000000001164	25
62.80000000000291	44
62.80000000000291	49
62.90000000000873	37
63.0	54
63.0	5
63.10000000000582	28
63.20000000001164	2
63.90000000000873	13
64.70000000001164	30
64.90000000000873	17
65.20000000001164	29
66.30000000000291	50
66.30000000000291	23
66.40000000000873	33
66.5	40
66.80000000000291	31
66.90000000000873	4
66.90000000000873	10
66.90000000000873	56
67.0	11
67.10000000000582	38
67.10000000000582	24
67.20000000001164	46
67.30000000000291	51
67.30000000000291	26
67.30000000000291	48
67.30000000000291	62
67.30000000000291	9
67.30000000000291	53
67.30000000000291	8
67.30000000000291	20
67.30000000000291	14
67.30000000000291	64
67.40000000000873	59
67.40000000000873	43
67.40000000000873	3
67.40000000000873	7
67.40000000000873	41
67.40000000000873	22
67.40000000000873	45
67.40000000000873	21
67.5	63
67.5	39
67.5	42
67.5	32
67.5	18
67.5	27
67.5	6
67.5	16
67.5	15
67.5	55
67.5	61
67.70000000001164	47
68.0	34
68.0	12
68.0	60
68.0	52
68.0	1
68.10000000000582	58
68.40000000000873	35
67.70000000001164	57
67.70000000001164	19
67.70000000001164	36
67.70000000001164	25
67.70000000001164	44
67.80000000000291	54
67.80000000000291	28
67.80000000000291	2
67.80000000000291	49
68.0	37
68.10000000000582	5
68.40000000000873	13
69.40000000000873	30
69.90000000000873	17
70.40000000000873	29
71.0	50
71.5	33
71.70000000001164	23
71.90000000000873	40
72.10000000000582	64
72.10000000000582	11
73.10000000000582	44
73.10000000000582	57
73.10000000000582	5
73.10000000000582	8
73.10000000000582	20
73.10000000000582	6
73.10000000000582	62
73.10000000000582	39
73.10000000000582	10
73.10000000000582	55
73.10000000000582	52
73.10000000000582	27
73.10000000000582	22
73.10000000000582	18
73.10000000000582	1
73.10000000000582	15
73.10000000000582	49
73.10000000000582	43
73.10000000000582	54
73.10000000000582	3
73.10000000000582	4
73.10000000000582	47
73.10000000000582	28
73.10000000000582	16
73.10000000000582	7
73.10000000000582	41
73.10000000000582	14
73.10000000000582	63
73.10000000000582	58
73.10000000000582	9
73.10000000000582	59
73.10000000000582	37
73.10000000000582	42
73.10000000000582	25
73.10000000000582	36
73.20000000001164	35
73.20000000001164	61
73.20000000001164	2
73.20000000001164	24
73.20000000001164	19
73.20000000001164	38
73.20000000001164	56
73.20000000001164	45
73.20000000001164	51
73.20000000001164	46
73.20000000001164	13
73.20000000001164	48
73.20000000001164	21
73.20000000001164	31
73.20000000001164	12
73.20000000001164	60
73.20000000001164	34
73.30000000000291	32
73.40000000000873	26
73.5	53
74.10000000000582	30
74.40000000000873	17
76.0	29
76.70000000001164	33
76.70000000001164	50
77.10000000000582	2
77.20000000001164	11
77.20000000001164	23
77.20000000001164	28
77.20000000001164	54
77.20000000001164	32
77.20000000001164	64
77.30000000000291	6
77.30000000000291	9
77.40000000000873	40
77.40000000000873	10
77.40000000000873	44
77.40000000000873	45
77.40000000000873	21
77.40000000000873	4
77.5	16
77.5	25
77.5	55
77.5	46
77.70000000001164	53
77.80000000000291	58
77.90000000000873	43
78.0	26
78.5	59
77.70000000001164	20
77.70000000001164	8
77.70000000001164	3
77.70000000001164	57
77.70000000001164	31
77.70000000001164	63
77.70000000001164	7
77.70000000001164	24
77.70000000001164	34
77.70000000001164	41
77.70000000001164	48
77.70000000001164	38
77.70000000001164	51
77.70000000001164	56
77.70000000001164	22
77.70000000001164	15
77.70000000001164	62
77.80000000000291	36
77.80000000000291	52
77.80000000000291	60
77.80000000000291	1
77.80000000000291	5
77.80000000000291	37
77.80000000000291	35
77.80000000000291	18
77.80000000000291	27
77.80000000000291	14
77.80000000000291	12
77.80000000000291	19
77.80000000000291	39
77.90000000000873	42
77.90000000000873	13
77.90000000000873	47
77.90000000000873	49
78.0	61
78.70000000001164	30
79.20000000001164	17
80.80000000000291	29
81.90000000000873	33
82.10000000000582	2
82.10000000000582	50
82.20000000001164	54
82.30000000000291	44
82.30000000000291	64
82.30000000000291	32
82.40000000000873	28
82.5	25
82.5	6
82.5	9
82.5	58
82.5	15
82.70000000001164	45
82.80000000000291	11
82.80000000000291	16
82.80000000000291	20
82.80000000000291	23
83.0	13
83.10000000000582	37
83.20000000001164	21
83.30000000000291	5
83.5	8
82.70000000001164	3
82.70000000001164	48
82.70000000001164	22
82.70000000001164	10
82.70000000001164	34
82.70000000001164	41
82.80000000000291	7
82.80000000000291	4
82.80000000000291	43
82.80000000000291	53
82.80000000000291	62
82.80000000000291	51
82.80000000000291	35
82.80000000000291	49
82.80000000000291	57
82.80000000000291	38
82.80000000000291	46
82.80000000000291	24
82.80000000000291	61
82.80000000000291	14
82.80000000000291	56
82.80000000000291	63
82.90000000000873	60
82.90000000000873	1
82.90000000000873	36
82.90000000000873	52
83.0	59
83.0	27
83.0	18
83.0	19
83.0	12
83.0	31
83.0	55
83.0	26
83.0	39
83.10000000000582	40
83.10000000000582	47
83.10000000000582	42
83.30000000000291	30
84.0	17
86.10000000000582	29
87.10000000000582	33
87.20000000001164	44
87.30000000000291	2
87.30000000000291	64
87.40000000000873	54
87.40000000000873	32
87.5	5
87.70000000001164	13
88.10000000000582	57
88.10000000000582	28
88.10000000000582	53
88.10000000000582	40
88.10000000000582	48
88.20000000001164	60
88.20000000001164	14
88.20000000001164	45
88.20000000001164	50
88.20000000001164	43
88.20000000001164	61
88.20000000001164	51
88.20000000001164	59
88.20000000001164	35
88.20000000001164	56
88.20000000001164	46
88.20000000001164	6
88.20000000001164	31
88.20000000001164	36
88.20000000001164	27
88.20000000001164	19
88.20000000001164	11
88.20000000001164	62
88.20000000001164	30
88.20000000001164	23
88.20000000001164	3
88.20000000001164	8
88.20000000001164	37
88.20000000001164	58
88.20000000001164	26
88.20000000001164	39
88.20000000001164	10
88.20000000001164	4
88.20000000001164	18
88.20000000001164	25
88.20000000001164	63
88.20000000001164	49
88.20000000001164	21
88.20000000001164	16
88.20000000001164	52
88.20000000001164	1
89.10000000000582	34
89.10000000000582	41
89.10000000000582	7
89.10000000000582	24
89.10000000000582	12
89.10000000000582	17
89.10000000000582	9
89.10000000000582	47
89.20000000001164	20
89.20000000001164	22
89.30000000000291	15
89.30000000000291	38
89.40000000000873	55
89.5	42
91.5	29
92.40000000000873	44
92.80000000000291	33
93.10000000000582	35
93.40000000000873	62
92.70000000001164	39
92.70000000001164	64
92.70000000001164	30
92.70000000001164	49
92.70000000001164	13
92.70000000001164	37
92.70000000001164	32
92.70000000001164	60
92.70000000001164	58
92.70000000001164	56
92.70000000001164	54
92.80000000000291	63
92.80000000000291	25
92.80000000000291	2
92.80000000000291	42
92.80000000000291	7
92.80000000000291	16
92.80000000000291	22
92.80000000000291	5
92.80000000000291	52
92.80000000000291	12
92.80000000000291	48
92.80000000000291	53
92.80000000000291	45
92.90000000000873	14
92.90000000000873	38
92.90000000000873	21
92.90000000000873	9
93.0	57
93.0	46
93.0	28
93.0	23
93.10000000000582	10
93.20000000001164	4
93.20000000001164	18
93.20000000001164	6
93.20000000001164	27
93.20000000001164	59
93.20000000001164	50
93.20000000001164	61
93.20000000001164	51
93.20000000001164	43
93.20000000001164	47
93.20000000001164	26
93.20000000001164	55
93.20000000001164	19
93.20000000001164	36
93.20000000001164	1
93.30000000000291	8
93.30000000000291	3
93.30000000000291	11
93.30000000000291	15
93.30000000000291	40
93.40000000000873	20
93.40000000000873	31
93.40000000000873	34
93.40000000000873	41
93.40000000000873	24
93.40000000000873	17
97.0	29
97.5	30
98.40000000000873	35
97.70000000001164	13
97.80000000000291	7
97.80000000000291	37
97.80000000000291	44
97.80000000000291	62
97.80000000000291	56
97.80000000000291	12
97.80000000000291	5
97.80000000000291	39
97.80000000000291	42
97.90000000000873	33
97.90000000000873	21
97.90000000000873	16
97.90000000000873	49
97.90000000000873	64
97.90000000000873	14
98.0	22
98.0	23
98.0	57
98.0	53
98.0	46
98.0	9
98.0	54
98.0	25
98.0	48
98.0	58
98.0	63
98.0	38
98.0	27
98.0	18
98.0	32
98.0	6
98.10000000000582	45
98.10000000000582	28
98.10000000000582	59
98.10000000000582	50
98.10000000000582	61
98.10000000000582	43
98.10000000000582	51
98.10000000000582	36
98.20000000001164	10
98.20000000001164	4
98.30000000000291	60
98.30000000000291	1
98.30000000000291	52
98.30000000000291	19
98.40000000000873	24
98.5	17
98.5	40
98.5	26
98.5	55
98.5	47
98.5	41
98.5	34
98.5	20
98.5	8
98.5	11
98.5	3
98.5	31
98.5	2
98.70000000001164	15
102.80000000000291	29
102.80000000000291	17
102.80000000000291	35
103.10000000000582	5
103.10000000000582	44
103.10000000000582	51
103.10000000000582	50
103.10000000000582	43
103.10000000000582	61
103.10000000000582	63
103.10000000000582	14
103.10000000000582	10
103.10000000000582	25
103.10000000000582	6
103.10000000000582	18
103.10000000000582	33
103.10000000000582	48
103.10000000000582	27
103.10000000000582	16
103.10000000000582	22
103.10000000000582	46
103.10000000000582	42
103.10000000000582	49
103.10000000000582	39
103.10000000000582	30
103.10000000000582	32
103.10000000000582	13
103.10000000000582	37
103.10000000000582	62
103.10000000000582	38
103.10000000000582	7
103.10000000000582	21
103.10000000000582	53
103.10000000000582	57
103.10000000000582	8
103.10000000000582	15
103.10000000000582	11
103.10000000000582	23
103.10000000000582	9
103.10000000000582	54
103.10000000000582	56
103.10000000000582	28
103.20000000001164	58
103.20000000001164	4
103.20000000001164	64
103.20000000001164	59
103.20000000001164	3
103.20000000001164	20
103.20000000001164	60
103.40000000000873	1
103.40000000000873	12
103.40000000000873	52
103.40000000000873	31
103.40000000000873	26
103.40000000000873	55
103.40000000000873	40
103.40000000000873	24
103.40000000000873	2
103.40000000000873	34
103.40000000000873	45
103.40000000000873	36
103.40000000000873	47
103.40000000000873	41
103.5	19
107.80000000000291	17
108.0	24
108.10000000000582	42
108.10000000000582	46
108.10000000000582	39
108.10000000000582	49
108.10000000000582	10
108.10000000000582	23
108.10000000000582	35
108.10000000000582	50
108.10000000000582	14
108.10000000000582	54
108.10000000000582	38
108.10000000000582	61
108.20000000001164	63
108.20000000001164	30
108.20000000001164	56
108.20000000001164	5
108.20000000001164	51
108.20000000001164	48
108.20000000001164	43
108.20000000001164	22
108.20000000001164	33
108.20000000001164	28
108.30000000000291	13
108.30000000000291	59
108.40000000000873	4
108.40000000000873	44
108.40000000000873	57
108.40000000000873	64
108.40000000000873	21
108.40000000000873	18
108.40000000000873	27
108.40000000000873	6
108.40000000000873	25
108.40000000000873	32
108.40000000000873	52
108.40000000000873	36
108.40000000000873	29
108.40000000000873	1
108.40000000000873	60
108.40000000000873	16
108.40000000000873	34
108.40000000000873	41
108.40000000000873	7
108.40000000000873	53
108.40000000000873	9
108.40000000000873	37
108.40000000000873	45
108.40000000000873	3
108.40000000000873	8
108.40000000000873	58
108.40000000000873	20
108.40000000000873	11
108.40000000000873	62
108.40000000000873	12
108.40000000000873	19
108.40000000000873	2
108.5	15
108.80000000000291	40
108.90000000000873	47
108.90000000000873	26
108.90000000000873	55
108.90000000000873	31
113.10000000000582	17
113.10000000000582	24
113.10000000000582	2
113.10000000000582	10
113.20000000001164	14
113.20000000001164	49
113.20000000001164	42
113.20000000001164	54
113.20000000001164	23
113.20000000001164	38
113.30000000000291	4
113.30000000000291	46
113.30000000000291	33
113.30000000000291	48
113.30000000000291	63
113.30000000000291	22
113.30000000000291	58
113.30000000000291	8
113.30000000000291	3
113.30000000000291	20
113.30000000000291	11
113.30000000000291	25
113.30000000000291	57
113.30000000000291	5
113.30000000000291	56
113.40000000000873	28
113.40000000000873	9
113.40000000000873	64
113.40000000000873	39
113.40000000000873	53
113.40000000000873	45
113.40000000000873	21
113.40000000000873	62
113.40000000000873	44
113.40000000000873	31
113.40000000000873	40
113.40000000000873	55
113.40000000000873	26
113.40000000000873	37
113.40000000000873	16
113.40000000000873	15
113.40000000000873	13
113.5	47
113.5	27
113.5	18
113.5	6
113.5	32
113.5	30
113.5	60
113.70000000001164	19
113.70000000001164	12
113.70000000001164	1
113.70000000001164	52
113.70000000001164	29
113.80000000000291	34
113.80000000000291	41
113.80000000000291	7
113.90000000000873	50
113.90000000000873	51
113.90000000000873	59
113.90000000000873	35
113.90000000000873	43
113.90000000000873	61
114.30000000000291	36
118.20000000001164	2
118.30000000000291	58
118.30000000000291	46
118.40000000000873	54
118.40000000000873	38
118.40000000000873	14
118.40000000000873	22
118.40000000000873	10
118.40000000000873	33
118.40000000000873	64
118.40000000000873	48
118.40000000000873	25
118.40000000000873	53
118.40000000000873	28
118.40000000000873	4
118.40000000000873	9
118.40000000000873	62
118.40000000000873	63
118.5	57
118.5	56
118.5	45
118.5	13
118.5	5
118.5	42
118.5	21
118.5	23
118.5	44
118.5	49
118.5	37
118.5	16
118.5	30
118.70000000001164	18
118.70000000001164	27
118.70000000001164	32
118.70000000001164	6
119.0	24
119.0	8
119.0	3
119.0	15
119.0	7
119.0	34
119.10000000000582	39
118.70000000001164	41
118.70000000001164	20
118.70000000001164	11
118.70000000001164	29
118.70000000001164	1
118.70000000001164	60
118.70000000001164	36
118.70000000001164	52
118.70000000001164	19
118.70000000001164	12
118.80000000000291	35
118.80000000000291	43
118.80000000000291	51
118.80000000000291	61
118.80000000000291	50
118.80000000000291	59
118.90000000000873	26
118.90000000000873	55
118.90000000000873	47
118.90000000000873	17
118.90000000000873	31
119.0	40
123.5	58
123.5	64
123.5	48
123.5	9
123.5	53
123.5	45
123.5	62
123.5	14
123.90000000000873	25
123.80000000000291	46
123.80000000000291	38
123.80000000000291	33
123.80000000000291	30
123.80000000000291	54
123.90000000000873	63
123.90000000000873	28
124.0	56
124.10000000000582	4
124.10000000000582	13
124.10000000000582	21
124.20000000001164	44
124.20000000001164	57
124.30000000000291	16
124.40000000000873	22
124.5	37
123.70000000001164	5
123.70000000001164	10
123.70000000001164	49
123.80000000000291	23
123.80000000000291	42
123.80000000000291	34
123.80000000000291	7
123.80000000000291	2
123.80000000000291	24
123.80000000000291	31
123.80000000000291	55
123.80000000000291	26
123.80000000000291	40
123.80000000000291	39
123.80000000000291	18
123.80000000000291	27
123.80000000000291	60
123.80000000000291	1
123.80000000000291	36
123.80000000000291	52
123.80000000000291	29
123.80000000000291	41
123.80000000000291	47
123.90000000000873	32
123.90000000000873	19
123.90000000000873	12
123.90000000000873	15
123.90000000000873	3
123.90000000000873	11
123.90000000000873	8
123.90000000000873	6
124.0	43
124.0	35
124.0	61
124.0	51
124.0	50
124.0	59
124.0	17
124.0	20
129.40000000000873	64
129.40000000000873	30
128.70000000001164	62
128.70000000001164	9
128.70000000001164	45
128.70000000001164	16
128.70000000001164	58
128.70000000001164	21
128.70000000001164	48
128.70000000001164	13
128.8000000000029	28
128.8000000000029	54
128.8000000000029	14
128.8000000000029	39
128.8000000000029	4
128.8000000000029	37
128.8000000000029	25
128.8000000000029	53
128.8000000000029	23
128.8000000000029	63
128.8000000000029	56
128.8000000000029	33
128.8000000000029	44
128.8000000000029	5
128.8000000000029	57
128.8000000000029	1
128.8000000000029	12
128.8000000000029	52
128.8000000000029	19
128.8000000000029	46
128.8000000000029	22
128.8000000000029	10
128.8000000000029	49
128.90000000000873	32
128.90000000000873	18
128.90000000000873	6
128.90000000000873	27
128.90000000000873	29
128.90000000000873	36
128.90000000000873	60
128.90000000000873	38
128.90000000000873	42
129.0	43
129.0	50
129.0	35
129.0	61
129.0	51
129.0	59
129.0	24
129.0	7
129.0	34
129.0	2
129.0	55
129.0	47
129.0	17
129.0	26
129.10000000000582	41
129.10000000000582	31
129.10000000000582	40
129.10000000000582	15
129.10000000000582	11
129.10000000000582	3
129.10000000000582	8
129.20000000001164	20
133.70000000001164	29
133.8000000000029	12
133.8000000000029	1
133.8000000000029	23
133.8000000000029	39
133.8000000000029	49
133.8000000000029	30
133.90000000000873	48
133.90000000000873	44
133.90000000000873	45
133.90000000000873	57
133.90000000000873	21
133.90000000000873	16
133.90000000000873	62
133.90000000000873	52
133.90000000000873	64
133.90000000000873	33
133.90000000000873	56
133.90000000000873	63
133.90000000000873	32
133.90000000000873	18
133.90000000000873	27
133.90000000000873	37
133.90000000000873	38
133.90000000000873	54
133.90000000000873	60
133.90000000000873	4
133.90000000000873	9
133.90000000000873	14
133.90000000000873	19
134.0	25
134.0	6
134.0	28
134.0	53
134.0	10
134.0	13
134.0	36
134.0	22
134.0	5
134.0	42
134.0	58
134.0	46
134.20000000001164	50
134.20000000001164	61
134.20000000001164	43
134.20000000001164	51
134.20000000001164	35
134.20000000001164	59
134.20000000001164	7
134.20000000001164	24
134.20000000001164	2
134.20000000001164	34
134.20000000001164	41
134.20000000001164	15
134.20000000001164	11
134.3000000000029	3
134.3000000000029	8
134.3000000000029	20
134.40000000000873	47
134.40000000000873	17
134.40000000000873	55
134.40000000000873	26
134.40000000000873	31
134.5	40
138.90000000000873	57
138.90000000000873	49
138.90000000000873	23
138.90000000000873	39
138.90000000000873	42
138.90000000000873	16
139.0	54
139.0	62
139.0	63
139.0	56
139.0	37
139.0	4
139.0	10
139.10000000000582	44
139.20000000001164	21
139.20000000001164	5
139.20000000001164	30
139.20000000001164	28
139.20000000001164	18
139.20000000001164	32
139.20000000001164	27
139.20000000001164	64
139.20000000001164	43
139.20000000001164	25
139.20000000001164	14
139.20000000001164	48
139.20000000001164	58
139.20000000001164	33
139.20000000001164	53
139.20000000001164	20
139.20000000001164	3
139.20000000001164	8
139.20000000001164	61
139.20000000001164	50
139.20000000001164	59
139.20000000001164	35
139.20000000001164	22
139.3000000000029	38
139.3000000000029	19
139.40000000000873	34
139.40000000000873	24
139.40000000000873	41
139.40000000000873	13
139.5	40
139.5	17
139.5	26
139.5	55
139.5	29
139.5	36
139.5	1
139.5	52
139.5	60
139.5	2
139.5	47
139.5	7
139.8000000000029	31
144.10000000000582	39
144.10000000000582	49
144.10000000000582	23
144.10000000000582	42
144.20000000001164	35
144.20000000001164	1
144.20000000001164	60
144.20000000001164	61
144.20000000001164	54
144.20000000001164	10
144.20000000001164	37
144.40000000000873	4
144.40000000000873	25
144.40000000000873	57
144.40000000000873	14
144.40000000000873	59
144.40000000000873	32
144.40000000000873	27
144.40000000000873	45
144.40000000000873	48
144.40000000000873	52
144.40000000000873	19
144.40000000000873	51
144.40000000000873	22
144.40000000000873	62
144.40000000000873	6
144.40000000000873	43
144.40000000000873	53
144.40000000000873	13
144.40000000000873	58
144.5	44
144.5	8
144.5	20
144.5	3
144.5	34
144.70000000001164	31
144.70000000001164	17
144.70000000001164	55
144.70000000001164	7
144.70000000001164	41
144.70000000001164	26
144.8000000000029	47
149.20000000001164	42
149.3000000000029	49
149.3000000000029	58
149.3000000000029	23
149.40000000000873	39
149.40000000000873	8
149.40000000000873	3
149.40000000000873	40
149.40000000000873	26
149.40000000000873	48
149.40000000000873	60
149.5	19
149.5	20
149.5	13
149.5	25
149.5	62
149.5	45
149.5	27
149.5	32
150.0	34
150.0	7
149.70000000001164	61
149.70000000001164	59
149.70000000001164	35
154.40000000000873	42
154.5	58
154.5	13
155.0	49
155.20000000001164	48
155.3000000000029	7
155.40000000000873	62
155.5	26
155.5	40
154.70000000001164	59
154.70000000001164	61
154.8000000000029	8
154.8000000000029	20
160.3000000000029	52
159.70000000001164	58
159.70000000001164	13
159.70000000001164	62
159.8000000000029	48
159.8000000000029	20
159.8000000000029	40
159.8000000000029	59
164.8000000000029	20
164.8000000000029	62
164.8000000000029	13
164.90000000000873	52
165.40000000000873	28
165.40000000000873	31
165.40000000000873	59
166.10000000000582	48
166.10000000000582	10
169.90000000000873	41
169.90000000000873	28
170.0	20
170.10000000000582	10
170.3000000000029	17
175.0	29
175.10000000000582	44
175.20000000001164	28
175.20000000001164	41
175.3000000000029	10
175.40000000000873	17
179.0	11
179.10000000000582	12
179.10000000000582	45
179.10000000000582	6
180.3000000000029	50
180.3000000000029	41
180.3000000000029	28
180.3000000000029	44
180.40000000000873	29
180.40000000000873	10
180.5	17
184.10000000000582	28
184.20000000001164	11
184.20000000001164	16
184.20000000001164	18
184.3000000000029	56
184.3000000000029	30
184.3000000000029	29
184.40000000000873	12
184.40000000000873	38
184.40000000000873	21
184.40000000000873	24
184.40000000000873	9
185.40000000000873	20
185.40000000000873	44
185.5	28
185.5	24
185.5	50
185.5	41
185.70000000001164	17
185.70000000001164	10
185.70000000001164	29
189.20000000001164	17
189.3000000000029	28
189.3000000000029	55
189.3000000000029	4
189.3000000000029	36
189.3000000000029	30
189.3000000000029	54
189.40000000000873	37
189.40000000000873	38
189.40000000000873	56
189.40000000000873	18
189.40000000000873	24
189.40000000000873	1
189.5	44
189.5	47
189.5	9
189.5	16
189.5	29
189.5	43
190.3000000000029	24
190.3000000000029	52
190.3000000000029	9
190.5	20
190.5	44
190.5	28
190.70000000001164	50
190.70000000001164	10
190.70000000001164	29
190.8000000000029	41
190.90000000000873	17
194.40000000000873	17
194.40000000000873	30
194.5	36
194.5	3
194.5	29
194.5	38
194.5	4
194.5	55
194.5	56
194.5	54
195.10000000000582	9
194.8000000000029	35
194.8000000000029	47
195.0	18
195.0	44
195.20000000001164	43
194.70000000001164	16
195.10000000000582	19
195.20000000001164	24
195.20000000001164	52
195.3000000000029	11
195.40000000000873	10
195.8000000000029	41
195.90000000000873	20
195.90000000000873	28
195.90000000000873	44
195.90000000000873	9
195.90000000000873	29
195.90000000000873	17
195.90000000000873	50
196.0	37
199.5	29
199.90000000000873	61
200.0	30
200.20000000001164	19
200.5	43
199.70000000001164	64
199.70000000001164	8
199.70000000001164	9
199.70000000001164	17
199.70000000001164	4
199.70000000001164	38
199.70000000001164	56
199.70000000001164	55
199.70000000001164	18
199.70000000001164	44
199.8000000000029	54
199.8000000000029	47
199.8000000000029	31
199.90000000000873	19
200.10000000000582	49
200.10000000000582	46
200.10000000000582	10
200.20000000001164	6
200.20000000001164	11
200.3000000000029	44
200.3000000000029	57
200.40000000000873	59
200.40000000000873	43
200.40000000000873	9
200.40000000000873	28
200.40000000000873	29
200.5	41
201.40000000000873	3
200.90000000000873	37
205.40000000000873	29
204.70000000001164	24
204.70000000001164	19
204.8000000000029	36
204.8000000000029	9
204.8000000000029	58
204.8000000000029	30
204.90000000000873	61
204.90000000000873	43
204.90000000000873	44
204.90000000000873	56
204.90000000000873	38
204.90000000000873	4
204.90000000000873	11
204.90000000000873	3
204.90000000000873	50
204.90000000000873	19
204.90000000000873	54
205.0	1
205.10000000000582	17
205.10000000000582	55
205.10000000000582	49
205.10000000000582	24
205.10000000000582	44
205.10000000000582	40
205.10000000000582	46
205.10000000000582	32
205.20000000001164	11
205.20000000001164	29
205.20000000001164	64
205.20000000001164	6
205.20000000001164	21
205.20000000001164	16
205.20000000001164	47
205.20000000001164	59
205.3000000000029	28
205.3000000000029	9
205.3000000000029	41
205.3000000000029	43
205.3000000000029	57
205.40000000000873	3
206.20000000001164	37
209.90000000000873	24
209.90000000000873	19
209.90000000000873	62
209.90000000000873	6
209.90000000000873	36
209.90000000000873	6
210.0	9
210.0	44
210.0	48
210.0	38
210.0	58
210.0	44
210.0	56
210.0	41
210.0	30
210.0	52
210.10000000000582	50
210.10000000000582	61
210.10000000000582	59
210.10000000000582	59
210.10000000000582	29
210.10000000000582	19
210.10000000000582	31
210.10000000000582	54
210.10000000000582	3
210.10000000000582	3
210.10000000000582	24
210.10000000000582	64
210.10000000000582	49
210.10000000000582	28
210.10000000000582	46
210.10000000000582	57
210.10000000000582	4
210.10000000000582	9
210.10000000000582	11
210.20000000001164	16
210.20000000001164	43
210.20000000001164	32
210.3000000000029	55
210.3000000000029	47
210.40000000000873	37
214.8000000000029	59
214.8000000000029	41
215.0	6
215.0	44
215.0	28
215.0	62
215.20000000001164	64
215.20000000001164	54
215.20000000001164	56
215.20000000001164	38
215.20000000001164	13
215.20000000001164	16
215.20000000001164	56
215.20000000001164	29
215.20000000001164	19
215.20000000001164	4
215.20000000001164	52
215.20000000001164	57
215.20000000001164	9
215.20000000001164	9
215.20000000001164	11
215.20000000001164	20
215.20000000001164	6
215.20000000001164	46
215.3000000000029	32
215.3000000000029	24
215.3000000000029	24
215.3000000000029	55
215.40000000000873	31
215.40000000000873	59
215.40000000000873	50
215.5	47
220.20000000001164	16
220.3000000000029	45
220.3000000000029	24
220.3000000000029	46
220.40000000000873	56
220.40000000000873	54
220.40000000000873	35
220.5	52
224.20000000001164	40
225.20000000001164	20
225.20000000001164	35
225.3000000000029	46
225.3000000000029	56
225.40000000000873	54
225.40000000000873	52
229.40000000000873	6
229.40000000000873	41
230.20000000001164	35
230.20000000001164	46
230.5	54
230.5	48
234.5	24
234.5	41
235.10000000000582	46
235.20000000001164	35
235.3000000000029	54
235.5	48
236.3000000000029	18
240.10000000000582	6
240.10000000000582	36
239.70000000001164	41
239.70000000001164	24
239.70000000001164	63
240.0	56
240.5	52
240.90000000000873	24
240.90000000000873	17
241.0	20
241.0	35
240.70000000001164	45
240.8000000000029	18
244.8000000000029	6
244.8000000000029	64
244.8000000000029	8
244.8000000000029	18
244.90000000000873	63
245.10000000000582	17
245.10000000000582	35
245.20000000001164	56
245.3000000000029	26
245.3000000000029	52
246.20000000001164	45
249.8000000000029	43
249.90000000000873	21
250.0	64
250.10000000000582	35
250.10000000000582	16
250.10000000000582	17
250.10000000000582	40
250.10000000000582	8
250.10000000000582	18
250.10000000000582	31
250.20000000001164	4
250.20000000001164	47
250.20000000001164	52
250.3000000000029	56
250.3000000000029	26
250.40000000000873	45
255.0	35
255.0	43
255.0	48
255.10000000000582	52
255.10000000000582	21
255.10000000000582	16
255.10000000000582	45
255.10000000000582	43
255.20000000001164	58
255.20000000001164	18
255.3000000000029	17
255.3000000000029	47
255.40000000000873	26
259.90000000000873	35
260.0	4
260.1000000000058	11
260.1000000000058	20
260.1000000000058	6
260.1000000000058	48
260.1000000000058	46
260.1000000000058	54
260.20000000001164	43
260.20000000001164	43
260.20000000001164	16
260.3000000000029	4
260.3000000000029	26
260.3000000000029	47
260.3000000000029	21
260.3000000000029	20
260.3000000000029	8
260.3000000000029	18
264.1000000000058	46
264.20000000001164	63
264.90000000000873	58
265.0	34
265.0	4
265.0	26
265.0	18
265.1000000000058	46
265.1000000000058	43
265.1000000000058	6
265.3000000000029	6
265.3000000000029	47
265.3000000000029	54
265.40000000000873	21
265.40000000000873	31
265.40000000000873	4
265.40000000000873	16
265.40000000000873	24
265.40000000000873	48
265.40000000000873	18
265.40000000000873	18
265.5	45
265.5	55
269.3000000000029	11
269.40000000000873	63
269.5	12
269.90000000000873	18
270.0	46
270.1000000000058	58
270.1000000000058	4
270.1000000000058	56
270.20000000001164	16
270.20000000001164	34
270.20000000001164	6
270.3000000000029	56
270.3000000000029	20
270.3000000000029	4
270.3000000000029	11
270.40000000000873	24
270.40000000000873	6
270.5	47
270.5	26
270.5	31
270.5	55
270.90000000000873	45
271.0	18
271.0	18
274.5	45
274.5	32
275.20000000001164	63
275.1000000000058	12
275.20000000001164	11
274.70000000001164	18
275.0	56
275.0	46
275.1000000000058	16
275.20000000001164	4
275.20000000001164	20
275.3000000000029	11
275.3000000000029	44
275.3000000000029	4
275.3000000000029	34
275.3000000000029	6
275.3000000000029	58
275.40000000000873	62
275.40000000000873	56
275.40000000000873	20
275.40000000000873	18
275.40000000000873	24
275.40000000000873	6
275.8000000000029	35
275.8000000000029	31
275.8000000000029	55
275.8000000000029	26
275.90000000000873	47
275.90000000000873	31
275.70000000001164	45
279.90000000000873	18
280.0	45
279.70000000001164	32
279.70000000001164	34
279.70000000001164	63
279.8000000000029	12
279.8000000000029	46
279.8000000000029	11
280.0	16
280.1000000000058	26
280.20000000001164	35
280.20000000001164	46
280.3000000000029	54
280.3000000000029	44
280.3000000000029	11
280.3000000000029	4
280.3000000000029	52
280.3000000000029	18
280.3000000000029	4
280.3000000000029	6
280.3000000000029	56
280.40000000000873	24
280.40000000000873	20
280.5	20
280.5	6
280.5	34
280.5	58
280.5	35
281.0	62
281.1000000000058	55
281.1000000000058	26
281.1000000000058	47
281.1000000000058	26
281.1000000000058	31
281.1000000000058	31
280.70000000001164	40
283.20000000001164	46
284.70000000001164	45
284.90000000000873	12
284.90000000000873	63
284.90000000000873	34
284.90000000000873	46
284.90000000000873	57
285.0	16
285.0	34
285.0	35
285.1000000000058	24
285.1000000000058	57
285.20000000001164	4
285.20000000001164	44
285.20000000001164	47
285.20000000001164	11
285.20000000001164	8
285.20000000001164	31
285.20000000001164	26
285.20000000001164	54
285.20000000001164	24
285.3000000000029	35
285.3000000000029	11
285.3000000000029	58
285.3000000000029	46
285.3000000000029	56
285.40000000000873	57
285.40000000000873	4
285.40000000000873	20
285.40000000000873	6
285.40000000000873	18
285.40000000000873	6
285.40000000000873	52
285.40000000000873	20
285.5	35
285.5	34
285.5	62
285.70000000001164	31
285.70000000001164	26
286.3000000000029	40
285.70000000001164	18
285.70000000001164	58
287.8000000000029	46
289.90000000000873	45
290.0	34
290.0	63
290.0	34
290.0	57
290.0	48
290.0	63
290.1000000000058	4
290.1000000000058	46
290.1000000000058	24
290.1000000000058	58
290.1000000000058	11
290.20000000001164	57
290.20000000001164	55
290.20000000001164	54
290.3000000000029	12
290.3000000000029	24
290.3000000000029	6
290.3000000000029	35
290.3000000000029	8
290.3000000000029	11
290.3000000000029	35
290.3000000000029	20
290.3000000000029	11
290.40000000000873	44
290.40000000000873	62
290.40000000000873	4
290.40000000000873	20
290.40000000000873	46
290.40000000000873	56
290.40000000000873	36
290.5	57
290.5	35
290.5	59
290.5	62
290.5	18
290.5	6
290.5	52
290.70000000001164	18
291.1000000000058	26
290.70000000001164	31
290.70000000001164	40
290.8000000000029	58
294.8000000000029	18
294.90000000000873	58
295.0	48
295.1000000000058	45
295.1000000000058	36
295.1000000000058	64
295.1000000000058	24
295.1000000000058	55
295.20000000001164	40
295.20000000001164	6
295.20000000001164	26
295.20000000001164	4
295.20000000001164	57
295.20000000001164	57
295.20000000001164	4
295.20000000001164	34
295.20000000001164	46
295.3000000000029	62
295.3000000000029	20
295.3000000000029	8
295.3000000000029	11
295.3000000000029	8
295.3000000000029	26
295.3000000000029	54
295.3000000000029	63
295.3000000000029	34
295.40000000000873	8
295.40000000000873	11
295.40000000000873	41
295.40000000000873	26
295.40000000000873	11
295.40000000000873	12
295.40000000000873	24
295.40000000000873	35
295.40000000000873	35
295.40000000000873	35
295.40000000000873	20
295.40000000000873	36
295.40000000000873	55
295.40000000000873	46
295.5	17
295.5	52
295.5	18
295.5	18
295.5	6
295.5	56
295.5	4
295.5	62
295.5	57
295.5	44
295.5	8
296.1000000000058	59
296.3000000000029	40
295.70000000001164	17
295.70000000001164	58
295.8000000000029	31
298.1000000000058	41
298.70000000001164	17
299.0	8
298.70000000001164	44
298.70000000001164	59
298.8000000000029	17
299.0	46
299.8000000000029	58
299.90000000000873	45
300.0	44
300.0	56
300.1000000000058	48
300.1000000000058	6
300.1000000000058	17
300.1000000000058	18
300.1000000000058	24
300.1000000000058	62
300.1000000000058	12
300.20000000001164	16
300.20000000001164	32
300.20000000001164	63
300.20000000001164	62
300.20000000001164	57
300.20000000001164	18
300.20000000001164	57
300.20000000001164	48
300.3000000000029	36
300.3000000000029	40
300.3000000000029	4
300.3000000000029	6
300.3000000000029	64
300.3000000000029	24
300.3000000000029	64
300.3000000000029	56
300.40000000000873	11
300.40000000000873	20
300.40000000000873	8
300.40000000000873	8
300.40000000000873	11
300.40000000000873	34
300.40000000000873	20
300.40000000000873	62
300.40000000000873	57
300.40000000000873	46
300.40000000000873	46
300.40000000000873	41
300.5	59
300.5	35
300.5	35
300.5	63
300.5	58
300.5	56
300.5	44
300.5	4
300.5	24
300.90000000000873	36
300.90000000000873	52
301.0	16
301.0	58
301.1000000000058	6
301.1000000000058	18
301.20000000001164	59
301.20000000001164	8
301.20000000001164	43
301.3000000000029	11
301.5	12
301.5	31
301.5	55
301.5	55
301.5	17
301.5	17
300.70000000001164	26
300.70000000001164	26
300.70000000001164	40
303.40000000000873	48
303.40000000000873	26
303.5	26
304.5	34
303.8000000000029	8
303.8000000000029	44
303.8000000000029	17
303.8000000000029	17
304.90000000000873	56
304.90000000000873	35
305.0	52
305.0	11
305.1000000000058	62
305.1000000000058	16
305.1000000000058	44
305.1000000000058	8
305.1000000000058	54
305.20000000001164	24
305.20000000001164	63
305.20000000001164	52
305.20000000001164	32
305.20000000001164	56
305.3000000000029	17
305.3000000000029	48
305.3000000000029	57
305.3000000000029	16
305.3000000000029	59
305.40000000000873	57
305.40000000000873	58
305.40000000000873	44
305.40000000000873	6
305.40000000000873	46
305.40000000000873	11
305.40000000000873	59
305.40000000000873	35
305.40000000000873	43
305.5	43
305.5	64
305.5	46
305.5	8
305.5	4
305.5	4
305.5	18
305.5	58
305.5	62
305.5	20
305.5	56
305.5	63
305.5	26
305.5	58
305.5	8
305.5	45
305.5	21
305.5	16
305.5	35
306.0	12
305.70000000001164	34
305.70000000001164	41
305.70000000001164	11
305.70000000001164	52
305.70000000001164	6
305.70000000001164	36
305.8000000000029	24
305.90000000000873	31
305.90000000000873	17
305.90000000000873	26
305.90000000000873	55
305.90000000000873	40
305.90000000000873	40
308.5	48
309.3000000000029	52
309.40000000000873	21
310.0	35
310.0	52
310.0	16
310.1000000000058	11
310.1000000000058	12
310.1000000000058	52
310.1000000000058	8
310.1000000000058	63
310.1000000000058	55
310.1000000000058	26
310.1000000000058	59
310.20000000001164	46
310.20000000001164	32
310.20000000001164	12
310.20000000001164	54
310.20000000001164	64
310.20000000001164	8
310.20000000001164	24
310.20000000001164	47
310.20000000001164	47
310.3000000000029	48
310.3000000000029	17
310.3000000000029	44
310.3000000000029	62
310.3000000000029	44
310.3000000000029	55
310.3000000000029	47
310.3000000000029	32
310.40000000000873	58
310.40000000000873	58
310.40000000000873	63
310.40000000000873	57
310.40000000000873	56
310.40000000000873	31
310.40000000000873	18
310.40000000000873	57
310.40000000000873	16
310.40000000000873	48
310.5	4
310.5	54
310.5	26
310.5	64
310.5	46
310.5	8
310.5	6
310.5	6
310.5	35
310.5	43
310.5	59
310.5	59
310.5	20
310.5	24
310.5	41
310.5	16
311.5	21
310.70000000001164	58
310.8000000000029	52
311.40000000000873	12
311.40000000000873	35
310.70000000001164	34
310.70000000001164	36
310.70000000001164	11
310.70000000001164	45
310.90000000000873	40
310.90000000000873	17
310.90000000000873	26
310.90000000000873	31
310.90000000000873	40
314.5	52
314.5	6
314.5	21
314.70000000001164	34
314.8000000000029	63
315.0	16
315.0	12
315.0	8
315.0	52
315.1000000000058	59
315.1000000000058	8
315.1000000000058	35
315.1000000000058	17
315.1000000000058	26
315.1000000000058	55
315.1000000000058	47
315.1000000000058	58
315.1000000000058	11
315.1000000000058	46
315.20000000001164	54
315.20000000001164	24
315.20000000001164	21
315.20000000001164	12
315.20000000001164	62
315.20000000001164	47
315.20000000001164	48
315.20000000001164	44
315.3000000000029	8
315.3000000000029	16
315.3000000000029	40
315.3000000000029	32
315.3000000000029	47
315.3000000000029	59
315.3000000000029	26
315.3000000000029	64
315.3000000000029	55
315.3000000000029	62
315.3000000000029	54
315.3000000000029	58
315.3000000000029	6
315.40000000000873	40
315.40000000000873	56
315.5	48
315.5	6
315.5	12
315.5	32
315.5	34
315.5	24
315.5	64
315.5	21
315.5	4
315.5	57
315.5	57
315.5	46
315.5	8
315.5	18
315.5	20
315.5	16
315.5	52
315.5	63
315.5	41
315.5	40
315.5	59
315.5	35
315.5	43
315.8000000000029	36
316.3000000000029	35
316.3000000000029	35
316.40000000000873	45
316.40000000000873	31
316.40000000000873	17
316.40000000000873	26
316.40000000000873	11
316.40000000000873	62
316.40000000000873	58
320.20000000001164	21
320.5	26
320.0	59
320.1000000000058	12
320.1000000000058	34
320.1000000000058	46
320.1000000000058	8
320.1000000000058	58
320.1000000000058	40
320.1000000000058	54
320.1000000000058	52
320.1000000000058	8
320.1000000000058	17
320.20000000001164	24
320.20000000001164	63
320.20000000001164	47
320.20000000001164	16
320.20000000001164	55
320.20000000001164	11
320.20000000001164	54
320.20000000001164	40
320.3000000000029	59
320.3000000000029	47
320.3000000000029	47
320.3000000000029	57
320.3000000000029	21
320.3000000000029	12
320.3000000000029	64
320.3000000000029	55
320.5	31
320.5	43
320.5	59
320.5	54
320.5	35
320.5	4
320.5	16
320.5	58
320.5	58
320.5	34
320.5	34
320.5	45
320.5	18
320.8000000000029	64
320.8000000000029	63
320.90000000000873	40
321.5	17
320.70000000001164	17
320.70000000001164	26
320.70000000001164	46
320.8000000000029	44
320.8000000000029	8
320.8000000000029	62
320.8000000000029	62
320.8000000000029	62
320.8000000000029	32
320.8000000000029	32
320.8000000000029	48
320.90000000000873	21
320.90000000000873	56
320.90000000000873	56
320.90000000000873	41
320.90000000000873	6
320.90000000000873	24
320.90000000000873	52
321.20000000001164	36
321.20000000001164	20
321.20000000001164	8
321.20000000001164	11
320.70000000001164	12
321.0	55
321.1000000000058	35
324.5	18
324.70000000001164	21
324.90000000000873	26
325.0	54
325.0	40
325.1000000000058	12
325.1000000000058	62
325.20000000001164	63
325.20000000001164	40
325.20000000001164	46
325.20000000001164	59
325.20000000001164	58
325.20000000001164	20
325.20000000001164	45
325.20000000001164	47
325.20000000001164	55
325.3000000000029	52
325.3000000000029	47
325.3000000000029	11
325.3000000000029	54
325.3000000000029	48
325.3000000000029	16
325.3000000000029	55
325.3000000000029	34
325.3000000000029	64
325.3000000000029	4
325.40000000000873	12
325.40000000000873	17
325.40000000000873	62
325.40000000000873	31
325.40000000000873	34
325.40000000000873	64
325.40000000000873	40
325.40000000000873	54
325.40000000000873	26
325.40000000000873	47
325.40000000000873	44
325.40000000000873	16
325.40000000000873	24
325.40000000000873	62
325.5	57
325.5	21
325.5	21
325.5	56
325.5	56
325.5	46
325.5	58
325.5	18
325.5	6
325.5	32
325.5	63
325.5	52
325.70000000001164	35
326.3000000000029	12
326.3000000000029	20
326.3000000000029	41
326.40000000000873	8
325.70000000001164	59
325.70000000001164	35
325.70000000001164	43
325.70000000001164	36
325.70000000001164	32
326.0	55
328.40000000000873	34
329.8000000000029	18
329.90000000000873	12
330.0	62
330.0	21
330.0	54
330.0	40
330.0	43
330.0	45
330.1000000000058	12
330.1000000000058	40
330.20000000001164	20
330.20000000001164	35
330.3000000000029	11
330.3000000000029	12
330.3000000000029	34
330.3000000000029	21
330.3000000000029	47
330.3000000000029	45
330.3000000000029	20
330.3000000000029	64
330.40000000000873	46
330.40000000000873	48
330.40000000000873	55
330.40000000000873	56
330.40000000000873	47
330.40000000000873	4
330.40000000000873	43
330.40000000000873	64
330.40000000000873	55
330.40000000000873	59
330.40000000000873	52
330.40000000000873	54
330.40000000000873	12
330.5	44
330.5	17
330.5	57
330.5	21
330.5	31
330.5	16
330.5	56
330.5	21
330.5	62
330.5	63
330.5	16
330.8000000000029	58
330.8000000000029	58
330.70000000001164	46
330.70000000001164	26
330.8000000000029	55
330.90000000000873	6
330.90000000000873	32
330.90000000000873	18
330.90000000000873	36
330.90000000000873	40
330.70000000001164	24
330.8000000000029	34
330.8000000000029	41
330.8000000000029	32
330.8000000000029	43
330.8000000000029	35
330.8000000000029	59
330.8000000000029	8
334.90000000000873	21
334.90000000000873	62
335.0	12
335.0	34
335.0	54
335.1000000000058	40
335.3000000000029	40
335.3000000000029	12
335.3000000000029	12
335.3000000000029	34
335.3000000000029	32
335.3000000000029	43
335.3000000000029	35
335.3000000000029	21
335.40000000000873	35
335.40000000000873	35
335.40000000000873	48
335.40000000000873	31
335.40000000000873	31
335.5	31
335.5	8
335.5	32
335.5	64
335.5	64
335.5	46
335.5	46
335.5	20
335.5	12
335.5	52
335.5	55
335.5	55
335.5	63
335.5	63
335.5	54
335.5	57
335.5	58
335.5	4
335.5	41
335.5	36
335.5	21
335.5	59
335.5	26
335.5	11
335.5	45
335.5	44
335.5	58
335.5	16
335.5	44
335.5	56
336.0	56
336.3000000000029	21
335.90000000000873	17
335.70000000001164	40
336.0	6
336.0	18
336.20000000001164	47
336.20000000001164	47
336.3000000000029	62
336.40000000000873	16
335.70000000001164	35
335.70000000001164	32
335.70000000001164	43
335.70000000001164	43
335.8000000000029	59
335.8000000000029	34
335.8000000000029	24
336.90000000000873	35
336.90000000000873	35
338.20000000001164	32
338.20000000001164	43
339.70000000001164	59
339.90000000000873	21
340.0	52
340.0	62
340.0	63
340.0	64
340.1000000000058	57
340.1000000000058	34
340.1000000000058	34
340.1000000000058	48
340.20000000001164	54
340.20000000001164	64
340.3000000000029	32
340.3000000000029	45
340.3000000000029	12
340.3000000000029	59
340.3000000000029	12
340.3000000000029	34
340.40000000000873	56
340.40000000000873	41
340.40000000000873	54
340.40000000000873	21
340.40000000000873	36
340.40000000000873	8
340.40000000000873	43
340.40000000000873	21
340.40000000000873	12
340.40000000000873	32
340.40000000000873	58
340.40000000000873	52
340.5	57
340.5	6
340.5	32
340.5	46
340.5	35
340.8000000000029	24
340.8000000000029	64
340.90000000000873	54
340.90000000000873	63
341.1000000000058	31
341.1000000000058	17
341.1000000000058	55
341.1000000000058	26
341.1000000000058	40
341.1000000000058	31
341.1000000000058	31
341.1000000000058	26
341.1000000000058	55
341.1000000000058	40
341.1000000000058	45
341.1000000000058	11
341.1000000000058	4
341.20000000001164	40
341.3000000000029	44
341.3000000000029	44
341.3000000000029	35
341.3000000000029	20
341.5	16
340.70000000001164	62
340.70000000001164	47
340.70000000001164	47
340.70000000001164	47
340.70000000001164	18
340.70000000001164	47
340.8000000000029	59
340.8000000000029	35
340.90000000000873	34
341.70000000001164	35
343.20000000001164	35
343.20000000001164	35
343.3000000000029	32
344.1000000000058	35
344.1000000000058	35
344.3000000000029	64
345.5	45
344.70000000001164	59
344.90000000000873	21
345.0	35
345.0	35
345.0	55
345.1000000000058	63
345.1000000000058	12
345.1000000000058	40
345.1000000000058	62
345.1000000000058	20
345.20000000001164	48
345.20000000001164	12
345.20000000001164	64
345.20000000001164	64
345.20000000001164	8
345.3000000000029	34
345.3000000000029	48
345.3000000000029	32
345.3000000000029	12
345.3000000000029	43
345.3000000000029	56
345.40000000000873	41
345.40000000000873	32
345.40000000000873	62
345.40000000000873	57
345.40000000000873	59
345.40000000000873	24
345.5	36
345.5	35
345.5	44
345.5	32
345.5	21
345.5	45
345.5	46
345.5	58
345.5	44
346.5	20
346.5	11
346.5	8
346.5	6
345.70000000001164	45
345.70000000001164	63
345.70000000001164	52
345.70000000001164	12
345.70000000001164	54
345.70000000001164	54
345.70000000001164	16
345.70000000001164	11
345.70000000001164	35
345.70000000001164	17
345.70000000001164	26
345.70000000001164	40
345.70000000001164	47
345.70000000001164	55
345.70000000001164	31
345.70000000001164	40
345.70000000001164	26
345.70000000001164	47
345.70000000001164	64
345.70000000001164	4
345.70000000001164	55
345.70000000001164	62
345.70000000001164	59
345.8000000000029	18
345.8000000000029	47
345.90000000000873	35
346.0	34
346.5	35
348.70000000001164	35
349.90000000000873	64
349.90000000000873	35
349.90000000000873	31
349.90000000000873	59
350.0	45
350.0	56
350.1000000000058	21
350.90000000000873	21
350.90000000000873	20
350.90000000000873	20
351.0	48
351.0	6
351.0	58
351.0	46
351.1000000000058	56
351.1000000000058	62
351.1000000000058	62
351.1000000000058	62
351.1000000000058	41
351.1000000000058	26
351.1000000000058	55
351.1000000000058	31
351.1000000000058	35
351.1000000000058	8
351.1000000000058	16
351.20000000001164	11
351.20000000001164	45
351.20000000001164	54
351.20000000001164	54
351.3000000000029	21
351.3000000000029	43
351.3000000000029	43
351.3000000000029	32
351.3000000000029	32
351.3000000000029	52
351.3000000000029	36
351.3000000000029	17
351.3000000000029	8
351.3000000000029	63
351.40000000000873	44
351.40000000000873	44
351.40000000000873	57
351.40000000000873	4
351.40000000000873	4
351.5	40
351.5	40
351.5	40
351.5	35
351.5	12
351.5	34
351.5	64
351.5	64
350.70000000001164	63
350.70000000001164	45
350.70000000001164	34
350.70000000001164	24
351.5	35
351.5	59
351.8000000000029	35
352.3000000000029	35
352.3000000000029	11
351.70000000001164	62
351.70000000001164	55
351.70000000001164	47
351.8000000000029	18
354.1000000000058	35
354.3000000000029	45
354.5	31
354.5	64
354.8000000000029	59
355.1000000000058	35
355.1000000000058	40
355.20000000001164	52
355.3000000000029	63
355.3000000000029	56
355.3000000000029	64
355.3000000000029	57
355.3000000000029	43
355.3000000000029	44
355.3000000000029	32
355.3000000000029	32
355.40000000000873	35
355.5	54
355.5	21
355.5	4
355.5	4
355.5	48
355.5	43
355.5	54
355.5	57
355.5	16
355.70000000001164	32
355.8000000000029	35
356.5	34
355.70000000001164	41
355.70000000001164	46
355.70000000001164	64
355.70000000001164	58
355.70000000001164	24
355.70000000001164	6
355.70000000001164	18
355.70000000001164	55
355.70000000001164	40
355.70000000001164	26
355.70000000001164	62
355.70000000001164	31
355.70000000001164	55
355.70000000001164	8
355.70000000001164	31
355.70000000001164	35
355.70000000001164	36
355.70000000001164	52
355.70000000001164	45
355.70000000001164	45
355.70000000001164	21
355.70000000001164	44
355.70000000001164	47
355.8000000000029	20
355.8000000000029	12
355.8000000000029	17
355.8000000000029	59
355.8000000000029	35
355.8000000000029	63
355.8000000000029	35
355.8000000000029	11
359.1000000000058	45
359.70000000001164	35
360.1000000000058	16
360.20000000001164	48
360.20000000001164	32
360.3000000000029	64
360.3000000000029	21
360.3000000000029	44
360.3000000000029	4
360.40000000000873	36
360.40000000000873	48
360.40000000000873	64
360.40000000000873	56
360.5	35
360.5	57
360.5	48
360.5	45
360.8000000000029	16
360.8000000000029	34
360.70000000001164	35
360.70000000001164	35
360.8000000000029	59
361.0	54
361.1000000000058	35
361.3000000000029	21
361.40000000000873	62
361.5	57
361.5	18
361.5	4
361.5	32
361.5	44
360.70000000001164	6
360.70000000001164	32
360.70000000001164	58
360.70000000001164	35
360.70000000001164	46
360.70000000001164	45
360.70000000001164	64
360.70000000001164	63
360.70000000001164	12
360.70000000001164	52
360.70000000001164	8
360.8000000000029	35
360.8000000000029	20
360.8000000000029	11
360.8000000000029	36
360.90000000000873	24
360.90000000000873	41
360.90000000000873	43
361.1000000000058	47
361.1000000000058	17
361.1000000000058	26
361.1000000000058	55
361.20000000001164	31
361.20000000001164	31
361.20000000001164	40
364.90000000000873	36
365.0	16
365.1000000000058	48
365.20000000001164	35
365.5	35
365.5	18
365.5	55
365.5	8
365.5	48
365.5	48
365.5	47
365.5	4
365.8000000000029	59
365.90000000000873	64
365.70000000001164	41
366.0	35
366.0	24
366.20000000001164	36
366.20000000001164	36
366.20000000001164	63
366.20000000001164	62
366.20000000001164	16
366.20000000001164	44
366.3000000000029	45
366.3000000000029	35
366.40000000000873	6
366.40000000000873	56
366.5	21
365.70000000001164	34
365.70000000001164	54
365.70000000001164	11
365.70000000001164	8
365.70000000001164	45
365.70000000001164	58
365.70000000001164	46
365.70000000001164	32
365.70000000001164	52
365.70000000001164	36
365.70000000001164	12
365.8000000000029	4
365.8000000000029	57
365.8000000000029	64
365.8000000000029	35
365.90000000000873	20
365.90000000000873	41
365.90000000000873	43
365.90000000000873	35
366.0	26
366.0	17
366.0	40
366.0	55
366.0	31
366.0	31
366.1000000000058	35
369.90000000000873	36
370.0	16
370.1000000000058	63
370.3000000000029	47
370.3000000000029	8
370.3000000000029	36
370.3000000000029	64
370.40000000000873	48
370.40000000000873	59
370.5	35
370.5	31
370.5	47
370.5	52
370.90000000000873	24
371.40000000000873	41
371.5	44
370.70000000001164	46
370.70000000001164	62
370.70000000001164	45
370.70000000001164	35
370.70000000001164	63
370.70000000001164	16
370.70000000001164	11
370.70000000001164	8
370.70000000001164	35
370.70000000001164	21
370.8000000000029	34
370.8000000000029	54
370.8000000000029	58
370.8000000000029	20
370.8000000000029	57
370.8000000000029	35
370.8000000000029	56
370.8000000000029	32
370.8000000000029	6
370.8000000000029	18
370.8000000000029	4
370.90000000000873	64
371.0	52
371.0	35
371.0	48
371.0	35
371.0	43
371.0	41
371.0	26
371.0	17
371.0	31
371.0	36
371.0	55
371.1000000000058	40
371.1000000000058	12
371.1000000000058	35
374.70000000001164	45
375.0	45
375.0	63
375.1000000000058	63
375.1000000000058	20
375.20000000001164	16
375.20000000001164	64
375.20000000001164	47
375.3000000000029	36
375.3000000000029	48
375.40000000000873	59
375.5	52
376.3000000000029	17
376.40000000000873	47
375.70000000001164	24
375.70000000001164	46
375.70000000001164	58
375.8000000000029	35
375.8000000000029	41
375.8000000000029	57
375.8000000000029	64
375.8000000000029	62
375.8000000000029	11
375.8000000000029	8
375.8000000000029	20
375.8000000000029	16
375.8000000000029	45
375.8000000000029	35
375.8000000000029	44
375.8000000000029	4
375.8000000000029	54
375.8000000000029	63
375.8000000000029	35
375.8000000000029	21
375.8000000000029	6
375.90000000000873	35
375.90000000000873	32
375.90000000000873	18
375.90000000000873	35
376.0	48
376.0	41
376.0	34
376.0	12
376.0	52
376.0	56
376.1000000000058	36
376.1000000000058	43
376.1000000000058	35
376.20000000001164	35
376.20000000001164	40
376.20000000001164	26
376.20000000001164	55
376.20000000001164	31
377.5	45
378.40000000000873	41
379.90000000000873	41
380.0	21
380.1000000000058	55
380.1000000000058	45
380.3000000000029	36
380.3000000000029	48
380.3000000000029	31
380.3000000000029	58
380.40000000000873	43
380.5	59
381.20000000001164	52
380.70000000001164	17
380.70000000001164	41
380.70000000001164	35
380.8000000000029	35
380.8000000000029	64
380.8000000000029	46
380.8000000000029	57
380.8000000000029	4
380.8000000000029	58
380.8000000000029	44
380.8000000000029	16
380.90000000000873	11
380.90000000000873	20
380.90000000000873	35
380.90000000000873	48
380.90000000000873	21
380.90000000000873	62
380.90000000000873	54
380.90000000000873	45
380.90000000000873	24
381.0	6
381.0	32
381.0	63
381.0	18
381.0	41
381.0	34
381.0	8
381.0	35
381.0	35
381.0	56
381.0	36
381.0	52
381.1000000000058	12
381.1000000000058	31
381.1000000000058	40
381.1000000000058	26
381.1000000000058	47
381.1000000000058	55
381.1000000000058	43
381.1000000000058	35
381.20000000001164	35
382.70000000001164	45
383.5	41
384.20000000001164	36
384.90000000000873	32
385.0	41
385.1000000000058	36
385.1000000000058	21
385.20000000001164	47
385.20000000001164	34
385.20000000001164	57
385.20000000001164	17
385.3000000000029	31
385.3000000000029	57
385.40000000000873	48
385.5	64
385.5	36
385.5	31
386.40000000000873	41
386.1000000000058	59
385.8000000000029	35
385.8000000000029	35
385.8000000000029	48
385.8000000000029	64
385.8000000000029	43
385.90000000000873	4
385.90000000000873	58
385.90000000000873	46
385.90000000000873	21
385.90000000000873	35
385.90000000000873	57
385.90000000000873	16
385.90000000000873	32
385.90000000000873	6
385.90000000000873	35
386.0	18
386.0	45
386.0	44
386.0	54
386.0	56
386.0	62
386.0	20
386.0	11
386.0	35
386.0	63
386.0	12
386.1000000000058	36
386.1000000000058	52
386.1000000000058	8
386.1000000000058	41
386.1000000000058	34
386.1000000000058	24
386.1000000000058	35
386.1000000000058	35
386.3000000000029	26
386.3000000000029	55
386.3000000000029	17
386.3000000000029	47
386.3000000000029	31
386.40000000000873	40
390.0	43
390.0	32
390.1000000000058	41
390.20000000001164	36
390.3000000000029	34
390.3000000000029	17
390.3000000000029	57
390.3000000000029	43
390.3000000000029	41
390.3000000000029	57
390.40000000000873	21
390.5	48
390.5	31
390.5	36
390.5	64
390.8000000000029	43
390.8000000000029	59
390.8000000000029	48
390.8000000000029	35
390.90000000000873	56
390.90000000000873	34
390.90000000000873	35
390.90000000000873	58
390.90000000000873	64
390.90000000000873	35
390.90000000000873	32
390.90000000000873	18
390.90000000000873	6
391.0	35
391.0	35
391.0	46
391.0	16
391.0	45
391.0	4
391.0	35
391.0	21
391.0	57
391.0	44
391.0	62
391.1000000000058	35
391.1000000000058	52
391.1000000000058	54
391.1000000000058	63
391.1000000000058	8
391.1000000000058	11
391.1000000000058	20
391.20000000001164	12
391.20000000001164	36
391.20000000001164	24
391.3000000000029	47
391.3000000000029	26
391.3000000000029	17
391.40000000000873	41
391.40000000000873	31
391.40000000000873	55
391.5	40
394.90000000000873	43
395.1000000000058	56
395.1000000000058	41
395.20000000001164	41
395.3000000000029	43
395.3000000000029	34
395.40000000000873	57
395.40000000000873	17
395.40000000000873	36
395.40000000000873	36
395.5	64
395.5	21
395.5	48
395.8000000000029	35
396.0	48
396.0	34
396.0	36
396.0	56
396.0	35
396.0	59
396.0	58
396.90000000000873	40
396.90000000000873	26
396.90000000000873	17
396.90000000000873	31
396.90000000000873	63
396.90000000000873	18
396.90000000000873	6
396.90000000000873	35
396.90000000000873	24
396.90000000000873	41
396.90000000000873	4
396.90000000000873	52
396.90000000000873	20
396.90000000000873	8
396.90000000000873	11
396.90000000000873	64
396.90000000000873	21
396.90000000000873	57
396.90000000000873	62
396.90000000000873	16
396.90000000000873	45
396.90000000000873	55
396.90000000000873	43
396.90000000000873	54
396.90000000000873	32
396.90000000000873	46
396.90000000000873	35
396.90000000000873	35
396.90000000000873	44
396.90000000000873	47
396.90000000000873	12
396.90000000000873	35
397.0	35
399.8000000000029	35
399.90000000000873	43
400.0	16
400.0	41
400.1000000000058	36
400.20000000001164	43
400.20000000001164	57
400.3000000000029	63
400.40000000000873	41
400.5	21
400.70000000001164	55
400.70000000001164	48
400.90000000000873	32
400.90000000000873	8
400.90000000000873	62
400.90000000000873	31
401.0	54
401.0	56
401.0	12
401.0	35
401.0	36
401.0	48
401.0	35
401.0	44
401.0	58
401.1000000000058	18
401.1000000000058	43
401.1000000000058	35
401.1000000000058	6
401.1000000000058	46
401.1000000000058	59
401.1000000000058	11
401.1000000000058	20
401.1000000000058	35
401.1000000000058	35
401.1000000000058	35
401.1000000000058	63
401.20000000001164	52
401.20000000001164	21
401.20000000001164	16
401.20000000001164	45
401.20000000001164	35
401.20000000001164	57
401.20000000001164	64
401.3000000000029	4
401.3000000000029	34
401.3000000000029	41
401.3000000000029	24
401.5	47
401.5	17
401.5	26
401.70000000001164	40
405.20000000001164	43
405.3000000000029	63
405.40000000000873	21
405.5	32
405.70000000001164	55
405.8000000000029	62
405.90000000000873	48
405.90000000000873	32
406.0	12
406.0	8
406.0	31
406.0	36
406.0	54
406.0	52
406.0	44
406.0	17
406.0	26
406.1000000000058	35
406.1000000000058	24
406.1000000000058	46
406.1000000000058	35
406.1000000000058	35
406.1000000000058	58
406.1000000000058	21
406.1000000000058	48
406.1000000000058	63
406.1000000000058	18
406.1000000000058	11
406.20000000001164	35
406.20000000001164	56
406.20000000001164	64
406.20000000001164	6
406.20000000001164	16
406.20000000001164	35
406.20000000001164	45
406.20000000001164	4
406.20000000001164	57
406.3000000000029	41
406.40000000000873	43
406.40000000000873	35
406.40000000000873	35
406.40000000000873	59
406.40000000000873	20
406.40000000000873	47
406.5	34
406.5	40
410.3000000000029	32
410.40000000000873	63
410.8000000000029	55
410.90000000000873	62
411.0	54
411.0	36
411.0	17
411.70000000001164	12
411.70000000001164	34
411.70000000001164	41
411.70000000001164	64
411.70000000001164	24
411.70000000001164	58
411.70000000001164	43
411.70000000001164	35
411.70000000001164	59
411.8000000000029	20
411.8000000000029	45
411.8000000000029	44
411.8000000000029	16
411.8000000000029	35
411.8000000000029	32
411.8000000000029	35
411.8000000000029	57
411.8000000000029	35
411.8000000000029	31
411.8000000000029	35
411.8000000000029	35
411.8000000000029	52
411.8000000000029	11
411.8000000000029	26
411.8000000000029	63
411.8000000000029	48
411.8000000000029	21
411.8000000000029	56
411.8000000000029	18
411.8000000000029	40
411.8000000000029	4
411.8000000000029	35
412.40000000000873	6
412.5	47
412.5	8
412.5	46
414.90000000000873	36
415.1000000000058	32
416.0	54
416.1000000000058	36
416.1000000000058	55
416.1000000000058	35
416.1000000000058	21
416.1000000000058	62
416.1000000000058	64
416.1000000000058	46
416.1000000000058	4
416.1000000000058	35
416.1000000000058	35
416.1000000000058	52
416.20000000001164	58
416.20000000001164	48
416.20000000001164	63
416.20000000001164	56
416.20000000001164	12
416.20000000001164	31
416.20000000001164	35
416.20000000001164	32
416.20000000001164	6
416.20000000001164	18
416.20000000001164	35
416.20000000001164	16
416.3000000000029	44
416.3000000000029	35
416.3000000000029	57
416.3000000000029	47
416.40000000000873	40
416.40000000000873	26
416.40000000000873	17
416.40000000000873	20
416.40000000000873	8
416.40000000000873	11
416.40000000000873	45
416.40000000000873	43
416.40000000000873	59
416.40000000000873	35
416.40000000000873	24
416.5	41
416.5	34
419.90000000000873	32
420.0	36
420.3000000000029	63
421.1000000000058	4
421.20000000001164	35
421.20000000001164	36
421.20000000001164	54
421.20000000001164	46
421.20000000001164	34
421.20000000001164	35
421.20000000001164	21
421.20000000001164	16
421.20000000001164	35
421.3000000000029	64
421.3000000000029	12
421.3000000000029	63
421.3000000000029	56
421.3000000000029	57
421.40000000000873	8
421.40000000000873	45
421.40000000000873	48
421.40000000000873	52
421.40000000000873	58
421.40000000000873	35
421.40000000000873	35
421.40000000000873	35
421.40000000000873	43
421.40000000000873	35
421.40000000000873	32
421.40000000000873	18
421.40000000000873	62
421.40000000000873	44
421.40000000000873	20
421.40000000000873	11
421.40000000000873	59
421.5	6
421.5	24
421.5	41
421.8000000000029	17
421.70000000001164	55
421.70000000001164	40
421.70000000001164	26
421.70000000001164	31
421.8000000000029	47
425.3000000000029	63
425.40000000000873	43
425.40000000000873	36
426.1000000000058	4
426.20000000001164	35
426.20000000001164	6
426.20000000001164	47
426.3000000000029	34
426.3000000000029	64
426.3000000000029	57
426.3000000000029	35
426.3000000000029	45
426.3000000000029	48
426.3000000000029	44
426.40000000000873	16
426.40000000000873	21
426.40000000000873	56
426.40000000000873	54
426.40000000000873	35
426.40000000000873	36
426.40000000000873	58
426.40000000000873	63
426.40000000000873	12
426.40000000000873	52
426.40000000000873	32
426.40000000000873	18
426.40000000000873	35
426.40000000000873	46
426.40000000000873	35
426.40000000000873	59
426.40000000000873	35
426.40000000000873	43
426.5	62
426.5	11
426.5	8
426.5	35
426.5	20
426.70000000001164	24
426.70000000001164	41
426.70000000001164	31
426.70000000001164	55
426.70000000001164	26
426.70000000001164	17
426.70000000001164	40
430.0	12
430.3000000000029	63
430.40000000000873	36
431.20000000001164	4
431.20000000001164	57
431.20000000001164	6
431.3000000000029	35
431.3000000000029	47
431.3000000000029	8
431.40000000000873	43
431.40000000000873	40
431.40000000000873	44
431.40000000000873	35
431.40000000000873	45
431.5	35
431.5	59
431.5	11
431.5	63
431.5	35
431.5	52
431.5	48
431.5	64
431.5	58
431.5	35
431.5	12
431.5	56
431.5	36
431.5	32
431.5	62
432.5	18
432.1000000000058	20
431.70000000001164	35
431.70000000001164	21
431.70000000001164	54
431.8000000000029	46
431.8000000000029	41
431.8000000000029	34
431.8000000000029	24
432.20000000001164	16
431.70000000001164	35
431.90000000000873	55
431.90000000000873	17
431.90000000000873	26
431.90000000000873	31
435.0	12
435.20000000001164	63
435.40000000000873	36
436.3000000000029	6
436.3000000000029	57
436.40000000000873	4
436.40000000000873	40
436.40000000000873	55
436.5	35
436.5	20
436.5	8
436.5	43
436.8000000000029	35
436.8000000000029	64
436.90000000000873	58
436.90000000000873	48
437.1000000000058	11
437.1000000000058	45
437.1000000000058	35
437.20000000001164	35
437.20000000001164	59
437.3000000000029	35
437.3000000000029	16
437.3000000000029	35
436.70000000001164	36
436.70000000001164	21
436.70000000001164	62
436.70000000001164	12
436.70000000001164	24
436.70000000001164	41
436.70000000001164	34
436.70000000001164	54
436.70000000001164	44
436.70000000001164	56
436.70000000001164	63
436.70000000001164	32
436.70000000001164	18
436.70000000001164	46
436.70000000001164	35
436.8000000000029	52
436.90000000000873	26
436.90000000000873	31
436.90000000000873	17
437.0	47
440.0	12
440.5	36
441.5	57
441.5	40
441.8000000000029	55
441.90000000000873	6
441.70000000001164	16
441.70000000001164	44
441.70000000001164	4
441.70000000001164	62
441.70000000001164	21
441.70000000001164	12
441.70000000001164	45
441.70000000001164	35
441.70000000001164	35
441.70000000001164	35
441.70000000001164	58
441.70000000001164	48
441.70000000001164	59
441.70000000001164	64
441.70000000001164	35
441.70000000001164	52
441.70000000001164	35
441.70000000001164	46
441.8000000000029	32
441.8000000000029	18
441.8000000000029	34
441.8000000000029	41
441.8000000000029	24
441.8000000000029	20
441.8000000000029	8
441.8000000000029	11
441.8000000000029	43
441.8000000000029	35
441.8000000000029	36
441.8000000000029	56
441.8000000000029	63
441.8000000000029	54
441.8000000000029	35
442.0	47
442.0	26
442.0	17
442.0	31
445.0	12
446.8000000000029	12
446.8000000000029	21
446.8000000000029	57
446.8000000000029	62
446.8000000000029	16
446.8000000000029	45
446.8000000000029	52
446.8000000000029	59
446.8000000000029	64
446.8000000000029	46
446.8000000000029	48
446.8000000000029	32
446.8000000000029	18
446.8000000000029	6
446.8000000000029	35
446.8000000000029	58
446.8000000000029	4
446.90000000000873	35
446.90000000000873	44
446.90000000000873	43
446.90000000000873	35
446.90000000000873	35
446.90000000000873	35
446.90000000000873	36
446.90000000000873	63
446.90000000000873	56
446.90000000000873	54
447.0	8
447.0	20
447.0	11
447.0	47
447.0	17
447.0	26
447.0	55
447.0	35
447.1000000000058	24
447.1000000000058	41
447.1000000000058	34
447.1000000000058	35
447.1000000000058	31
447.1000000000058	40
450.1000000000058	54
451.90000000000873	35
451.90000000000873	62
451.90000000000873	21
451.90000000000873	16
451.90000000000873	45
451.90000000000873	54
451.90000000000873	63
452.0	59
452.0	46
452.0	48
452.0	64
452.0	56
452.0	58
452.0	35
452.0	43
452.0	12
452.0	57
452.0	35
452.0	44
452.1000000000058	35
452.1000000000058	35
452.1000000000058	8
452.1000000000058	35
452.1000000000058	11
452.1000000000058	6
452.1000000000058	32
452.1000000000058	18
452.1000000000058	4
452.1000000000058	35
452.1000000000058	52
452.1000000000058	36
452.1000000000058	20
452.20000000001164	34
452.20000000001164	41
452.20000000001164	24
452.40000000000873	40
452.40000000000873	17
452.40000000000873	55
452.40000000000873	47
452.40000000000873	26
452.40000000000873	31
455.1000000000058	54
457.0	54
457.0	63
457.0	36
457.0	52
457.0	35
457.1000000000058	46
457.1000000000058	48
457.1000000000058	64
457.1000000000058	35
457.1000000000058	35
457.1000000000058	56
457.1000000000058	59
457.1000000000058	12
457.1000000000058	35
457.1000000000058	58
457.1000000000058	32
457.1000000000058	18
457.20000000001164	43
457.20000000001164	35
457.20000000001164	62
457.20000000001164	35
457.20000000001164	21
457.20000000001164	45
457.20000000001164	16
457.20000000001164	44
457.20000000001164	4
457.20000000001164	57
457.20000000001164	6
457.20000000001164	24
457.20000000001164	34
457.20000000001164	41
457.3000000000029	31
457.3000000000029	55
457.3000000000029	26
457.3000000000029	17
457.3000000000029	47
457.3000000000029	8
457.3000000000029	11
457.3000000000029	35
457.3000000000029	40
457.3000000000029	20
462.1000000000058	35
462.20000000001164	63
462.3000000000029	54
462.3000000000029	16
462.3000000000029	35
462.3000000000029	46
462.3000000000029	48
462.3000000000029	21
462.3000000000029	52
462.3000000000029	36
462.3000000000029	34
462.3000000000029	24
462.3000000000029	58
462.3000000000029	4
462.3000000000029	41
462.3000000000029	35
462.3000000000029	62
462.3000000000029	64
462.3000000000029	45
462.3000000000029	44
462.3000000000029	35
462.3000000000029	57
462.40000000000873	56
462.40000000000873	32
462.40000000000873	18
462.40000000000873	6
462.40000000000873	12
462.40000000000873	43
462.40000000000873	35
462.40000000000873	59
462.40000000000873	35
462.5	40
462.5	55
462.5	26
462.5	17
462.5	47
462.5	31
463.3000000000029	8
463.3000000000029	11
463.3000000000029	35
462.70000000001164	20
467.20000000001164	35
467.3000000000029	35
467.3000000000029	46
467.40000000000873	36
467.40000000000873	63
467.40000000000873	54
467.40000000000873	35
467.40000000000873	35
467.40000000000873	52
467.40000000000873	32
467.40000000000873	6
467.40000000000873	48
467.40000000000873	34
467.40000000000873	58
467.40000000000873	56
467.40000000000873	24
467.40000000000873	64
467.40000000000873	4
467.40000000000873	41
467.5	21
467.5	18
467.5	44
468.0	62
468.40000000000873	35
468.40000000000873	35
468.40000000000873	43
468.40000000000873	59
468.0	45
468.0	16
468.0	12
468.0	35
468.0	8
468.1000000000058	11
468.1000000000058	57
467.70000000001164	20
467.90000000000873	31
467.90000000000873	26
467.90000000000873	55
467.90000000000873	17
467.90000000000873	47
467.90000000000873	40
469.40000000000873	57
472.40000000000873	20
472.40000000000873	35
472.5	35
472.5	44
472.5	35
472.70000000001164	46
472.70000000001164	58
472.70000000001164	4
472.90000000000873	35
473.0	63
473.0	56
473.1000000000058	57
473.1000000000058	45
473.1000000000058	48
473.20000000001164	62
473.20000000001164	52
473.3000000000029	21
473.3000000000029	16
473.3000000000029	54
473.40000000000873	64
473.5	18
473.5	32
473.5	6
473.5	36
473.5	12
472.70000000001164	34
472.70000000001164	41
472.70000000001164	24
472.8000000000029	47
472.8000000000029	55
472.8000000000029	17
472.8000000000029	26
472.8000000000029	31
472.8000000000029	8
472.8000000000029	11
472.8000000000029	35
472.8000000000029	40
472.8000000000029	35
472.8000000000029	43
472.8000000000029	59
472.8000000000029	35
474.70000000001164	57
477.70000000001164	8
477.70000000001164	20
477.70000000001164	35
477.8000000000029	12
477.8000000000029	35
477.8000000000029	46
477.8000000000029	58
477.8000000000029	41
477.8000000000029	34
477.8000000000029	24
477.8000000000029	32
477.90000000000873	52
477.90000000000873	64
477.90000000000873	35
477.90000000000873	59
477.90000000000873	35
477.90000000000873	43
477.90000000000873	11
477.90000000000873	4
477.90000000000873	62
477.90000000000873	35
477.90000000000873	35
477.90000000000873	16
477.90000000000873	21
477.90000000000873	6
477.90000000000873	36
477.90000000000873	56
477.90000000000873	63
477.90000000000873	44
477.90000000000873	35
477.90000000000873	48
477.90000000000873	54
477.90000000000873	57
478.0	45
478.0	18
478.1000000000058	31
478.20000000001164	40
478.20000000001164	55
478.20000000001164	17
478.20000000001164	26
478.3000000000029	47
479.8000000000029	57
482.90000000000873	57
482.90000000000873	16
482.90000000000873	21
482.90000000000873	35
483.0	56
483.0	54
483.0	64
483.0	58
483.0	63
483.0	12
483.0	35
483.0	52
483.0	32
483.0	18
483.0	48
483.0	35
483.0	11
483.1000000000058	20
483.20000000001164	41
483.20000000001164	34
483.20000000001164	43
483.20000000001164	59
483.20000000001164	35
483.3000000000029	55
483.40000000000873	26
483.40000000000873	31
488.0	35
488.1000000000058	57
488.1000000000058	56
488.1000000000058	43
488.1000000000058	63
488.1000000000058	35
488.1000000000058	64
488.1000000000058	58
488.1000000000058	35
488.20000000001164	35
488.20000000001164	35
488.20000000001164	36
488.20000000001164	20
488.20000000001164	48
488.20000000001164	18
488.8000000000029	34
488.90000000000873	31
488.90000000000873	26
493.3000000000029	63
493.3000000000029	36
493.40000000000873	35
493.5	35
493.5	26
503.70000000001164	45
503.70000000001164	36
508.8000000000029	55
523.0	47
533.3000000000029	31
