0.0	5
1.8999999999941792	5
3.599999999998545	5
3.8999999999941792	14
5.299999999995634	5
5.899999999994179	14
7.099999999998545	5
7.899999999994179	14
8.599999999998545	32
8.799999999995634	5
9.89999999999418	14
10.599999999998545	5
10.69999999999709	63
10.799999999995634	3
10.799999999995634	32
11.69999999999709	15
11.799999999995634	1
12.0	14
12.299999999995634	19
12.599999999998545	32
13.099999999998545	5
12.299999999995634	70
12.299999999995634	2
12.39999999999418	20
12.39999999999418	3
12.599999999998545	63
12.89999999999418	56
13.0	33
13.599999999998545	15
13.799999999995634	19
13.89999999999418	14
13.89999999999418	1
13.89999999999418	30
14.0	5
14.099999999998545	70
14.099999999998545	32
14.799999999995634	66
14.299999999995634	20
14.39999999999418	3
14.5	63
14.5	2
14.69999999999709	58
14.89999999999418	57
15.0	26
15.0	33
15.0	56
15.39999999999418	15
15.5	41
15.69999999999709	70
15.69999999999709	5
15.69999999999709	51
15.69999999999709	19
16.0	14
16.0	66
16.0	1
16.0	32
16.099999999998545	30
16.89999999999418	63
16.39999999999418	20
16.39999999999418	3
16.599999999998545	58
16.69999999999709	56
16.799999999995634	57
16.799999999995634	2
16.89999999999418	13
16.89999999999418	64
17.5	19
17.5	31
17.5	33
17.5	26
17.5	6
17.5	5
17.5	15
18.39999999999418	32
18.39999999999418	3
18.39999999999418	63
18.39999999999418	30
18.39999999999418	51
18.39999999999418	20
18.39999999999418	41
18.39999999999418	29
18.39999999999418	66
18.39999999999418	27
18.39999999999418	1
18.39999999999418	14
18.5	57
18.5	70
18.599999999998545	56
18.599999999998545	58
18.799999999995634	64
18.89999999999418	2
18.89999999999418	33
19.0	15
19.0	13
19.0	26
19.0	6
19.299999999995634	70
19.299999999995634	10
19.299999999995634	41
19.39999999999418	5
19.39999999999418	19
20.0	66
20.0	63
20.0	31
20.0	32
20.0	14
20.099999999998545	39
20.099999999998545	29
20.099999999998545	51
20.69999999999709	38
20.39999999999418	20
20.69999999999709	57
20.299999999995634	3
20.299999999995634	1
20.39999999999418	61
20.5	56
20.5	30
20.5	58
20.69999999999709	64
20.69999999999709	8
20.69999999999709	23
20.69999999999709	27
20.69999999999709	70
20.89999999999418	19
20.89999999999418	5
20.89999999999418	68
20.89999999999418	10
21.0	26
21.0	33
21.0	15
21.099999999998545	6
21.099999999998545	2
21.39999999999418	13
21.299999999995634	41
21.39999999999418	53
21.799999999995634	18
21.799999999995634	31
21.799999999995634	66
21.799999999995634	69
21.89999999999418	32
21.89999999999418	14
21.89999999999418	63
21.89999999999418	39
22.0	47
22.0	57
22.099999999998545	20
22.5	56
22.299999999995634	3
22.299999999995634	1
22.299999999995634	29
22.299999999995634	37
22.39999999999418	38
22.39999999999418	46
22.39999999999418	70
22.5	58
22.5	51
22.599999999998545	64
22.599999999998545	30
22.599999999998545	5
22.599999999998545	61
22.69999999999709	19
22.799999999995634	27
22.799999999995634	15
22.799999999995634	68
22.89999999999418	10
22.89999999999418	23
23.0	33
23.0	8
23.0	26
23.099999999998545	6
23.69999999999709	53
23.39999999999418	18
23.69999999999709	22
23.69999999999709	41
23.799999999995634	42
23.299999999995634	2
23.299999999995634	66
23.39999999999418	13
23.5	63
23.69999999999709	69
23.69999999999709	57
23.799999999995634	39
23.799999999995634	32
23.89999999999418	31
23.89999999999418	14
23.89999999999418	20
24.099999999998545	47
24.099999999998545	37
24.69999999999709	70
24.299999999995634	29
24.299999999995634	56
24.299999999995634	43
24.39999999999418	3
24.39999999999418	5
24.39999999999418	1
24.39999999999418	58
24.39999999999418	64
24.39999999999418	51
24.5	19
24.599999999998545	46
24.599999999998545	10
24.69999999999709	38
24.799999999995634	15
24.799999999995634	30
24.799999999995634	27
24.799999999995634	24
24.799999999995634	26
24.89999999999418	53
24.89999999999418	61
24.89999999999418	23
25.0	11
25.0	68
25.0	33
25.0	42
25.0	18
25.099999999998545	8
25.099999999998545	41
25.299999999995634	66
25.5	6
25.299999999995634	63
25.299999999995634	22
25.39999999999418	16
25.39999999999418	54
25.5	2
25.5	57
25.599999999998545	13
25.69999999999709	39
25.69999999999709	69
25.89999999999418	70
25.89999999999418	14
26.0	32
26.0	37
26.099999999998545	20
26.099999999998545	5
26.099999999998545	43
26.099999999998545	31
27.0	56
27.099999999998545	3
27.099999999998545	47
26.299999999995634	19
26.39999999999418	29
26.39999999999418	64
26.39999999999418	67
26.5	10
26.5	1
26.599999999998545	15
26.599999999998545	24
26.69999999999709	51
26.69999999999709	58
26.799999999995634	53
26.799999999995634	38
26.799999999995634	26
26.89999999999418	75
26.89999999999418	33
26.89999999999418	42
26.89999999999418	46
26.89999999999418	23
27.0	18
27.0	7
27.0	61
27.0	11
27.0	27
27.099999999998545	30
27.099999999998545	48
27.099999999998545	17
27.099999999998545	41
27.099999999998545	63
27.099999999998545	8
27.099999999998545	54
27.69999999999709	68
27.69999999999709	66
28.0	57
27.299999999995634	6
27.39999999999418	12
27.5	69
27.5	39
27.599999999998545	16
27.599999999998545	70
27.599999999998545	22
27.599999999998545	32
27.599999999998545	2
27.69999999999709	13
27.89999999999418	14
27.89999999999418	37
28.0	19
28.0	5
28.0	43
28.0	20
28.099999999998545	3
28.39999999999418	64
28.299999999995634	56
28.299999999995634	47
28.299999999995634	10
28.39999999999418	31
28.39999999999418	42
28.39999999999418	15
28.39999999999418	67
28.5	24
28.5	53
28.5	58
28.5	29
28.599999999998545	1
28.69999999999709	26
28.799999999995634	66
28.799999999995634	51
28.799999999995634	54
28.89999999999418	75
28.89999999999418	38
28.89999999999418	63
28.89999999999418	11
28.89999999999418	33
29.0	57
29.099999999998545	17
29.099999999998545	41
29.099999999998545	18
29.099999999998545	35
29.099999999998545	48
29.099999999998545	30
29.099999999998545	23
29.799999999995634	46
29.89999999999418	61
30.099999999998545	27
29.299999999995634	8
29.299999999995634	70
29.299999999995634	68
29.299999999995634	7
29.39999999999418	6
29.39999999999418	69
29.39999999999418	39
29.599999999998545	12
29.599999999998545	5
29.69999999999709	32
29.69999999999709	19
29.799999999995634	2
29.89999999999418	37
29.89999999999418	16
29.89999999999418	14
29.89999999999418	13
29.89999999999418	43
30.0	56
30.0	20
30.299999999995634	22
30.39999999999418	64
30.5	10
30.299999999995634	73
30.299999999995634	15
30.299999999995634	53
30.299999999995634	3
30.299999999995634	42
30.299999999995634	24
30.5	47
30.5	58
30.5	29
30.599999999998545	67
30.599999999998545	54
30.599999999998545	72
30.599999999998545	66
30.599999999998545	26
30.69999999999709	31
30.799999999995634	75
30.799999999995634	63
30.89999999999418	1
30.89999999999418	11
30.89999999999418	41
31.0	33
31.0	70
31.0	51
31.0	18
31.099999999998545	38
31.099999999998545	23
31.099999999998545	57
31.39999999999418	17
31.39999999999418	35
31.299999999995634	5
31.299999999995634	48
31.299999999995634	69
31.299999999995634	39
31.39999999999418	46
31.39999999999418	27
31.39999999999418	8
31.39999999999418	6
31.39999999999418	30
31.39999999999418	68
31.5	61
31.5	32
31.599999999998545	7
31.599999999998545	19
31.69999999999709	12
31.799999999995634	37
31.799999999995634	14
31.799999999995634	42
31.89999999999418	43
31.89999999999418	56
32.0	20
32.0	64
32.099999999998545	10
32.099999999998545	2
32.099999999998545	16
32.099999999998545	13
32.099999999998545	73
32.89999999999418	53
33.099999999998545	24
32.299999999995634	22
32.299999999995634	3
32.299999999995634	54
32.299999999995634	15
32.39999999999418	58
32.599999999998545	63
32.599999999998545	47
32.599999999998545	66
32.599999999998545	29
32.69999999999709	70
32.69999999999709	57
32.69999999999709	26
32.69999999999709	67
32.799999999995634	11
32.799999999995634	75
32.799999999995634	31
32.89999999999418	33
32.89999999999418	41
32.89999999999418	18
32.89999999999418	1
32.89999999999418	72
33.0	5
33.099999999998545	39
33.099999999998545	69
33.799999999995634	51
34.0	23
33.299999999995634	19
33.299999999995634	17
33.299999999995634	48
33.299999999995634	35
33.299999999995634	32
33.299999999995634	38
33.39999999999418	6
33.39999999999418	4
33.39999999999418	59
33.5	8
33.599999999998545	30
33.599999999998545	42
33.599999999998545	27
33.599999999998545	68
33.599999999998545	46
33.69999999999709	37
33.69999999999709	61
33.69999999999709	20
33.799999999995634	7
33.799999999995634	14
33.799999999995634	56
33.89999999999418	43
33.89999999999418	64
34.0	12
34.0	53
34.0	15
34.0	10
34.0	62
34.0	24
34.099999999998545	54
34.39999999999418	73
34.69999999999709	45
34.39999999999418	71
34.69999999999709	2
34.69999999999709	16
34.299999999995634	57
34.299999999995634	66
34.299999999995634	3
34.299999999995634	13
34.39999999999418	63
34.39999999999418	70
34.39999999999418	58
34.5	22
34.5	26
35.099999999998545	41
35.099999999998545	11
35.099999999998545	47
35.099999999998545	50
35.099999999998545	33
35.099999999998545	75
35.099999999998545	1
35.099999999998545	39
35.099999999998545	31
35.099999999998545	5
35.39999999999418	19
35.799999999995634	67
36.099999999998545	64
36.099999999998545	35
36.099999999998545	45
36.299999999995634	20
36.69999999999709	12
37.0	53
37.0	23
37.099999999998545	21
36.299999999995634	15
36.299999999995634	8
36.299999999995634	71
36.39999999999418	43
36.39999999999418	24
36.39999999999418	61
36.39999999999418	70
36.5	51
36.5	4
36.5	32
36.599999999998545	38
36.599999999998545	68
36.599999999998545	14
36.599999999998545	57
36.599999999998545	17
36.599999999998545	34
36.69999999999709	30
36.69999999999709	29
36.69999999999709	66
36.69999999999709	42
36.69999999999709	37
36.799999999995634	62
37.099999999998545	72
36.299999999995634	59
36.299999999995634	18
36.299999999995634	6
36.299999999995634	54
36.299999999995634	58
36.299999999995634	7
36.299999999995634	3
36.299999999995634	56
36.299999999995634	48
36.299999999995634	27
36.299999999995634	16
36.39999999999418	63
36.39999999999418	2
36.39999999999418	26
36.39999999999418	46
36.5	5
36.5	13
36.5	10
36.5	73
36.599999999998545	69
36.599999999998545	50
36.599999999998545	55
36.69999999999709	11
36.69999999999709	41
36.69999999999709	18
36.799999999995634	22
36.799999999995634	34
36.799999999995634	19
36.799999999995634	47
36.799999999995634	29
36.799999999995634	33
36.799999999995634	39
36.89999999999418	69
37.89999999999418	4
37.89999999999418	35
37.89999999999418	21
37.89999999999418	51
37.89999999999418	10
37.89999999999418	17
37.89999999999418	42
37.89999999999418	37
37.89999999999418	56
37.89999999999418	15
37.89999999999418	45
37.89999999999418	54
37.89999999999418	59
37.89999999999418	75
37.89999999999418	40
37.89999999999418	53
37.89999999999418	72
37.89999999999418	67
37.89999999999418	43
37.89999999999418	24
37.89999999999418	38
37.89999999999418	64
37.89999999999418	32
37.89999999999418	14
37.89999999999418	20
37.89999999999418	31
37.89999999999418	73
38.0	8
38.0	66
38.0	71
38.0	23
38.0	27
38.0	30
38.0	7
38.0	63
38.0	48
38.099999999998545	6
38.099999999998545	68
38.099999999998545	3
38.599999999998545	46
38.299999999995634	26
38.299999999995634	12
38.299999999995634	1
38.299999999995634	5
38.299999999995634	57
38.299999999995634	58
38.299999999995634	61
38.89999999999418	41
38.89999999999418	62
38.89999999999418	11
38.89999999999418	42
38.89999999999418	28
38.89999999999418	16
38.89999999999418	59
38.89999999999418	13
38.89999999999418	29
38.89999999999418	34
38.89999999999418	55
38.89999999999418	19
38.89999999999418	39
38.89999999999418	69
38.89999999999418	18
38.89999999999418	47
38.89999999999418	2
38.89999999999418	70
39.0	75
39.0	33
39.099999999998545	1
39.099999999998545	22
39.099999999998545	67
39.099999999998545	4
40.0	32
39.299999999995634	50
39.39999999999418	53
39.39999999999418	23
39.39999999999418	10
39.5	31
39.5	15
39.599999999998545	56
39.599999999998545	64
39.599999999998545	6
39.599999999998545	21
39.599999999998545	48
39.599999999998545	72
39.599999999998545	43
39.599999999998545	70
39.599999999998545	57
39.599999999998545	17
39.69999999999709	24
39.69999999999709	71
39.69999999999709	45
39.799999999995634	51
39.799999999995634	54
39.799999999995634	63
39.799999999995634	35
39.799999999995634	66
39.799999999995634	20
39.799999999995634	73
39.89999999999418	37
39.89999999999418	3
39.89999999999418	8
39.89999999999418	5
39.89999999999418	36
40.0	40
40.0	14
40.099999999998545	68
40.099999999998545	26
41.0	58
40.5	27
40.599999999998545	30
40.599999999998545	7
40.599999999998545	38
40.599999999998545	34
40.299999999995634	19
40.5	28
40.5	12
40.5	42
40.5	61
40.5	46
40.599999999998545	39
40.599999999998545	59
40.599999999998545	18
40.599999999998545	69
40.599999999998545	41
40.69999999999709	50
40.799999999995634	16
40.89999999999418	54
40.89999999999418	13
41.0	33
41.0	62
41.099999999998545	29
41.099999999998545	32
41.099999999998545	37
41.099999999998545	55
41.099999999998545	53
41.099999999998545	2
41.39999999999418	11
41.299999999995634	4
41.39999999999418	1
41.89999999999418	70
41.299999999995634	10
41.299999999995634	75
41.299999999995634	47
41.299999999995634	57
41.299999999995634	67
41.39999999999418	36
41.39999999999418	22
41.39999999999418	64
41.39999999999418	15
41.39999999999418	24
41.5	56
41.5	71
41.5	23
41.599999999998545	21
41.599999999998545	6
41.69999999999709	9
41.69999999999709	5
41.69999999999709	63
41.69999999999709	66
41.69999999999709	43
41.69999999999709	45
41.69999999999709	73
41.69999999999709	48
41.799999999995634	31
41.799999999995634	17
41.799999999995634	20
41.89999999999418	34
41.89999999999418	58
41.89999999999418	14
41.89999999999418	72
41.89999999999418	51
42.0	35
42.0	3
42.099999999998545	8
42.099999999998545	40
42.099999999998545	19
42.299999999995634	68
42.299999999995634	26
42.89999999999418	28
43.099999999998545	38
42.299999999995634	42
42.39999999999418	30
42.39999999999418	7
42.39999999999418	59
42.39999999999418	39
42.39999999999418	27
42.5	69
42.599999999998545	11
42.599999999998545	18
42.599999999998545	54
42.599999999998545	12
42.599999999998545	41
42.69999999999709	46
42.69999999999709	50
42.799999999995634	61
42.799999999995634	62
42.89999999999418	33
42.89999999999418	32
42.89999999999418	16
43.0	2
43.0	37
43.0	57
43.0	70
43.0	75
43.099999999998545	13
43.099999999998545	4
43.099999999998545	53
43.299999999995634	29
43.39999999999418	36
43.39999999999418	10
43.5	64
43.5	47
43.299999999995634	1
43.299999999995634	55
43.299999999995634	15
43.299999999995634	24
43.299999999995634	56
43.39999999999418	71
43.39999999999418	5
43.5	21
43.5	63
43.5	67
43.5	45
43.5	66
43.5	43
43.599999999998545	23
43.599999999998545	9
43.599999999998545	34
43.599999999998545	73
43.69999999999709	22
43.69999999999709	6
43.799999999995634	20
44.89999999999418	14
44.89999999999418	33
44.89999999999418	30
44.89999999999418	57
44.89999999999418	26
44.89999999999418	69
44.89999999999418	58
44.89999999999418	19
44.89999999999418	70
44.89999999999418	42
44.89999999999418	8
44.89999999999418	51
44.89999999999418	3
44.89999999999418	46
44.89999999999418	35
44.89999999999418	39
44.89999999999418	7
44.89999999999418	36
44.89999999999418	28
45.0	12
45.0	50
45.0	41
45.0	32
45.0	27
45.0	11
45.0	68
45.0	40
45.0	61
45.099999999998545	62
45.099999999998545	31
45.099999999998545	10
45.099999999998545	53
45.099999999998545	18
45.099999999998545	75
45.099999999998545	64
45.099999999998545	72
45.099999999998545	16
45.099999999998545	24
45.5	71
45.69999999999709	2
45.69999999999709	29
45.69999999999709	15
45.799999999995634	56
46.0	38
46.0	43
46.0	48
46.099999999998545	13
45.299999999995634	63
45.299999999995634	21
45.299999999995634	54
45.299999999995634	37
45.299999999995634	4
45.39999999999418	66
45.39999999999418	1
45.39999999999418	74
45.39999999999418	34
45.39999999999418	9
45.5	49
45.5	17
45.5	55
45.5	59
45.599999999998545	47
45.599999999998545	67
45.69999999999709	5
45.69999999999709	23
45.69999999999709	42
45.69999999999709	73
45.69999999999709	6
45.69999999999709	20
45.69999999999709	28
45.799999999995634	45
45.799999999995634	19
45.89999999999418	14
45.89999999999418	22
46.0	59
46.0	17
46.0	58
46.0	48
46.0	54
46.0	3
46.39999999999418	39
46.299999999995634	26
47.099999999998545	31
46.299999999995634	68
46.299999999995634	51
46.299999999995634	70
46.299999999995634	69
46.299999999995634	35
46.39999999999418	41
46.39999999999418	11
46.39999999999418	8
46.39999999999418	18
46.5	53
46.5	72
46.5	57
46.599999999998545	38
46.69999999999709	32
46.69999999999709	40
46.799999999995634	33
46.799999999995634	27
46.799999999995634	50
46.799999999995634	10
46.799999999995634	7
46.89999999999418	30
46.89999999999418	36
46.89999999999418	5
47.0	12
47.0	24
47.0	15
47.0	34
47.0	37
47.0	64
47.099999999998545	71
47.099999999998545	63
47.099999999998545	62
47.299999999995634	56
47.299999999995634	66
47.799999999995634	4
48.099999999998545	21
47.299999999995634	29
47.299999999995634	9
47.299999999995634	43
47.299999999995634	61
47.39999999999418	45
47.39999999999418	16
47.39999999999418	19
47.39999999999418	2
47.39999999999418	74
47.39999999999418	49
47.39999999999418	47
47.39999999999418	46
47.5	42
47.5	75
47.5	13
47.5	23
47.5	73
47.599999999998545	28
47.599999999998545	20
47.69999999999709	1
47.69999999999709	14
47.69999999999709	55
47.69999999999709	67
47.799999999995634	54
47.799999999995634	59
47.89999999999418	3
48.0	6
48.0	70
48.0	58
48.0	39
48.0	48
48.099999999998545	26
48.299999999995634	69
48.39999999999418	17
48.69999999999709	44
49.099999999998545	18
48.299999999995634	22
48.299999999995634	53
48.299999999995634	57
48.299999999995634	41
48.39999999999418	11
48.5	35
48.5	31
48.5	8
48.5	36
48.5	51
48.599999999998545	5
48.69999999999709	10
48.69999999999709	68
48.69999999999709	32
48.799999999995634	33
48.799999999995634	15
48.799999999995634	34
48.799999999995634	50
48.799999999995634	38
48.89999999999418	71
48.89999999999418	72
48.89999999999418	64
48.89999999999418	63
48.89999999999418	37
49.0	24
49.0	27
49.0	40
49.0	7
49.099999999998545	66
49.099999999998545	56
49.099999999998545	30
49.099999999998545	74
49.099999999998545	21
49.299999999995634	45
49.39999999999418	4
49.599999999998545	49
49.69999999999709	19
49.799999999995634	43
49.299999999995634	9
49.299999999995634	12
49.299999999995634	28
49.299999999995634	62
49.299999999995634	42
49.39999999999418	29
49.39999999999418	75
49.5	46
49.5	20
49.5	54
49.5	1
49.5	47
49.5	2
49.5	61
49.5	16
49.599999999998545	23
49.599999999998545	59
49.599999999998545	13
49.69999999999709	70
49.69999999999709	73
49.69999999999709	14
49.799999999995634	26
49.799999999995634	6
50.69999999999709	8
50.69999999999709	65
50.69999999999709	34
50.69999999999709	69
50.69999999999709	22
50.69999999999709	63
50.69999999999709	32
50.69999999999709	5
50.799999999995634	68
50.799999999995634	10
50.799999999995634	31
50.799999999995634	48
50.799999999995634	57
50.799999999995634	15
50.799999999995634	41
50.799999999995634	51
50.799999999995634	35
50.799999999995634	25
50.799999999995634	17
50.799999999995634	71
50.799999999995634	39
50.799999999995634	58
50.799999999995634	44
50.799999999995634	18
50.799999999995634	64
50.799999999995634	67
50.799999999995634	11
50.799999999995634	24
50.799999999995634	53
50.799999999995634	55
50.799999999995634	3
50.799999999995634	37
50.799999999995634	66
50.799999999995634	33
50.799999999995634	42
50.799999999995634	74
50.89999999999418	50
50.89999999999418	36
51.0	21
51.0	28
51.0	45
51.099999999998545	19
51.099999999998545	72
51.099999999998545	49
51.099999999998545	43
51.099999999998545	4
52.099999999998545	56
51.39999999999418	27
51.69999999999709	9
51.799999999995634	38
51.89999999999418	40
52.0	7
52.099999999998545	30
51.299999999995634	12
51.39999999999418	54
51.39999999999418	70
51.39999999999418	59
51.39999999999418	75
51.5	29
51.5	62
51.599999999998545	1
51.599999999998545	47
51.599999999998545	20
51.599999999998545	73
51.69999999999709	23
51.69999999999709	3
51.69999999999709	2
51.69999999999709	46
51.69999999999709	14
51.69999999999709	26
51.69999999999709	16
51.69999999999709	39
51.799999999995634	61
51.799999999995634	13
51.799999999995634	57
51.799999999995634	58
51.799999999995634	25
51.89999999999418	6
51.89999999999418	53
52.69999999999709	34
52.799999999995634	18
52.89999999999418	11
52.89999999999418	67
52.89999999999418	69
52.89999999999418	5
53.0	48
52.299999999995634	36
52.39999999999418	17
52.39999999999418	55
52.39999999999418	10
52.39999999999418	52
52.39999999999418	32
52.39999999999418	44
52.5	63
52.5	71
52.5	24
52.5	33
52.5	15
52.5	41
52.599999999998545	64
52.599999999998545	42
52.599999999998545	65
52.69999999999709	19
52.69999999999709	66
52.69999999999709	37
52.69999999999709	74
52.69999999999709	8
52.799999999995634	56
52.799999999995634	35
52.799999999995634	28
52.799999999995634	51
52.89999999999418	21
52.89999999999418	31
52.89999999999418	68
52.89999999999418	50
52.89999999999418	54
52.89999999999418	45
53.0	22
53.0	49
53.099999999998545	43
53.099999999998545	70
53.099999999998545	4
53.5	9
53.5	59
53.39999999999418	27
53.39999999999418	38
53.39999999999418	72
53.39999999999418	7
53.5	30
54.0	73
54.0	12
54.0	2
54.0	46
54.0	26
54.0	75
54.0	23
54.0	25
54.0	62
54.0	20
54.0	57
54.0	47
54.0	6
54.0	39
54.0	16
54.0	3
54.0	1
54.0	53
54.0	69
54.0	34
54.099999999998545	40
54.099999999998545	61
54.099999999998545	29
54.099999999998545	5
54.099999999998545	14
54.099999999998545	13
54.099999999998545	60
54.69999999999709	36
54.299999999995634	11
54.5	67
54.299999999995634	58
54.299999999995634	10
54.299999999995634	41
54.299999999995634	32
54.299999999995634	48
54.39999999999418	71
54.599999999998545	15
54.599999999998545	28
54.599999999998545	63
54.599999999998545	24
54.599999999998545	55
54.599999999998545	52
54.69999999999709	37
54.69999999999709	17
54.69999999999709	64
54.69999999999709	54
54.69999999999709	66
54.69999999999709	56
54.69999999999709	65
54.69999999999709	42
54.69999999999709	33
54.799999999995634	44
54.799999999995634	70
54.799999999995634	18
54.799999999995634	21
54.799999999995634	74
54.799999999995634	19
54.799999999995634	45
54.89999999999418	8
54.89999999999418	4
54.89999999999418	35
55.0	49
55.0	43
55.0	59
55.0	68
55.099999999998545	9
55.099999999998545	31
55.5	51
55.299999999995634	22
55.39999999999418	20
55.39999999999418	57
55.39999999999418	50
55.5	39
55.5	36
55.5	75
55.5	73
55.599999999998545	34
55.599999999998545	53
55.599999999998545	38
55.599999999998545	5
55.599999999998545	27
55.599999999998545	26
55.599999999998545	7
55.69999999999709	69
55.69999999999709	72
55.69999999999709	12
55.69999999999709	30
55.69999999999709	29
55.799999999995634	1
55.799999999995634	25
55.799999999995634	14
55.89999999999418	62
55.89999999999418	58
55.89999999999418	40
55.89999999999418	47
55.89999999999418	18
56.0	3
56.0	23
56.0	42
56.0	10
56.099999999998545	2
56.099999999998545	6
56.099999999998545	16
56.39999999999418	11
56.5	15
56.599999999998545	63
56.599999999998545	71
57.099999999998545	13
56.299999999995634	46
56.299999999995634	19
56.299999999995634	60
56.299999999995634	41
56.299999999995634	61
56.299999999995634	67
56.39999999999418	28
56.39999999999418	66
56.39999999999418	48
56.5	44
56.5	52
56.5	64
56.5	70
56.5	32
56.5	37
56.599999999998545	24
56.599999999998545	17
56.69999999999709	56
56.69999999999709	74
56.69999999999709	21
56.69999999999709	55
56.799999999995634	45
56.799999999995634	33
56.799999999995634	59
56.799999999995634	65
56.89999999999418	4
56.89999999999418	54
56.89999999999418	43
57.0	50
57.0	8
57.099999999998545	57
57.099999999998545	49
57.099999999998545	35
57.099999999998545	51
58.099999999998545	5
58.099999999998545	9
57.299999999995634	68
57.299999999995634	53
57.299999999995634	39
57.299999999995634	31
57.39999999999418	36
57.39999999999418	75
57.39999999999418	22
57.39999999999418	34
57.5	73
57.5	26
57.599999999998545	69
57.599999999998545	20
57.69999999999709	58
57.69999999999709	25
57.69999999999709	14
57.69999999999709	38
57.69999999999709	42
57.799999999995634	29
57.799999999995634	3
57.89999999999418	10
57.89999999999418	7
58.0	18
58.0	6
58.0	1
58.0	19
58.0	47
58.0	30
58.0	12
58.0	60
58.0	71
58.0	62
58.099999999998545	28
58.099999999998545	15
58.099999999998545	72
58.099999999998545	11
58.099999999998545	63
58.099999999998545	54
58.099999999998545	24
58.099999999998545	40
58.099999999998545	66
58.099999999998545	27
58.799999999995634	41
59.099999999998545	32
59.0	23
59.099999999998545	64
58.299999999995634	16
58.39999999999418	74
58.39999999999418	13
58.39999999999418	52
58.5	2
58.5	37
58.5	70
58.5	67
58.5	56
58.5	17
58.599999999998545	46
58.599999999998545	61
58.599999999998545	59
58.599999999998545	44
58.599999999998545	45
58.69999999999709	21
58.69999999999709	33
58.69999999999709	48
58.799999999995634	4
58.89999999999418	55
58.89999999999418	43
59.0	65
59.0	34
59.0	57
59.0	5
59.0	50
59.099999999998545	49
59.5	39
59.599999999998545	9
59.69999999999709	8
59.799999999995634	53
59.299999999995634	35
59.39999999999418	36
59.39999999999418	75
59.39999999999418	73
59.39999999999418	69
59.5	68
59.5	42
59.5	25
59.5	51
59.5	20
59.599999999998545	58
59.599999999998545	3
59.599999999998545	31
59.69999999999709	26
59.69999999999709	14
59.69999999999709	10
59.799999999995634	18
59.799999999995634	22
59.799999999995634	19
59.799999999995634	29
59.89999999999418	71
59.89999999999418	54
59.89999999999418	63
59.89999999999418	28
59.89999999999418	70
60.0	15
60.0	60
60.0	24
60.0	32
60.0	11
60.099999999998545	66
60.099999999998545	38
60.099999999998545	64
60.099999999998545	7
60.099999999998545	47
60.099999999998545	6
60.099999999998545	41
60.099999999998545	12
60.099999999998545	30
60.39999999999418	23
60.89999999999418	62
60.299999999995634	74
60.299999999995634	72
60.299999999995634	27
60.299999999995634	1
60.299999999995634	37
60.39999999999418	59
60.39999999999418	56
60.39999999999418	40
60.5	2
60.5	45
60.5	52
60.5	33
60.5	21
60.599999999998545	16
60.599999999998545	67
60.599999999998545	13
60.599999999998545	44
60.69999999999709	5
60.799999999995634	43
60.799999999995634	46
60.799999999995634	48
60.799999999995634	34
60.799999999995634	4
60.799999999995634	61
60.799999999995634	57
60.89999999999418	17
61.0	53
61.0	36
61.0	65
61.0	49
61.099999999998545	39
61.099999999998545	50
61.099999999998545	55
61.099999999998545	9
61.5	42
61.299999999995634	8
61.299999999995634	69
61.39999999999418	73
61.39999999999418	35
61.39999999999418	25
61.5	51
61.5	19
61.5	54
61.5	20
61.5	58
61.5	68
61.599999999998545	63
61.599999999998545	70
61.599999999998545	28
61.599999999998545	26
61.69999999999709	10
61.69999999999709	75
61.69999999999709	3
61.69999999999709	18
61.69999999999709	15
61.799999999995634	14
61.799999999995634	71
61.799999999995634	66
61.799999999995634	24
61.89999999999418	60
61.89999999999418	31
61.89999999999418	29
62.0	11
62.0	6
62.0	32
62.0	41
62.0	64
62.0	22
62.0	1
62.299999999995634	38
62.39999999999418	27
62.599999999998545	74
63.099999999998545	23
62.299999999995634	7
62.299999999995634	59
62.299999999995634	37
62.299999999995634	47
62.299999999995634	30
62.299999999995634	57
62.39999999999418	45
62.39999999999418	62
63.0	16
63.0	48
63.0	5
63.0	49
63.0	67
63.0	52
63.0	43
63.0	34
63.0	13
63.099999999998545	39
63.099999999998545	21
63.099999999998545	56
63.099999999998545	42
63.099999999998545	33
63.099999999998545	72
63.099999999998545	53
63.099999999998545	44
63.099999999998545	9
63.099999999998545	50
63.69999999999709	2
64.0	17
64.0	54
64.09999999999854	40
63.299999999995634	65
63.299999999995634	25
63.299999999995634	4
63.299999999995634	69
63.299999999995634	70
63.299999999995634	12
63.299999999995634	36
63.299999999995634	55
63.39999999999418	46
63.39999999999418	28
63.39999999999418	73
63.39999999999418	8
63.39999999999418	61
63.5	63
63.5	58
63.5	20
63.5	10
63.5	26
63.599999999998545	71
63.599999999998545	75
63.599999999998545	15
63.599999999998545	68
63.599999999998545	24
63.599999999998545	35
63.69999999999709	51
63.69999999999709	66
63.69999999999709	19
63.799999999995634	14
63.89999999999418	64
63.89999999999418	32
63.89999999999418	11
64.0	59
64.0	60
64.0	6
64.0	41
64.0	1
64.0	18
64.0	29
64.0	31
64.0	3
64.09999999999854	34
64.29999999999563	57
64.29999999999563	37
64.89999999999418	56
64.89999999999418	5
65.0	45
64.29999999999563	74
64.29999999999563	23
64.29999999999563	22
64.39999999999418	27
64.39999999999418	38
64.39999999999418	21
64.39999999999418	47
64.39999999999418	12
64.5	33
64.5	7
64.5	36
64.5	43
64.59999999999854	53
64.59999999999854	62
64.59999999999854	30
64.69999999999709	44
64.69999999999709	42
64.69999999999709	52
64.79999999999563	39
64.79999999999563	4
64.79999999999563	49
64.79999999999563	2
64.89999999999418	9
64.89999999999418	48
64.89999999999418	67
64.89999999999418	13
64.89999999999418	50
65.0	54
65.0	40
65.09999999999854	70
65.09999999999854	69
65.09999999999854	19
65.09999999999854	25
65.39999999999418	28
65.5	17
65.5	72
65.89999999999418	3
65.89999999999418	11
65.89999999999418	35
65.89999999999418	63
65.89999999999418	34
65.89999999999418	46
65.89999999999418	65
65.89999999999418	10
65.89999999999418	55
65.89999999999418	73
65.89999999999418	68
65.89999999999418	41
65.89999999999418	71
65.89999999999418	14
66.59999999999854	1
66.59999999999854	58
66.59999999999854	31
66.59999999999854	74
66.59999999999854	42
66.59999999999854	23
66.59999999999854	43
66.59999999999854	29
66.59999999999854	75
66.59999999999854	18
66.59999999999854	57
66.59999999999854	45
66.59999999999854	32
66.59999999999854	33
66.59999999999854	15
66.59999999999854	36
66.59999999999854	12
66.59999999999854	53
66.59999999999854	39
66.59999999999854	51
66.69999999999709	59
66.69999999999709	24
66.69999999999709	22
66.69999999999709	7
66.69999999999709	66
66.69999999999709	49
66.69999999999709	4
66.69999999999709	21
66.69999999999709	16
66.69999999999709	54
66.79999999999563	44
66.79999999999563	27
66.79999999999563	62
66.79999999999563	47
66.79999999999563	64
66.79999999999563	9
66.79999999999563	37
66.79999999999563	30
66.79999999999563	5
66.79999999999563	60
66.89999999999418	52
66.89999999999418	61
66.89999999999418	70
66.89999999999418	28
66.89999999999418	20
67.0	48
67.0	69
67.0	8
67.0	19
67.0	63
67.0	2
67.0	56
67.09999999999854	67
67.09999999999854	25
67.09999999999854	38
67.09999999999854	50
67.09999999999854	16
67.09999999999854	13
67.09999999999854	10
67.79999999999563	6
67.39999999999418	17
67.59999999999854	72
67.79999999999563	71
67.79999999999563	26
68.0	73
68.09999999999854	40
67.29999999999563	15
67.29999999999563	66
67.29999999999563	24
67.29999999999563	65
67.39999999999418	58
67.39999999999418	20
67.39999999999418	26
67.39999999999418	3
67.39999999999418	18
67.5	60
67.5	34
67.5	59
67.5	46
67.59999999999854	64
67.59999999999854	61
67.59999999999854	57
67.59999999999854	75
67.59999999999854	32
67.59999999999854	5
67.69999999999709	8
68.09999999999854	41
68.09999999999854	51
68.69999999999709	53
68.69999999999709	39
68.69999999999709	21
68.69999999999709	35
68.69999999999709	70
68.69999999999709	29
68.69999999999709	42
68.69999999999709	43
68.69999999999709	55
68.69999999999709	47
68.69999999999709	14
68.69999999999709	31
68.69999999999709	68
68.69999999999709	6
68.79999999999563	19
68.79999999999563	45
68.79999999999563	74
68.79999999999563	27
68.79999999999563	11
68.79999999999563	44
68.79999999999563	38
68.79999999999563	63
68.79999999999563	33
68.79999999999563	12
68.79999999999563	23
68.79999999999563	69
68.89999999999418	37
68.89999999999418	49
68.89999999999418	4
68.89999999999418	52
68.89999999999418	30
68.89999999999418	7
69.0	62
69.0	25
69.0	50
69.0	10
69.0	28
69.0	1
69.09999999999854	48
69.09999999999854	36
69.5	22
69.79999999999563	9
70.0	15
69.29999999999563	66
69.39999999999418	24
69.5	73
69.69999999999709	34
69.69999999999709	2
69.79999999999563	54
69.79999999999563	67
69.89999999999418	71
69.29999999999563	17
69.29999999999563	16
69.29999999999563	58
69.29999999999563	13
69.29999999999563	26
69.29999999999563	20
69.29999999999563	56
69.29999999999563	59
69.39999999999418	18
69.39999999999418	5
69.39999999999418	3
69.39999999999418	57
69.39999999999418	60
69.39999999999418	64
69.5	65
69.5	72
69.5	32
69.5	40
69.69999999999709	36
69.69999999999709	14
69.69999999999709	41
69.69999999999709	11
69.79999999999563	46
69.79999999999563	61
69.79999999999563	8
69.79999999999563	42
69.79999999999563	37
69.79999999999563	74
69.89999999999418	75
69.89999999999418	45
69.89999999999418	53
70.09999999999854	35
70.09999999999854	21
70.09999999999854	68
70.09999999999854	55
70.09999999999854	56
70.29999999999563	54
70.29999999999563	70
70.29999999999563	51
70.39999999999418	6
70.39999999999418	39
70.39999999999418	29
70.39999999999418	1
70.39999999999418	33
70.5	43
70.5	28
70.5	19
70.59999999999854	23
70.59999999999854	49
70.69999999999709	47
70.69999999999709	63
70.79999999999563	69
70.89999999999418	31
70.89999999999418	25
70.89999999999418	44
70.89999999999418	10
70.89999999999418	4
71.0	34
71.0	27
71.09999999999854	66
71.09999999999854	12
71.09999999999854	9
71.09999999999854	15
71.09999999999854	24
71.09999999999854	5
71.09999999999854	52
71.09999999999854	59
71.09999999999854	62
71.09999999999854	73
71.09999999999854	22
71.5	57
72.09999999999854	48
71.29999999999563	30
71.29999999999563	50
71.29999999999563	7
71.29999999999563	64
71.29999999999563	38
71.29999999999563	58
71.29999999999563	18
71.39999999999418	67
71.39999999999418	20
71.39999999999418	71
71.39999999999418	26
71.39999999999418	60
71.39999999999418	2
71.39999999999418	32
71.39999999999418	3
71.5	17
71.5	36
71.5	13
71.5	42
71.59999999999854	65
71.59999999999854	16
71.69999999999709	41
71.69999999999709	53
71.69999999999709	14
71.69999999999709	37
71.79999999999563	11
71.79999999999563	45
71.79999999999563	74
71.79999999999563	72
71.79999999999563	8
71.89999999999418	56
71.89999999999418	75
71.89999999999418	21
71.89999999999418	40
72.0	70
72.09999999999854	54
72.5	46
72.59999999999854	61
72.59999999999854	28
72.29999999999563	55
72.29999999999563	68
72.29999999999563	43
72.29999999999563	39
72.39999999999418	19
72.39999999999418	29
72.39999999999418	35
72.39999999999418	51
72.39999999999418	6
72.5	63
72.5	49
72.5	1
72.59999999999854	69
72.59999999999854	34
72.59999999999854	33
72.69999999999709	10
72.69999999999709	23
72.79999999999563	71
72.79999999999563	47
72.79999999999563	5
72.79999999999563	9
72.79999999999563	66
72.89999999999418	4
72.89999999999418	25
72.89999999999418	59
72.89999999999418	44
72.89999999999418	57
73.0	15
73.0	31
73.09999999999854	24
73.09999999999854	73
73.09999999999854	50
73.39999999999418	27
73.79999999999563	52
74.0	64
74.0	58
74.09999999999854	12
73.29999999999563	18
73.29999999999563	60
73.29999999999563	7
73.29999999999563	36
73.29999999999563	62
73.29999999999563	48
73.29999999999563	38
73.29999999999563	42
73.29999999999563	32
73.29999999999563	30
73.39999999999418	20
73.39999999999418	3
73.39999999999418	22
73.5	70
73.5	67
73.59999999999854	53
73.59999999999854	26
73.59999999999854	2
73.59999999999854	41
73.59999999999854	37
73.69999999999709	45
73.69999999999709	11
73.69999999999709	65
73.69999999999709	13
73.69999999999709	54
73.69999999999709	56
73.69999999999709	17
73.79999999999563	74
73.79999999999563	21
73.89999999999418	16
73.89999999999418	28
73.89999999999418	14
74.0	19
74.09999999999854	43
74.09999999999854	75
74.09999999999854	72
74.09999999999854	8
74.09999999999854	39
75.0	40
74.29999999999563	63
74.29999999999563	34
74.29999999999563	46
74.39999999999418	35
74.39999999999418	49
74.39999999999418	68
74.39999999999418	55
74.5	6
74.5	69
74.5	29
74.59999999999854	71
74.59999999999854	10
74.59999999999854	51
74.69999999999709	5
74.69999999999709	1
74.69999999999709	66
74.79999999999563	33
74.79999999999563	4
74.79999999999563	61
74.79999999999563	25
74.79999999999563	9
74.79999999999563	15
74.79999999999563	73
74.79999999999563	59
74.79999999999563	24
74.89999999999418	23
74.89999999999418	47
75.0	42
75.0	44
75.0	20
75.09999999999854	36
75.09999999999854	57
75.09999999999854	64
75.09999999999854	18
75.5	50
75.69999999999709	58
75.69999999999709	70
75.69999999999709	60
76.09999999999854	32
76.09999999999854	31
75.29999999999563	3
75.29999999999563	26
75.29999999999563	54
75.39999999999418	53
75.39999999999418	48
75.39999999999418	41
75.39999999999418	27
75.5	74
75.5	38
75.5	12
75.5	62
75.5	7
75.5	52
75.59999999999854	11
75.59999999999854	45
75.59999999999854	30
75.59999999999854	37
75.69999999999709	28
75.69999999999709	56
75.69999999999709	19
75.79999999999563	22
75.79999999999563	21
75.79999999999563	65
75.79999999999563	67
75.79999999999563	2
75.79999999999563	17
75.89999999999418	16
75.89999999999418	14
76.0	43
76.0	13
76.0	75
76.09999999999854	63
76.09999999999854	34
76.09999999999854	39
76.79999999999563	8
76.29999999999563	49
76.29999999999563	5
76.39999999999418	71
76.39999999999418	57
76.39999999999418	40
76.39999999999418	69
76.5	72
76.5	66
76.5	10
76.5	68
76.59999999999854	24
76.59999999999854	59
76.59999999999854	61
76.59999999999854	35
76.59999999999854	6
76.59999999999854	46
76.69999999999709	33
76.69999999999709	25
76.69999999999709	9
76.69999999999709	4
76.79999999999563	1
76.79999999999563	29
76.79999999999563	42
76.79999999999563	23
76.79999999999563	51
76.79999999999563	15
76.79999999999563	55
76.79999999999563	36
76.89999999999418	73
76.89999999999418	70
77.0	64
77.0	54
77.09999999999854	47
77.09999999999854	20
77.09999999999854	26
77.09999999999854	44
77.09999999999854	58
77.09999999999854	60
77.09999999999854	18
77.89999999999418	32
77.89999999999418	50
77.89999999999418	53
77.29999999999563	41
77.39999999999418	74
77.39999999999418	45
77.5	52
77.5	48
77.5	19
77.5	11
77.5	3
77.5	28
77.5	31
77.59999999999854	56
77.59999999999854	12
77.59999999999854	21
77.69999999999709	37
77.69999999999709	62
77.69999999999709	27
77.69999999999709	38
77.79999999999563	17
77.79999999999563	7
77.79999999999563	30
77.79999999999563	67
77.89999999999418	65
77.89999999999418	63
77.89999999999418	34
77.89999999999418	14
77.89999999999418	39
78.0	5
78.0	43
78.0	2
78.0	22
78.09999999999854	13
78.09999999999854	75
78.69999999999709	16
79.09999999999854	69
78.29999999999563	49
78.29999999999563	57
78.29999999999563	10
78.29999999999563	66
78.29999999999563	71
78.39999999999418	8
78.39999999999418	15
78.39999999999418	24
78.5	42
78.5	59
78.5	25
78.59999999999854	6
78.59999999999854	33
78.69999999999709	9
78.69999999999709	72
78.69999999999709	29
78.69999999999709	36
78.69999999999709	70
78.79999999999563	4
78.79999999999563	40
78.79999999999563	35
78.79999999999563	54
78.79999999999563	61
78.79999999999563	1
78.89999999999418	46
78.89999999999418	23
78.89999999999418	55
78.89999999999418	53
78.89999999999418	64
78.89999999999418	68
78.89999999999418	73
79.0	26
79.0	18
79.0	51
79.0	58
79.09999999999854	20
79.09999999999854	44
80.0	32
80.0	47
80.0	19
80.09999999999854	28
80.09999999999854	60
79.29999999999563	74
79.29999999999563	45
79.29999999999563	41
79.39999999999418	37
79.39999999999418	3
79.39999999999418	34
79.39999999999418	56
79.5	50
79.59999999999854	11
79.59999999999854	21
79.59999999999854	52
79.59999999999854	31
79.69999999999709	39
79.69999999999709	63
79.69999999999709	12
79.69999999999709	5
79.79999999999563	14
79.79999999999563	43
79.89999999999418	17
79.89999999999418	27
79.89999999999418	75
79.89999999999418	57
79.89999999999418	7
80.0	65
80.0	38
80.0	67
80.0	62
80.0	30
80.09999999999854	71
80.09999999999854	10
80.09999999999854	48
80.09999999999854	69
80.09999999999854	2
80.29999999999563	59
80.39999999999418	42
80.39999999999418	66
81.09999999999854	49
80.29999999999563	13
80.29999999999563	24
80.39999999999418	36
80.39999999999418	22
80.39999999999418	15
80.39999999999418	25
80.5	16
80.5	8
80.5	54
80.59999999999854	33
80.59999999999854	6
80.69999999999709	4
80.69999999999709	9
80.69999999999709	64
80.69999999999709	53
80.79999999999563	29
81.39999999999418	1
81.39999999999418	37
81.39999999999418	19
81.39999999999418	3
81.39999999999418	28
81.39999999999418	50
81.5	58
81.5	35
81.5	73
81.5	23
81.5	11
81.5	61
81.5	47
81.5	18
81.5	68
81.5	60
81.5	74
81.5	45
81.5	20
81.5	40
81.5	32
81.5	56
81.5	51
81.5	5
81.5	21
81.5	44
81.5	63
81.5	39
82.39999999999418	7
82.39999999999418	62
82.39999999999418	71
82.39999999999418	59
82.39999999999418	57
82.39999999999418	46
82.39999999999418	49
82.39999999999418	33
82.39999999999418	26
82.39999999999418	48
82.39999999999418	65
82.39999999999418	9
82.39999999999418	31
82.39999999999418	67
82.39999999999418	17
82.39999999999418	30
82.39999999999418	69
82.39999999999418	24
82.39999999999418	54
82.39999999999418	36
82.39999999999418	2
82.39999999999418	38
82.39999999999418	66
82.39999999999418	27
82.39999999999418	14
82.39999999999418	4
82.39999999999418	8
82.39999999999418	12
82.39999999999418	13
82.39999999999418	10
82.39999999999418	55
82.5	25
82.5	52
82.5	16
82.5	53
82.5	41
82.5	72
82.5	75
82.59999999999854	15
82.59999999999854	64
82.59999999999854	34
82.59999999999854	22
82.69999999999709	42
82.69999999999709	6
82.69999999999709	28
82.69999999999709	19
82.79999999999563	18
82.79999999999563	73
82.79999999999563	34
82.89999999999418	43
82.89999999999418	32
82.89999999999418	29
82.89999999999418	26
82.89999999999418	58
82.89999999999418	68
83.0	1
83.0	74
83.0	23
83.09999999999854	45
83.09999999999854	60
83.09999999999854	35
83.69999999999709	46
83.69999999999709	56
83.69999999999709	40
83.69999999999709	37
83.69999999999709	48
83.69999999999709	50
83.69999999999709	42
83.69999999999709	57
83.69999999999709	51
83.69999999999709	21
83.69999999999709	43
83.69999999999709	52
83.69999999999709	14
83.69999999999709	59
83.69999999999709	5
83.79999999999563	47
83.79999999999563	3
83.79999999999563	20
83.79999999999563	61
83.79999999999563	10
83.79999999999563	72
83.79999999999563	39
83.79999999999563	55
83.79999999999563	44
83.79999999999563	41
83.79999999999563	11
83.79999999999563	66
83.89999999999418	54
83.89999999999418	36
83.89999999999418	69
83.89999999999418	71
84.0	24
84.0	15
84.0	75
84.0	65
84.0	49
84.09999999999854	63
84.09999999999854	12
84.09999999999854	31
84.09999999999854	17
84.39999999999418	27
85.0	62
85.0	25
84.29999999999563	53
84.29999999999563	67
84.29999999999563	7
84.29999999999563	33
84.39999999999418	30
84.39999999999418	64
84.5	28
84.5	19
84.5	9
84.5	2
84.59999999999854	4
84.59999999999854	8
85.09999999999854	18
85.09999999999854	60
85.09999999999854	1
85.09999999999854	74
85.09999999999854	45
85.09999999999854	32
85.09999999999854	23
85.09999999999854	29
85.09999999999854	68
85.09999999999854	58
85.09999999999854	16
85.09999999999854	26
85.09999999999854	37
85.09999999999854	56
85.39999999999418	63
85.69999999999709	38
85.69999999999709	34
85.89999999999418	35
86.0	57
86.0	41
86.09999999999854	21
85.29999999999563	5
85.29999999999563	6
85.29999999999563	22
85.29999999999563	39
85.29999999999563	3
85.29999999999563	13
85.39999999999418	42
85.39999999999418	44
85.39999999999418	20
85.5	51
85.5	47
85.59999999999854	59
85.59999999999854	71
85.59999999999854	40
85.59999999999854	10
85.59999999999854	43
85.59999999999854	55
85.59999999999854	54
85.59999999999854	46
85.69999999999709	50
85.69999999999709	36
85.69999999999709	14
85.69999999999709	66
85.69999999999709	48
85.79999999999563	11
85.79999999999563	61
85.79999999999563	73
85.79999999999563	24
85.79999999999563	15
85.89999999999418	69
86.0	52
86.0	25
86.0	49
86.09999999999854	72
86.09999999999854	53
87.0	75
87.09999999999854	17
87.09999999999854	19
86.29999999999563	34
86.29999999999563	28
86.29999999999563	64
86.29999999999563	31
86.29999999999563	33
86.29999999999563	12
86.39999999999418	67
86.39999999999418	65
86.5	27
86.5	62
86.59999999999854	4
86.59999999999854	9
86.59999999999854	38
86.59999999999854	7
86.59999999999854	18
86.69999999999709	30
86.69999999999709	5
86.69999999999709	32
86.69999999999709	73
86.69999999999709	26
86.79999999999563	13
86.79999999999563	2
86.79999999999563	74
86.79999999999563	20
86.79999999999563	45
86.89999999999418	57
86.89999999999418	16
87.0	37
87.0	6
87.0	60
87.09999999999854	29
87.09999999999854	42
87.09999999999854	63
87.09999999999854	39
87.09999999999854	41
87.29999999999563	23
87.29999999999563	1
87.59999999999854	58
87.89999999999418	56
87.89999999999418	21
88.0	8
87.29999999999563	59
87.29999999999563	22
87.29999999999563	68
87.29999999999563	54
87.39999999999418	44
87.39999999999418	71
87.39999999999418	10
87.5	11
87.5	3
87.5	35
87.5	36
87.5	66
87.59999999999854	50
87.69999999999709	24
87.69999999999709	51
87.69999999999709	15
87.69999999999709	47
87.69999999999709	52
87.69999999999709	69
87.69999999999709	43
87.79999999999563	55
87.79999999999563	14
87.89999999999418	40
87.89999999999418	25
87.89999999999418	72
87.89999999999418	49
87.89999999999418	46
88.0	61
88.0	53
88.0	34
88.0	19
88.0	28
88.0	48
88.5	64
88.29999999999563	75
88.39999999999418	65
88.39999999999418	9
88.39999999999418	17
88.5	5
88.5	33
88.5	4
88.5	12
88.69999999999709	18
88.69999999999709	67
88.69999999999709	57
88.69999999999709	27
88.69999999999709	32
88.79999999999563	45
88.79999999999563	62
88.79999999999563	73
88.79999999999563	63
88.79999999999563	6
88.89999999999418	74
88.89999999999418	42
88.89999999999418	26
88.89999999999418	30
88.89999999999418	60
88.89999999999418	58
88.89999999999418	7
88.89999999999418	37
88.89999999999418	38
89.0	2
89.0	31
89.0	8
89.0	41
89.0	23
89.09999999999854	21
89.09999999999854	20
89.09999999999854	3
89.09999999999854	39
89.09999999999854	13
89.09999999999854	59
89.29999999999563	56
89.29999999999563	29
90.0	71
90.09999999999854	36
89.29999999999563	16
89.29999999999563	10
89.29999999999563	1
89.29999999999563	69
89.39999999999418	66
89.39999999999418	54
89.39999999999418	50
89.39999999999418	11
89.39999999999418	44
89.5	22
89.5	35
89.5	68
89.5	24
89.59999999999854	15
89.69999999999709	34
89.69999999999709	53
89.69999999999709	43
89.79999999999563	47
89.79999999999563	28
89.89999999999418	51
89.89999999999418	14
89.89999999999418	52
90.0	19
90.0	25
90.0	49
90.0	55
90.09999999999854	64
90.09999999999854	61
90.09999999999854	48
90.09999999999854	5
90.29999999999563	72
90.79999999999563	46
90.29999999999563	75
90.39999999999418	40
90.39999999999418	9
90.5	18
90.5	57
90.5	32
90.59999999999854	65
90.59999999999854	4
90.59999999999854	33
90.59999999999854	74
90.59999999999854	42
90.59999999999854	63
90.59999999999854	17
90.59999999999854	26
90.59999999999854	73
90.69999999999709	12
90.69999999999709	58
90.79999999999563	54
90.79999999999563	67
90.79999999999563	27
90.79999999999563	37
90.79999999999563	31
90.89999999999418	6
90.89999999999418	45
90.89999999999418	60
90.89999999999418	39
90.89999999999418	21
91.0	20
91.0	41
91.0	56
91.0	59
91.0	36
91.09999999999854	71
91.09999999999854	7
91.09999999999854	3
91.09999999999854	30
91.09999999999854	2
91.09999999999854	38
91.5	62
91.59999999999854	66
91.59999999999854	13
91.69999999999709	10
91.29999999999563	16
91.29999999999563	69
91.29999999999563	29
91.29999999999563	23
91.39999999999418	15
91.39999999999418	1
91.39999999999418	11
91.39999999999418	24
91.39999999999418	34
91.5	8
91.5	44
91.5	28
91.5	53
91.59999999999854	43
91.59999999999854	68
91.59999999999854	19
91.59999999999854	50
91.69999999999709	35
91.79999999999563	22
91.89999999999418	49
91.89999999999418	5
91.89999999999418	25
91.89999999999418	64
91.89999999999418	14
92.0	47
92.0	51
92.39999999999418	52
92.5	48
92.59999999999854	57
92.29999999999563	42
92.29999999999563	55
92.29999999999563	9
92.39999999999418	61
92.39999999999418	18
92.39999999999418	75
92.39999999999418	32
92.39999999999418	63
92.5	72
92.5	4
92.5	74
92.5	40
92.5	46
92.5	54
92.5	26
92.59999999999854	65
92.59999999999854	33
92.59999999999854	58
92.59999999999854	73
92.69999999999709	17
92.69999999999709	59
92.69999999999709	39
92.69999999999709	60
92.69999999999709	37
92.69999999999709	36
92.79999999999563	56
92.89999999999418	45
92.89999999999418	41
92.89999999999418	12
92.89999999999418	21
92.89999999999418	71
93.0	6
93.0	62
93.0	27
93.0	10
93.09999999999854	31
93.09999999999854	66
93.09999999999854	67
93.09999999999854	34
93.09999999999854	20
93.79999999999563	24
93.89999999999418	7
93.89999999999418	30
93.5	69
93.5	11
93.5	8
93.59999999999854	53
93.59999999999854	29
93.59999999999854	2
93.59999999999854	44
93.69999999999709	49
93.69999999999709	43
93.69999999999709	15
93.69999999999709	3
93.69999999999709	28
93.69999999999709	68
93.69999999999709	1
93.79999999999563	25
93.79999999999563	5
93.79999999999563	64
93.79999999999563	13
93.79999999999563	23
93.79999999999563	14
93.89999999999418	35
94.0	57
94.0	42
94.0	47
94.09999999999854	22
94.09999999999854	38
94.09999999999854	50
94.29999999999563	52
94.59999999999854	54
94.89999999999418	51
95.09999999999854	16
95.09999999999854	19
94.29999999999563	63
94.29999999999563	32
94.29999999999563	74
94.29999999999563	18
94.39999999999418	9
94.39999999999418	45
94.39999999999418	4
94.39999999999418	48
94.5	59
94.5	26
94.5	33
94.5	73
94.59999999999854	58
94.59999999999854	39
94.59999999999854	36
94.59999999999854	37
94.69999999999709	55
94.69999999999709	56
94.69999999999709	60
94.69999999999709	17
94.69999999999709	40
94.69999999999709	75
94.69999999999709	21
94.69999999999709	46
94.79999999999563	72
94.79999999999563	61
94.79999999999563	71
94.79999999999563	65
94.79999999999563	34
94.79999999999563	41
94.79999999999563	10
94.89999999999418	3
94.89999999999418	20
95.0	66
95.0	67
95.0	6
95.0	28
95.09999999999854	24
95.09999999999854	19
95.09999999999854	12
95.09999999999854	15
95.09999999999854	53
95.09999999999854	62
95.29999999999563	69
95.39999999999418	27
96.09999999999854	11
95.29999999999563	31
95.29999999999563	5
95.39999999999418	7
95.39999999999418	29
95.39999999999418	8
95.39999999999418	43
95.39999999999418	30
95.5	2
95.5	23
95.5	38
95.5	1
95.59999999999854	13
95.59999999999854	49
95.69999999999709	44
95.69999999999709	25
95.69999999999709	64
95.69999999999709	57
95.69999999999709	42
95.69999999999709	16
95.79999999999563	14
95.79999999999563	50
95.79999999999563	68
96.0	54
96.5	36
96.5	45
96.5	32
96.5	75
96.5	58
96.5	63
96.59999999999854	47
96.59999999999854	4
96.59999999999854	33
96.59999999999854	39
96.59999999999854	18
97.39999999999418	46
97.39999999999418	74
97.5	71
97.5	55
97.59999999999854	41
97.59999999999854	59
97.59999999999854	6
97.69999999999709	53
97.69999999999709	72
97.79999999999563	69
97.79999999999563	67
97.79999999999563	34
97.79999999999563	5
97.89999999999418	66
97.89999999999418	10
97.89999999999418	28
98.0	40
98.0	24
98.0	20
98.09999999999854	51
97.29999999999563	65
97.29999999999563	35
97.29999999999563	26
97.29999999999563	48
97.29999999999563	19
97.29999999999563	3
97.39999999999418	73
97.39999999999418	15
97.39999999999418	43
97.39999999999418	64
97.39999999999418	27
97.39999999999418	9
97.39999999999418	37
97.39999999999418	60
97.39999999999418	42
97.5	52
97.5	57
97.5	62
97.5	31
97.5	49
97.5	29
97.5	21
97.5	23
97.59999999999854	61
97.59999999999854	11
97.59999999999854	7
98.69999999999709	39
98.69999999999709	14
98.69999999999709	38
98.69999999999709	59
98.69999999999709	10
98.69999999999709	66
98.69999999999709	44
98.69999999999709	13
98.69999999999709	45
98.69999999999709	63
98.69999999999709	19
98.69999999999709	54
98.69999999999709	33
98.69999999999709	30
98.69999999999709	68
98.69999999999709	48
98.69999999999709	21
98.69999999999709	75
99.29999999999563	73
99.59999999999854	6
99.59999999999854	65
99.29999999999563	16
99.29999999999563	17
99.39999999999418	17
99.39999999999418	47
99.39999999999418	53
99.39999999999418	1
99.39999999999418	50
99.39999999999418	61
99.39999999999418	4
99.5	41
99.5	35
99.5	24
99.5	56
99.5	56
99.59999999999854	20
99.69999999999709	46
99.69999999999709	8
99.29999999999563	58
99.29999999999563	5
99.29999999999563	22
99.29999999999563	22
99.29999999999563	60
99.29999999999563	69
99.29999999999563	64
99.29999999999563	74
99.5	37
99.5	2
99.5	57
99.5	12
99.5	12
99.5	36
99.5	15
99.5	62
100.09999999999854	52
100.09999999999854	59
100.09999999999854	2
100.09999999999854	30
100.09999999999854	45
100.09999999999854	63
100.09999999999854	71
100.09999999999854	23
100.09999999999854	42
100.09999999999854	9
100.09999999999854	9
100.09999999999854	14
101.09999999999854	18
100.29999999999563	18
100.29999999999563	54
100.29999999999563	39
100.39999999999418	68
100.39999999999418	36
100.5	44
100.59999999999854	31
100.69999999999709	67
100.89999999999418	43
100.89999999999418	1
100.29999999999563	51
100.29999999999563	50
100.29999999999563	28
100.29999999999563	28
100.29999999999563	7
100.39999999999418	52
100.39999999999418	19
100.39999999999418	58
100.39999999999418	35
100.39999999999418	66
100.39999999999418	3
100.5	60
100.5	33
100.5	32
100.5	4
100.5	32
100.5	29
100.5	56
100.5	21
100.5	72
100.59999999999854	10
100.59999999999854	71
100.59999999999854	40
100.59999999999854	75
100.59999999999854	25
100.59999999999854	25
100.59999999999854	34
100.59999999999854	34
100.59999999999854	47
100.59999999999854	53
100.59999999999854	38
100.59999999999854	24
100.59999999999854	55
100.59999999999854	27
100.69999999999709	15
100.69999999999709	11
100.69999999999709	5
100.69999999999709	26
100.79999999999563	26
100.79999999999563	8
100.79999999999563	20
100.79999999999563	51
100.79999999999563	49
100.79999999999563	41
100.79999999999563	69
100.89999999999418	13
100.89999999999418	73
100.89999999999418	22
100.89999999999418	42
101.0	48
101.0	65
101.0	3
101.0	57
101.09999999999854	17
101.09999999999854	11
101.09999999999854	16
101.09999999999854	37
101.29999999999563	6
101.5	55
101.79999999999563	43
101.29999999999563	54
101.29999999999563	64
101.39999999999418	61
101.39999999999418	25
101.39999999999418	49
101.5	46
101.5	63
101.5	67
101.59999999999854	12
101.59999999999854	40
101.59999999999854	59
101.59999999999854	72
101.69999999999709	29
101.69999999999709	36
101.69999999999709	23
101.69999999999709	34
101.79999999999563	62
101.79999999999563	44
101.79999999999563	50
101.79999999999563	1
101.79999999999563	27
101.89999999999418	8
102.0	14
102.0	9
102.0	45
102.0	32
102.0	31
102.0	7
102.09999999999854	30
102.09999999999854	18
102.09999999999854	26
102.09999999999854	2
102.09999999999854	39
102.09999999999854	71
102.09999999999854	28
102.09999999999854	13
102.09999999999854	73
102.59999999999854	19
102.69999999999709	66
102.79999999999563	37
102.89999999999418	10
102.29999999999563	16
102.29999999999563	68
102.29999999999563	5
102.29999999999563	58
102.39999999999418	21
102.39999999999418	4
102.39999999999418	56
102.39999999999418	60
102.39999999999418	33
102.5	24
102.5	53
102.5	35
102.5	15
102.5	52
102.5	47
102.59999999999854	41
102.59999999999854	42
102.59999999999854	75
102.59999999999854	20
102.69999999999709	69
102.69999999999709	48
102.79999999999563	57
102.79999999999563	38
102.89999999999418	3
103.0	51
103.0	54
103.0	11
103.09999999999854	43
103.39999999999418	25
103.5	65
103.5	64
103.5	17
103.29999999999563	49
103.29999999999563	6
103.29999999999563	63
103.29999999999563	34
103.39999999999418	22
103.39999999999418	59
103.39999999999418	55
103.5	36
103.59999999999854	67
103.59999999999854	61
103.79999999999563	12
103.79999999999563	45
103.79999999999563	9
103.79999999999563	28
103.79999999999563	32
103.79999999999563	29
103.79999999999563	23
103.79999999999563	50
103.89999999999418	44
103.89999999999418	71
103.89999999999418	1
103.89999999999418	62
104.0	40
104.0	72
104.0	5
104.0	39
104.0	27
104.09999999999854	10
104.09999999999854	19
104.09999999999854	14
104.09999999999854	58
104.09999999999854	8
104.09999999999854	26
104.09999999999854	66
104.09999999999854	53
104.29999999999563	60
104.39999999999418	37
104.39999999999418	31
104.69999999999709	2
104.29999999999563	73
104.29999999999563	24
104.29999999999563	21
104.29999999999563	13
104.29999999999563	7
104.29999999999563	18
104.29999999999563	30
104.39999999999418	42
104.39999999999418	4
104.39999999999418	38
104.39999999999418	68
104.5	16
104.5	15
104.5	41
104.5	57
104.5	20
104.59999999999854	33
104.59999999999854	69
104.59999999999854	47
104.59999999999854	35
104.59999999999854	52
104.59999999999854	56
104.69999999999709	54
104.79999999999563	48
104.89999999999418	75
104.89999999999418	3
105.0	25
105.0	34
105.0	11
105.09999999999854	63
105.09999999999854	64
105.09999999999854	43
105.09999999999854	51
105.69999999999709	49
105.29999999999563	36
105.29999999999563	59
105.39999999999418	65
105.39999999999418	6
105.39999999999418	17
105.59999999999854	22
105.59999999999854	55
105.69999999999709	5
105.69999999999709	32
105.69999999999709	28
105.69999999999709	71
105.79999999999563	9
105.79999999999563	39
105.79999999999563	19
105.79999999999563	23
105.79999999999563	45
105.89999999999418	67
105.89999999999418	12
105.89999999999418	10
105.89999999999418	14
105.89999999999418	61
106.0	29
106.0	53
106.0	44
106.09999999999854	60
106.09999999999854	18
106.09999999999854	62
106.09999999999854	1
106.09999999999854	42
106.09999999999854	15
106.39999999999418	56
107.0	58
106.29999999999563	24
106.29999999999563	21
106.29999999999563	27
106.29999999999563	66
106.39999999999418	8
106.89999999999418	33
107.0	54
107.09999999999854	72
106.29999999999563	73
106.29999999999563	26
106.29999999999563	57
106.39999999999418	40
106.39999999999418	2
106.39999999999418	41
106.5	4
106.5	31
106.5	7
106.5	30
106.59999999999854	20
106.59999999999854	69
106.59999999999854	37
106.59999999999854	75
106.59999999999854	68
106.59999999999854	38
106.69999999999709	13
106.69999999999709	16
106.69999999999709	52
106.69999999999709	47
106.79999999999563	35
106.89999999999418	3
106.89999999999418	63
106.89999999999418	11
106.89999999999418	48
106.89999999999418	36
106.89999999999418	64
107.0	34
107.0	59
107.09999999999854	43
107.09999999999854	25
107.09999999999854	49
107.29999999999563	28
107.29999999999563	6
107.29999999999563	65
107.39999999999418	51
107.39999999999418	17
107.39999999999418	5
107.39999999999418	19
107.59999999999854	71
107.59999999999854	32
107.59999999999854	39
107.59999999999854	45
107.69999999999709	9
107.79999999999563	53
107.79999999999563	10
107.79999999999563	66
107.79999999999563	55
107.79999999999563	18
108.0	44
108.0	60
108.0	37
108.0	56
108.0	29
108.0	57
108.0	67
108.0	14
108.0	58
108.0	23
108.0	24
108.0	42
108.0	22
108.09999999999854	21
108.09999999999854	15
108.09999999999854	12
108.29999999999563	1
108.29999999999563	33
108.29999999999563	54
108.29999999999563	4
108.29999999999563	8
108.39999999999418	62
108.39999999999418	73
108.39999999999418	69
108.39999999999418	61
108.5	26
108.5	41
108.5	20
108.5	40
108.5	34
108.5	27
108.59999999999854	75
108.59999999999854	2
108.59999999999854	7
108.69999999999709	11
108.69999999999709	31
108.69999999999709	30
108.69999999999709	36
108.69999999999709	68
108.79999999999563	38
108.79999999999563	64
108.79999999999563	59
108.79999999999563	13
108.79999999999563	3
108.89999999999418	16
108.89999999999418	47
108.89999999999418	63
109.0	35
109.0	43
109.0	48
109.0	25
109.09999999999854	52
109.09999999999854	28
109.09999999999854	72
109.09999999999854	49
109.69999999999709	19
109.79999999999563	5
109.39999999999418	6
109.39999999999418	71
109.5	39
109.5	45
109.5	32
109.5	53
109.59999999999854	66
109.59999999999854	51
109.59999999999854	17
109.59999999999854	10
109.59999999999854	18
109.69999999999709	54
109.69999999999709	42
109.69999999999709	65
109.69999999999709	15
109.79999999999563	57
109.79999999999563	37
109.79999999999563	9
110.0	21
110.0	4
110.0	56
110.0	58
110.0	23
110.0	14
110.09999999999854	24
110.09999999999854	26
110.09999999999854	29
110.09999999999854	67
110.29999999999563	73
110.5	55
111.09999999999854	8
110.29999999999563	33
110.29999999999563	34
110.29999999999563	69
110.29999999999563	41
110.29999999999563	22
110.29999999999563	12
110.29999999999563	60
110.39999999999418	61
110.39999999999418	44
110.39999999999418	62
110.39999999999418	20
110.5	36
110.5	63
110.59999999999854	27
110.59999999999854	75
110.59999999999854	59
110.59999999999854	11
110.69999999999709	64
110.79999999999563	40
110.79999999999563	2
110.79999999999563	3
110.79999999999563	7
110.79999999999563	72
110.79999999999563	28
110.79999999999563	43
110.89999999999418	68
110.89999999999418	31
110.89999999999418	13
110.89999999999418	30
110.89999999999418	25
110.89999999999418	52
111.0	47
111.0	19
111.0	49
111.0	38
111.09999999999854	5
112.0	24
112.0	10
112.0	39
112.0	14
112.0	42
112.0	54
112.0	56
112.0	15
112.0	9
112.0	53
112.0	4
112.0	51
112.0	48
112.0	58
112.0	71
112.0	57
112.0	65
112.09999999999854	66
112.09999999999854	45
112.09999999999854	23
112.09999999999854	35
112.09999999999854	73
112.09999999999854	16
112.09999999999854	69
112.09999999999854	44
112.09999999999854	18
112.09999999999854	60
112.09999999999854	37
112.39999999999418	29
112.5	67
112.5	33
113.0	21
112.29999999999563	6
112.29999999999563	34
112.29999999999563	26
112.29999999999563	8
112.29999999999563	41
112.29999999999563	36
112.29999999999563	55
112.39999999999418	17
112.39999999999418	63
112.69999999999709	20
112.69999999999709	62
112.69999999999709	61
112.69999999999709	12
112.69999999999709	11
112.69999999999709	19
112.69999999999709	59
112.69999999999709	5
112.69999999999709	75
112.69999999999709	22
112.79999999999563	3
112.79999999999563	28
113.39999999999418	72
113.39999999999418	49
113.39999999999418	57
113.39999999999418	16
113.39999999999418	27
113.39999999999418	25
113.39999999999418	68
113.39999999999418	2
113.39999999999418	39
113.39999999999418	32
113.39999999999418	32
113.39999999999418	47
113.39999999999418	30
113.5	10
113.5	71
113.5	38
113.5	53
113.5	6
113.5	48
113.5	35
113.5	54
113.5	15
113.5	52
113.5	64
113.5	13
113.5	31
113.5	42
113.59999999999854	24
113.59999999999854	45
113.59999999999854	18
113.59999999999854	37
113.69999999999709	65
113.69999999999709	43
113.69999999999709	56
113.69999999999709	66
113.69999999999709	34
113.69999999999709	9
113.79999999999563	21
113.79999999999563	7
113.79999999999563	17
113.79999999999563	40
113.89999999999418	51
113.89999999999418	26
113.89999999999418	4
114.0	14
114.0	60
114.0	69
114.0	73
114.09999999999854	58
114.09999999999854	36
114.79999999999563	3
114.79999999999563	43
114.79999999999563	64
114.79999999999563	41
114.79999999999563	19
114.79999999999563	59
114.79999999999563	23
114.79999999999563	29
114.79999999999563	44
114.79999999999563	67
114.79999999999563	8
114.79999999999563	5
114.79999999999563	20
114.79999999999563	33
114.79999999999563	25
114.79999999999563	62
114.79999999999563	55
114.89999999999418	11
114.89999999999418	22
114.89999999999418	63
114.89999999999418	71
114.89999999999418	12
115.0	52
115.0	54
115.0	42
115.0	27
115.0	49
115.0	75
115.0	61
115.0	57
115.0	53
115.0	32
115.09999999999854	66
115.09999999999854	39
115.09999999999854	2
116.09999999999854	68
115.59999999999854	10
116.0	7
115.29999999999563	34
115.29999999999563	13
115.29999999999563	28
115.29999999999563	15
115.29999999999563	48
115.29999999999563	31
115.29999999999563	30
115.29999999999563	40
115.29999999999563	45
115.39999999999418	6
115.39999999999418	56
115.39999999999418	18
115.39999999999418	24
115.39999999999418	72
115.39999999999418	35
115.39999999999418	16
115.5	38
115.5	37
115.69999999999709	21
115.69999999999709	9
115.79999999999563	26
115.79999999999563	36
115.79999999999563	65
115.79999999999563	69
116.0	58
116.0	17
116.0	4
116.0	60
116.0	63
116.39999999999418	59
116.39999999999418	73
116.5	28
116.5	41
116.79999999999563	44
116.89999999999418	51
116.89999999999418	23
117.09999999999854	5
116.39999999999418	33
116.39999999999418	29
116.39999999999418	64
116.39999999999418	20
116.39999999999418	19
116.5	11
116.5	67
116.5	42
116.59999999999854	54
116.59999999999854	43
116.69999999999709	25
116.69999999999709	53
116.79999999999563	71
116.79999999999563	3
116.79999999999563	57
116.79999999999563	8
116.79999999999563	49
116.89999999999418	55
116.89999999999418	12
116.89999999999418	75
116.89999999999418	39
117.0	66
117.0	45
117.0	10
117.0	34
117.0	22
117.0	62
117.09999999999854	52
117.09999999999854	32
117.09999999999854	15
117.29999999999563	37
117.29999999999563	61
117.29999999999563	27
117.29999999999563	2
117.39999999999418	68
117.39999999999418	48
117.39999999999418	7
117.5	24
117.5	18
117.5	56
117.5	26
117.5	30
117.59999999999854	21
117.59999999999854	35
117.59999999999854	13
117.59999999999854	40
117.59999999999854	6
117.59999999999854	36
117.69999999999709	16
117.69999999999709	31
117.69999999999709	38
117.69999999999709	9
117.69999999999709	69
117.79999999999563	59
117.79999999999563	60
117.89999999999418	72
117.89999999999418	28
117.89999999999418	4
117.89999999999418	63
117.89999999999418	65
118.0	17
118.0	19
118.0	5
118.09999999999854	41
118.09999999999854	73
118.69999999999709	42
118.79999999999563	64
119.09999999999854	58
118.29999999999563	44
118.39999999999418	54
118.5	53
118.5	29
118.5	51
118.5	57
118.5	33
118.5	23
118.59999999999854	71
118.59999999999854	25
118.59999999999854	43
118.69999999999709	34
118.69999999999709	67
118.79999999999563	49
118.79999999999563	11
118.79999999999563	10
118.79999999999563	66
118.89999999999418	20
118.89999999999418	3
118.89999999999418	39
118.89999999999418	75
118.89999999999418	45
119.0	8
119.0	15
119.0	52
119.09999999999854	55
119.09999999999854	12
119.09999999999854	32
119.09999999999854	24
119.59999999999854	62
119.59999999999854	37
119.29999999999563	18
119.29999999999563	22
119.29999999999563	36
119.39999999999418	27
119.39999999999418	68
119.39999999999418	26
119.5	21
119.59999999999854	69
119.59999999999854	59
119.59999999999854	63
119.69999999999709	7
119.69999999999709	5
119.69999999999709	9
119.69999999999709	2
119.69999999999709	30
119.79999999999563	19
119.79999999999563	60
119.79999999999563	58
119.89999999999418	31
119.89999999999418	41
119.89999999999418	42
119.89999999999418	61
120.0	13
120.0	38
120.0	65
120.0	73
120.0	72
120.0	35
120.09999999999854	64
120.09999999999854	17
120.09999999999854	4
120.09999999999854	44
120.09999999999854	54
120.09999999999854	40
120.09999999999854	28
120.5	56
120.69999999999709	6
120.29999999999563	57
120.29999999999563	33
120.5	71
120.5	20
120.5	23
120.5	34
120.5	51
120.5	11
120.5	29
120.59999999999854	66
120.59999999999854	25
120.59999999999854	53
120.59999999999854	43
120.69999999999709	10
120.69999999999709	49
120.69999999999709	39
120.89999999999418	75
120.89999999999418	67
121.0	24
121.0	3
121.0	32
121.09999999999854	37
121.09999999999854	45
121.09999999999854	15
121.09999999999854	56
121.09999999999854	36
121.09999999999854	8
122.09999999999854	55
121.39999999999418	63
121.39999999999418	21
121.39999999999418	59
121.5	62
121.5	12
121.5	52
121.5	69
121.5	9
121.59999999999854	19
121.59999999999854	27
121.59999999999854	68
121.59999999999854	28
121.59999999999854	5
121.69999999999709	61
121.69999999999709	26
121.69999999999709	60
121.69999999999709	42
121.69999999999709	22
121.69999999999709	54
121.79999999999563	18
121.79999999999563	2
121.79999999999563	58
121.79999999999563	6
121.89999999999418	13
121.89999999999418	7
121.89999999999418	35
121.89999999999418	41
121.89999999999418	64
122.0	57
122.09999999999854	31
122.09999999999854	65
122.09999999999854	4
122.09999999999854	33
122.09999999999854	34
122.5	53
122.29999999999563	17
122.29999999999563	71
122.29999999999563	72
122.39999999999418	38
122.39999999999418	25
122.39999999999418	40
122.39999999999418	44
122.39999999999418	66
122.39999999999418	43
122.39999999999418	20
122.5	39
122.5	10
122.59999999999854	49
122.59999999999854	23
122.59999999999854	11
122.69999999999709	45
122.69999999999709	29
122.69999999999709	51
122.79999999999563	3
122.79999999999563	24
122.89999999999418	18
122.89999999999418	15
122.89999999999418	75
122.89999999999418	32
122.89999999999418	36
123.0	8
123.0	56
123.5	37
123.5	28
123.5	19
123.5	55
123.5	42
123.5	62
123.5	59
123.5	5
123.5	63
123.59999999999854	21
123.59999999999854	69
123.59999999999854	26
123.69999999999709	60
123.69999999999709	52
123.69999999999709	58
123.79999999999563	27
123.79999999999563	57
123.79999999999563	64
123.79999999999563	22
123.89999999999418	2
123.89999999999418	53
123.89999999999418	34
123.89999999999418	12
123.89999999999418	61
123.89999999999418	68
123.89999999999418	6
124.0	13
124.0	41
124.09999999999854	9
124.09999999999854	33
124.09999999999854	7
124.09999999999854	35
124.09999999999854	4
125.09999999999854	71
124.29999999999563	54
124.29999999999563	66
124.29999999999563	65
124.29999999999563	31
124.29999999999563	25
124.29999999999563	43
124.29999999999563	38
124.39999999999418	17
124.39999999999418	39
124.5	44
124.5	20
124.59999999999854	40
124.59999999999854	11
124.59999999999854	49
124.59999999999854	10
124.59999999999854	45
124.59999999999854	23
124.59999999999854	72
124.69999999999709	24
124.69999999999709	3
124.69999999999709	5
124.69999999999709	29
124.69999999999709	15
124.79999999999563	32
124.79999999999563	36
124.79999999999563	18
124.89999999999418	75
125.0	56
125.0	51
125.0	59
125.0	28
125.09999999999854	63
125.09999999999854	37
125.09999999999854	19
125.69999999999709	54
125.29999999999563	69
125.29999999999563	8
125.29999999999563	42
125.39999999999418	9
125.5	26
125.5	52
125.5	34
125.59999999999854	57
125.59999999999854	12
125.69999999999709	60
125.69999999999709	62
125.79999999999563	55
125.79999999999563	53
125.79999999999563	64
125.79999999999563	41
125.79999999999563	6
125.89999999999418	68
125.89999999999418	58
125.89999999999418	4
126.59999999999854	66
126.59999999999854	5
126.59999999999854	11
126.59999999999854	36
126.59999999999854	20
126.59999999999854	15
126.59999999999854	13
126.59999999999854	17
126.59999999999854	31
126.59999999999854	2
126.59999999999854	33
126.59999999999854	3
126.59999999999854	39
126.69999999999709	27
126.69999999999709	43
127.29999999999563	24
127.29999999999563	54
127.29999999999563	10
127.29999999999563	63
127.29999999999563	40
127.29999999999563	34
127.29999999999563	56
127.29999999999563	69
127.29999999999563	42
127.29999999999563	59
127.29999999999563	7
127.29999999999563	29
127.29999999999563	72
127.29999999999563	65
127.29999999999563	25
127.29999999999563	75
127.29999999999563	18
127.29999999999563	37
127.29999999999563	35
127.29999999999563	49
127.29999999999563	44
127.29999999999563	71
127.29999999999563	51
127.29999999999563	19
127.29999999999563	23
127.39999999999418	9
127.39999999999418	26
127.39999999999418	28
127.39999999999418	22
127.39999999999418	45
127.5	61
127.5	57
127.5	8
127.5	60
127.5	53
127.5	38
127.59999999999854	64
127.59999999999854	52
128.39999999999418	20
128.39999999999418	10
128.39999999999418	24
128.39999999999418	43
128.39999999999418	39
128.39999999999418	32
128.39999999999418	12
128.39999999999418	66
128.39999999999418	55
128.39999999999418	58
128.39999999999418	68
128.39999999999418	49
128.39999999999418	2
128.89999999999418	19
128.89999999999418	38
128.89999999999418	4
128.89999999999418	17
128.89999999999418	7
128.89999999999418	45
128.89999999999418	5
128.89999999999418	23
128.89999999999418	63
128.89999999999418	35
128.89999999999418	33
128.89999999999418	54
128.89999999999418	71
128.89999999999418	62
128.89999999999418	28
128.89999999999418	42
128.89999999999418	6
128.89999999999418	41
128.89999999999418	61
128.89999999999418	18
128.89999999999418	59
128.89999999999418	22
128.89999999999418	32
128.89999999999418	15
129.0	3
129.0	29
129.59999999999854	41
129.59999999999854	60
129.59999999999854	36
129.59999999999854	25
129.59999999999854	75
129.59999999999854	8
129.59999999999854	56
129.59999999999854	51
129.59999999999854	64
129.59999999999854	13
129.6999999999971	58
129.6999999999971	40
129.6999999999971	65
129.6999999999971	71
129.6999999999971	9
129.6999999999971	53
129.6999999999971	57
129.6999999999971	69
129.6999999999971	26
129.6999999999971	27
129.6999999999971	37
129.6999999999971	44
129.6999999999971	66
129.79999999999563	52
129.79999999999563	72
129.89999999999418	4
129.89999999999418	34
129.89999999999418	6
129.89999999999418	11
130.0	39
130.0	25
130.0	5
130.0	10
130.0	12
130.09999999999854	62
130.09999999999854	33
130.09999999999854	55
130.09999999999854	36
130.59999999999854	28
130.6999999999971	24
130.39999999999418	42
130.39999999999418	19
130.39999999999418	32
130.39999999999418	49
130.39999999999418	27
130.39999999999418	3
130.89999999999418	34
130.89999999999418	59
130.89999999999418	65
130.89999999999418	45
130.89999999999418	7
130.89999999999418	44
130.89999999999418	69
130.89999999999418	63
130.89999999999418	17
130.89999999999418	61
130.89999999999418	35
131.0	11
131.0	20
131.0	23
131.0	2
131.0	54
131.0	18
131.0	38
131.09999999999854	68
131.09999999999854	57
131.09999999999854	56
131.09999999999854	15
131.09999999999854	53
131.09999999999854	22
131.09999999999854	29
131.29999999999563	43
131.29999999999563	13
131.29999999999563	9
131.29999999999563	75
131.29999999999563	60
131.39999999999418	64
131.39999999999418	37
131.39999999999418	40
131.39999999999418	51
131.39999999999418	71
131.5	41
131.5	72
131.59999999999854	66
131.59999999999854	58
131.6999999999971	5
131.6999999999971	8
131.6999999999971	36
131.79999999999563	10
131.79999999999563	4
131.89999999999418	52
131.89999999999418	25
132.0	28
132.0	42
132.09999999999854	54
132.09999999999854	43
132.09999999999854	6
132.09999999999854	33
132.09999999999854	59
132.09999999999854	12
132.09999999999854	49
132.59999999999854	15
132.29999999999563	19
132.29999999999563	24
132.39999999999418	45
132.29999999999563	62
132.29999999999563	11
132.39999999999418	63
132.39999999999418	32
132.39999999999418	3
132.39999999999418	20
132.39999999999418	34
132.5	18
132.5	55
132.59999999999854	27
132.59999999999854	57
132.59999999999854	2
132.6999999999971	65
132.6999999999971	68
132.6999999999971	37
132.6999999999971	35
132.6999999999971	56
132.79999999999563	13
132.79999999999563	44
132.79999999999563	69
132.79999999999563	23
132.79999999999563	17
132.89999999999418	61
132.89999999999418	7
133.0	22
133.0	53
133.09999999999854	29
133.79999999999563	9
134.0	38
133.39999999999418	64
133.39999999999418	60
133.39999999999418	41
133.39999999999418	5
133.39999999999418	75
133.39999999999418	58
133.5	51
133.5	71
133.6999999999971	40
133.6999999999971	42
133.6999999999971	10
133.79999999999563	54
133.79999999999563	66
133.79999999999563	28
133.79999999999563	25
133.79999999999563	4
133.89999999999418	8
133.89999999999418	24
133.89999999999418	52
133.89999999999418	19
133.89999999999418	59
133.89999999999418	45
134.0	43
134.0	72
134.0	36
134.09999999999854	33
134.09999999999854	15
134.09999999999854	34
134.09999999999854	49
134.09999999999854	63
134.09999999999854	3
134.29999999999563	11
134.29999999999563	6
134.29999999999563	32
134.29999999999563	20
134.29999999999563	12
134.29999999999563	57
134.39999999999418	18
134.5	68
134.5	62
134.59999999999854	37
134.6999999999971	55
134.6999999999971	56
134.6999999999971	69
134.6999999999971	65
134.79999999999563	27
134.79999999999563	53
134.79999999999563	44
134.89999999999418	35
134.89999999999418	2
135.0	13
135.0	17
135.0	23
135.09999999999854	64
135.09999999999854	7
135.39999999999418	5
135.39999999999418	71
135.59999999999854	61
135.6999999999971	29
135.29999999999563	36
135.29999999999563	66
135.29999999999563	9
135.5	22
135.5	42
135.5	38
135.5	10
135.5	28
135.5	75
135.5	41
135.5	58
135.5	54
135.5	25
135.6999999999971	51
135.6999999999971	19
135.6999999999971	34
135.79999999999563	59
135.79999999999563	24
135.79999999999563	4
135.89999999999418	15
135.89999999999418	43
136.0	63
136.0	45
136.0	49
136.0	8
136.0	33
136.09999999999854	52
136.09999999999854	3
136.09999999999854	72
136.09999999999854	11
136.09999999999854	57
136.09999999999854	6
136.59999999999854	20
136.29999999999563	37
136.39999999999418	32
136.59999999999854	18
136.59999999999854	53
136.59999999999854	56
136.59999999999854	69
136.59999999999854	12
136.59999999999854	68
136.6999999999971	65
136.6999999999971	62
136.79999999999563	44
136.79999999999563	55
136.79999999999563	5
137.0	23
137.0	64
137.0	27
137.09999999999854	17
137.09999999999854	66
137.09999999999854	35
137.09999999999854	71
137.29999999999563	2
137.39999999999418	9
137.5	42
137.5	13
137.59999999999854	54
137.59999999999854	41
138.0	28
137.29999999999563	7
137.29999999999563	10
137.39999999999418	25
137.39999999999418	29
137.39999999999418	75
137.39999999999418	34
137.5	61
137.5	19
137.59999999999854	59
137.59999999999854	22
137.59999999999854	24
137.59999999999854	43
137.6999999999971	15
137.79999999999563	38
137.79999999999563	4
137.79999999999563	63
137.79999999999563	57
137.89999999999418	51
137.89999999999418	45
137.89999999999418	52
138.0	49
138.0	33
138.09999999999854	11
138.09999999999854	32
138.59999999999854	37
138.59999999999854	6
139.0	20
138.29999999999563	3
138.39999999999418	53
138.39999999999418	72
138.5	69
138.5	56
138.59999999999854	5
138.6999999999971	12
138.79999999999563	65
138.79999999999563	68
138.79999999999563	71
138.79999999999563	62
138.89999999999418	9
138.89999999999418	44
139.0	54
139.0	42
139.0	41
139.0	66
139.09999999999854	55
139.09999999999854	28
139.59999999999854	17
139.6999999999971	23
139.6999999999971	35
139.6999999999971	34
139.79999999999563	2
139.89999999999418	27
139.89999999999418	19
139.89999999999418	10
139.29999999999563	75
139.39999999999418	24
139.5	29
139.5	59
139.59999999999854	43
139.59999999999854	15
139.59999999999854	13
139.59999999999854	7
139.59999999999854	57
139.59999999999854	25
139.59999999999854	63
139.6999999999971	45
139.6999999999971	4
139.6999999999971	61
139.89999999999418	38
139.89999999999418	22
139.89999999999418	49
140.0	32
140.09999999999854	11
140.09999999999854	51
140.09999999999854	33
140.09999999999854	3
140.5	20
140.59999999999854	6
140.29999999999563	37
140.29999999999563	52
140.29999999999563	53
140.29999999999563	69
140.39999999999418	5
140.39999999999418	56
140.59999999999854	71
140.59999999999854	54
140.6999999999971	42
140.6999999999971	72
140.79999999999563	9
140.79999999999563	28
140.79999999999563	66
140.89999999999418	34
140.89999999999418	68
140.89999999999418	44
140.89999999999418	12
141.0	41
141.0	62
141.0	19
141.09999999999854	10
141.09999999999854	65
141.39999999999418	59
142.09999999999854	23
141.29999999999563	29
141.29999999999563	24
141.29999999999563	17
141.29999999999563	75
141.39999999999418	63
141.39999999999418	2
141.5	45
141.5	25
141.5	15
141.5	27
141.5	43
141.5	57
141.59999999999854	13
141.6999999999971	35
141.6999999999971	4
141.6999999999971	49
141.6999999999971	7
141.89999999999418	53
142.0	11
142.0	61
142.0	3
142.0	37
142.0	33
142.0	5
142.09999999999854	20
142.09999999999854	38
142.29999999999563	69
142.39999999999418	22
142.59999999999854	52
143.09999999999854	6
143.0	9
143.0	51
143.0	19
143.0	41
143.0	66
143.0	54
143.0	72
143.0	42
143.0	44
143.0	10
143.09999999999854	12
143.09999999999854	59
143.09999999999854	56
143.09999999999854	34
143.09999999999854	57
143.09999999999854	68
143.59999999999854	25
143.59999999999854	43
143.59999999999854	23
143.59999999999854	49
143.59999999999854	4
143.59999999999854	62
143.59999999999854	2
143.59999999999854	17
143.59999999999854	35
143.59999999999854	15
143.59999999999854	27
143.59999999999854	24
143.6999999999971	28
144.29999999999563	69
144.29999999999563	53
144.29999999999563	61
144.29999999999563	5
144.29999999999563	34
144.29999999999563	45
144.29999999999563	13
144.29999999999563	6
144.29999999999563	11
144.29999999999563	3
144.29999999999563	7
144.29999999999563	52
144.29999999999563	54
144.29999999999563	20
144.29999999999563	56
144.29999999999563	28
144.29999999999563	38
144.29999999999563	42
144.29999999999563	63
144.39999999999418	33
144.39999999999418	71
144.39999999999418	71
144.39999999999418	66
144.39999999999418	75
144.39999999999418	37
144.5	22
144.5	19
144.5	29
144.79999999999563	59
144.79999999999563	10
144.89999999999418	9
144.89999999999418	57
145.29999999999563	63
145.29999999999563	15
145.29999999999563	43
145.29999999999563	62
145.39999999999418	23
145.39999999999418	12
145.39999999999418	68
145.39999999999418	24
145.39999999999418	45
145.39999999999418	4
145.39999999999418	25
145.5	72
145.5	53
145.5	44
145.5	49
145.59999999999854	17
145.59999999999854	5
145.59999999999854	75
145.6999999999971	35
145.6999999999971	29
145.79999999999563	27
145.79999999999563	54
145.89999999999418	41
145.89999999999418	2
145.89999999999418	13
145.89999999999418	11
145.89999999999418	3
145.89999999999418	69
146.0	34
146.0	56
146.0	28
146.09999999999854	20
146.09999999999854	71
146.09999999999854	7
146.29999999999563	66
146.39999999999418	19
146.39999999999418	52
146.5	6
146.5	61
146.5	33
146.5	59
146.5	38
146.59999999999854	10
146.6999999999971	57
146.79999999999563	22
146.79999999999563	63
146.89999999999418	9
146.89999999999418	24
147.0	41
147.0	15
147.09999999999854	44
147.59999999999854	45
147.89999999999418	5
147.29999999999563	43
147.39999999999418	68
147.39999999999418	4
147.39999999999418	53
147.39999999999418	25
147.39999999999418	23
147.39999999999418	12
147.5	75
147.5	62
147.5	49
147.59999999999854	54
147.6999999999971	17
147.79999999999563	29
147.79999999999563	72
147.79999999999563	11
147.79999999999563	28
147.79999999999563	34
147.89999999999418	35
147.89999999999418	69
147.89999999999418	3
148.0	27
148.0	2
148.0	71
148.0	56
148.0	20
148.09999999999854	19
148.09999999999854	13
148.09999999999854	66
148.39999999999418	33
148.29999999999563	59
148.29999999999563	7
148.39999999999418	57
148.39999999999418	10
148.5	6
148.5	52
148.59999999999854	63
148.6999999999971	24
148.6999999999971	61
148.79999999999563	9
148.89999999999418	41
149.0	5
149.0	22
149.09999999999854	25
149.29999999999563	53
149.39999999999418	44
149.5	43
149.5	38
149.59999999999854	45
149.29999999999563	4
149.39999999999418	34
149.39999999999418	23
149.59999999999854	28
149.59999999999854	75
149.59999999999854	12
149.6999999999971	49
149.6999999999971	69
149.79999999999563	17
149.79999999999563	71
149.79999999999563	19
149.79999999999563	56
149.79999999999563	11
149.89999999999418	3
149.89999999999418	29
149.89999999999418	72
149.89999999999418	62
150.0	66
150.0	20
150.0	35
150.09999999999854	59
150.59999999999854	57
150.6999999999971	2
150.79999999999563	33
150.79999999999563	27
151.09999999999854	10
150.29999999999563	13
150.39999999999418	63
150.5	6
150.5	24
150.5	7
150.59999999999854	52
150.6999999999971	41
150.6999999999971	5
150.79999999999563	9
150.89999999999418	25
151.0	53
151.0	38
151.0	61
151.59999999999854	34
152.09999999999854	44
151.29999999999563	4
151.5	49
151.5	23
151.5	22
151.59999999999854	69
151.59999999999854	71
151.59999999999854	28
151.59999999999854	19
151.6999999999971	11
151.6999999999971	45
151.79999999999563	66
151.79999999999563	12
151.79999999999563	3
151.79999999999563	75
151.89999999999418	57
152.0	17
152.0	20
152.0	29
152.0	62
152.09999999999854	33
152.29999999999563	35
152.39999999999418	10
152.59999999999854	72
152.29999999999563	6
152.39999999999418	63
152.39999999999418	24
152.39999999999418	27
152.39999999999418	5
152.5	13
152.5	2
152.6999999999971	52
152.6999999999971	9
152.6999999999971	41
152.6999999999971	53
152.79999999999563	34
152.89999999999418	25
153.09999999999854	28
153.6999999999971	38
153.29999999999563	4
153.29999999999563	61
153.29999999999563	44
153.39999999999418	49
153.39999999999418	19
153.5	69
153.5	71
153.59999999999854	23
153.6999999999971	75
153.6999999999971	66
153.6999999999971	11
153.6999999999971	22
153.79999999999563	3
153.89999999999418	20
153.89999999999418	10
154.0	12
154.0	17
154.0	29
154.09999999999854	24
154.09999999999854	33
154.29999999999563	5
154.59999999999854	63
154.59999999999854	62
154.29999999999563	35
154.39999999999418	6
154.5	34
154.5	2
154.59999999999854	27
154.59999999999854	72
154.6999999999971	9
154.6999999999971	53
154.6999999999971	13
154.6999999999971	41
154.79999999999563	52
154.79999999999563	25
154.89999999999418	28
155.09999999999854	19
155.29999999999563	49
155.29999999999563	4
155.29999999999563	69
155.39999999999418	71
155.39999999999418	38
155.39999999999418	44
155.5	61
155.5	66
155.59999999999854	11
155.6999999999971	75
155.6999999999971	23
155.6999999999971	3
155.89999999999418	20
155.89999999999418	5
155.89999999999418	63
156.0	22
156.09999999999854	24
157.0	17
157.0	9
157.09999999999854	53
157.09999999999854	12
157.09999999999854	2
157.09999999999854	6
157.09999999999854	13
157.09999999999854	33
157.09999999999854	72
157.6999999999971	34
157.6999999999971	4
157.6999999999971	35
157.6999999999971	62
157.6999999999971	41
157.6999999999971	44
157.6999999999971	20
157.6999999999971	66
157.6999999999971	49
157.6999999999971	75
157.6999999999971	63
157.6999999999971	38
157.6999999999971	69
157.6999999999971	3
157.6999999999971	11
157.79999999999563	28
157.79999999999563	29
157.79999999999563	61
157.79999999999563	24
157.79999999999563	19
157.79999999999563	71
157.79999999999563	5
157.89999999999418	27
157.89999999999418	52
158.09999999999854	17
158.09999999999854	34
158.09999999999854	33
158.79999999999563	22
158.89999999999418	29
158.29999999999563	53
159.29999999999563	62
159.39999999999418	49
159.39999999999418	66
159.5	27
159.5	19
159.59999999999854	28
159.59999999999854	71
159.59999999999854	12
159.6999999999971	52
159.89999999999418	4
160.0	35
159.6999999999971	13
159.6999999999971	44
159.6999999999971	63
159.6999999999971	41
159.6999999999971	5
160.79999999999563	61
161.0	75
160.29999999999563	53
160.29999999999563	24
160.29999999999563	28
160.29999999999563	33
160.29999999999563	38
160.29999999999563	72
160.29999999999563	29
160.29999999999563	6
160.39999999999418	17
160.39999999999418	34
160.39999999999418	11
160.5	9
160.5	41
160.5	9
160.5	22
160.5	12
160.59999999999854	19
160.59999999999854	62
160.6999999999971	6
160.79999999999563	35
160.79999999999563	71
161.0	66
161.0	27
161.79999999999563	4
161.39999999999418	34
161.39999999999418	63
161.39999999999418	52
161.5	72
161.5	44
161.6999999999971	24
161.6999999999971	53
162.0	28
162.09999999999854	75
162.29999999999563	38
162.29999999999563	61
162.39999999999418	19
162.39999999999418	9
162.5	41
162.5	29
162.5	17
162.59999999999854	71
162.6999999999971	12
162.79999999999563	6
162.79999999999563	66
162.79999999999563	22
163.0	35
163.09999999999854	34
163.09999999999854	52
163.09999999999854	63
163.29999999999563	4
163.39999999999418	27
163.5	24
163.59999999999854	53
163.59999999999854	44
163.59999999999854	28
163.6999999999971	72
163.89999999999418	19
164.0	75
164.29999999999563	38
164.29999999999563	41
164.39999999999418	9
164.5	71
164.5	29
164.5	61
164.59999999999854	17
164.6999999999971	66
164.6999999999971	34
164.89999999999418	12
165.0	63
165.0	52
165.09999999999854	4
165.09999999999854	22
165.59999999999854	35
165.29999999999563	53
165.39999999999418	24
165.39999999999418	28
165.59999999999854	27
165.6999999999971	19
165.6999999999971	44
166.09999999999854	75
166.29999999999563	41
166.39999999999418	71
166.39999999999418	34
166.5	9
166.5	66
166.5	38
166.5	72
166.59999999999854	29
166.6999999999971	17
166.79999999999563	61
166.79999999999563	63
167.09999999999854	52
167.09999999999854	53
167.09999999999854	28
167.5	24
167.29999999999563	35
167.39999999999418	22
167.5	19
167.6999999999971	44
167.79999999999563	27
168.39999999999418	71
168.6999999999971	34
168.79999999999563	41
168.29999999999563	72
168.29999999999563	9
168.39999999999418	66
168.59999999999854	63
168.6999999999971	29
168.79999999999563	38
168.79999999999563	17
168.89999999999418	28
168.89999999999418	53
169.0	61
169.0	24
169.39999999999418	52
170.09999999999854	19
169.5	35
169.6999999999971	22
169.79999999999563	44
169.89999999999418	34
170.0	27
170.09999999999854	71
170.09999999999854	66
170.5	41
171.0	9
170.5	63
170.59999999999854	72
170.59999999999854	29
170.6999999999971	28
170.89999999999418	24
171.0	38
171.0	17
171.09999999999854	19
171.29999999999563	52
171.59999999999854	34
171.59999999999854	35
171.79999999999563	71
171.79999999999563	44
172.0	22
172.0	66
172.09999999999854	41
172.6999999999971	27
173.09999999999854	9
172.29999999999563	63
173.0	19
173.0	72
173.0	24
173.0	29
173.6999999999971	34
173.6999999999971	17
173.79999999999563	38
173.79999999999563	52
173.79999999999563	71
173.79999999999563	35
173.79999999999563	41
173.79999999999563	28
173.79999999999563	66
173.89999999999418	44
174.0	63
174.09999999999854	9
174.5	28
174.29999999999563	22
174.39999999999418	27
174.89999999999418	19
174.89999999999418	24
174.89999999999418	29
175.59999999999854	66
175.59999999999854	38
175.6999999999971	52
175.6999999999971	72
175.6999999999971	17
175.6999999999971	71
175.6999999999971	34
175.6999999999971	41
175.79999999999563	63
175.89999999999418	35
175.89999999999418	28
176.0	44
176.29999999999563	19
176.5	22
176.79999999999563	24
176.89999999999418	27
177.09999999999854	29
177.29999999999563	17
177.29999999999563	71
177.5	72
177.5	66
177.59999999999854	38
177.59999999999854	63
177.6999999999971	28
177.79999999999563	41
177.79999999999563	52
178.09999999999854	19
178.09999999999854	44
178.09999999999854	35
178.29999999999563	24
178.79999999999563	27
178.79999999999563	22
179.89999999999418	29
179.29999999999563	71
179.29999999999563	66
179.39999999999418	17
179.5	28
179.59999999999854	63
179.6999999999971	41
179.79999999999563	19
180.09999999999854	44
180.5	24
180.29999999999563	35
181.0	27
181.0	71
181.09999999999854	22
181.09999999999854	66
181.39999999999418	29
181.39999999999418	28
181.39999999999418	63
181.5	41
181.59999999999854	17
181.59999999999854	19
182.0	24
182.6999999999971	44
182.39999999999418	35
182.79999999999563	71
183.0	66
183.0	28
183.09999999999854	63
183.89999999999418	27
183.29999999999563	29
183.39999999999418	22
183.39999999999418	19
183.5	41
183.6999999999971	17
183.79999999999563	24
184.09999999999854	44
184.59999999999854	35
184.6999999999971	71
184.6999999999971	28
185.09999999999854	19
185.39999999999418	27
185.39999999999418	41
185.6999999999971	24
185.79999999999563	22
185.79999999999563	17
186.09999999999854	44
186.5	28
186.5	71
186.6999999999971	35
186.89999999999418	19
187.29999999999563	41
187.5	24
187.59999999999854	27
188.59999999999854	17
188.6999999999971	44
188.6999999999971	71
188.79999999999563	19
188.89999999999418	35
189.5	24
190.39999999999418	27
190.5	41
190.79999999999563	17
190.39999999999418	44
190.39999999999418	19
191.09999999999854	35
191.79999999999563	41
191.89999999999418	24
192.09999999999854	27
192.09999999999854	17
192.6999999999971	19
193.79999999999563	35
193.29999999999563	41
195.29999999999563	41
195.39999999999418	35
197.29999999999563	41
197.5	35
199.09999999999854	41
199.6999999999971	35
201.0	41
201.89999999999418	35
202.89999999999418	41
204.0	35
204.89999999999418	41
207.09999999999854	35
206.79999999999563	41
208.29999999999563	35
208.6999999999971	41
210.5	35
210.6999999999971	41
212.59999999999854	41
214.5	41
