0.0	30
2.1000000000058208	30
4.100000000005821	30
5.600000000005821	29
6.100000000005821	30
6.30000000000291	13
8.200000000004366	29
8.10000000000582	30
8.200000000004366	13
9.0	49
9.5	7
9.900000000001455	32
9.900000000001455	50
10.10000000000582	13
10.10000000000582	29
10.10000000000582	30
10.400000000001455	34
11.400000000001455	18
11.30000000000291	49
11.5	7
11.900000000001455	10
11.900000000001455	32
12.0	13
12.10000000000582	30
12.10000000000582	29
12.200000000004366	50
12.5	34
12.700000000004366	22
12.700000000004366	18
13.10000000000582	23
14.0	49
14.0	7
14.0	38
14.0	13
14.0	32
14.10000000000582	30
14.200000000004366	10
14.200000000004366	29
14.200000000004366	50
14.30000000000291	26
14.5	34
14.60000000000582	8
14.60000000000582	18
14.700000000004366	22
14.700000000004366	6
15.10000000000582	31
16.0	17
16.0	7
16.10000000000582	38
16.10000000000582	13
16.10000000000582	30
16.10000000000582	49
16.10000000000582	32
16.200000000004366	41
16.30000000000291	29
16.30000000000291	50
16.60000000000582	34
16.60000000000582	8
16.60000000000582	26
16.60000000000582	18
16.900000000001455	6
16.900000000001455	22
16.900000000001455	21
17.400000000001455	23
17.400000000001455	31
17.60000000000582	41
17.700000000004366	4
17.700000000004366	14
17.700000000004366	1
17.900000000001455	17
18.0	7
18.0	49
18.200000000004366	15
18.200000000004366	38
18.30000000000291	32
18.30000000000291	50
18.400000000001455	29
18.400000000001455	10
18.400000000001455	18
18.60000000000582	34
18.60000000000582	26
18.700000000004366	6
18.700000000004366	8
18.700000000004366	22
19.5	48
19.10000000000582	21
19.30000000000291	3
19.5	23
19.700000000004366	31
19.700000000004366	41
19.900000000001455	4
19.900000000001455	14
19.900000000001455	40
20.0	15
20.0	13
20.0	1
20.0	17
20.200000000004366	7
20.200000000004366	30
20.30000000000291	38
20.30000000000291	50
20.400000000001455	29
20.400000000001455	32
20.5	18
20.5	49
20.5	34
20.60000000000582	22
20.60000000000582	6
20.60000000000582	26
20.700000000004366	10
20.700000000004366	2
21.5	8
21.60000000000582	25
21.0	48
21.10000000000582	21
21.10000000000582	45
21.30000000000291	3
21.400000000001455	12
21.60000000000582	23
21.60000000000582	24
21.700000000004366	19
21.700000000004366	31
22.400000000001455	41
22.5	15
22.5	4
21.900000000001455	40
22.0	17
22.10000000000582	1
22.10000000000582	13
22.200000000004366	50
22.30000000000291	14
22.30000000000291	38
22.30000000000291	7
22.400000000001455	30
22.400000000001455	29
22.5	22
22.5	18
22.5	34
22.5	32
22.5	6
22.60000000000582	28
22.60000000000582	10
22.60000000000582	2
22.700000000004366	26
23.10000000000582	49
23.5	8
22.900000000001455	25
23.0	27
23.0	35
23.200000000004366	48
23.200000000004366	21
23.400000000001455	12
23.60000000000582	3
23.700000000004366	24
23.900000000001455	23
24.5	16
23.900000000001455	15
23.900000000001455	19
23.900000000001455	42
23.900000000001455	4
23.900000000001455	31
24.0	41
24.0	17
24.10000000000582	40
24.10000000000582	1
24.200000000004366	50
24.200000000004366	13
24.30000000000291	14
24.30000000000291	43
24.400000000001455	38
24.400000000001455	7
24.400000000001455	6
24.5	30
24.5	22
24.5	29
24.5	32
24.5	34
24.60000000000582	18
24.700000000004366	25
24.700000000004366	2
24.700000000004366	10
25.10000000000582	28
25.5	8
24.900000000001455	26
24.900000000001455	27
25.10000000000582	35
25.30000000000291	21
25.30000000000291	12
25.400000000001455	48
25.5	45
25.60000000000582	3
25.60000000000582	24
25.700000000004366	15
26.0	4
26.0	11
26.10000000000582	17
26.10000000000582	19
26.10000000000582	1
26.200000000004366	9
26.200000000004366	40
26.30000000000291	41
26.30000000000291	16
26.30000000000291	23
26.30000000000291	31
26.30000000000291	50
26.30000000000291	14
26.400000000001455	43
26.400000000001455	22
26.400000000001455	6
26.400000000001455	7
26.400000000001455	13
26.400000000001455	38
26.5	29
26.60000000000582	2
26.60000000000582	10
26.60000000000582	34
26.700000000004366	30
26.700000000004366	44
27.700000000004366	26
27.700000000004366	49
27.700000000004366	25
26.900000000001455	32
26.900000000001455	27
26.900000000001455	8
27.10000000000582	28
27.30000000000291	12
27.30000000000291	21
27.5	45
27.5	35
27.5	48
27.60000000000582	3
27.700000000004366	15
28.30000000000291	50
28.30000000000291	41
28.400000000001455	1
28.400000000001455	16
29.10000000000582	38
29.10000000000582	31
29.10000000000582	24
29.10000000000582	25
29.10000000000582	43
29.10000000000582	39
29.10000000000582	20
29.10000000000582	49
29.10000000000582	19
29.10000000000582	29
29.10000000000582	14
29.10000000000582	4
29.10000000000582	30
29.10000000000582	27
29.10000000000582	9
29.10000000000582	8
29.10000000000582	17
29.10000000000582	34
29.10000000000582	7
29.10000000000582	28
29.10000000000582	2
29.10000000000582	10
29.10000000000582	42
29.10000000000582	26
29.200000000004366	18
29.200000000004366	40
29.200000000004366	12
29.200000000004366	32
29.30000000000291	23
29.30000000000291	35
29.30000000000291	11
29.30000000000291	21
29.400000000001455	13
29.5	45
29.60000000000582	48
29.60000000000582	3
29.700000000004366	24
29.900000000001455	15
30.5	23
30.5	16
30.5	4
30.5	41
30.5	42
30.5	31
30.5	1
30.5	14
30.5	11
30.5	50
30.5	6
30.60000000000582	17
30.60000000000582	29
30.60000000000582	7
30.60000000000582	13
30.60000000000582	43
30.60000000000582	22
30.60000000000582	19
30.60000000000582	38
30.60000000000582	10
30.60000000000582	26
30.700000000004366	9
30.700000000004366	40
30.700000000004366	39
30.700000000004366	32
30.700000000004366	18
30.700000000004366	2
31.10000000000582	30
31.30000000000291	27
31.5	49
31.60000000000582	34
30.900000000001455	25
30.900000000001455	44
31.0	20
31.10000000000582	36
31.10000000000582	28
31.10000000000582	12
31.200000000004366	8
31.30000000000291	21
31.30000000000291	35
31.700000000004366	45
31.700000000004366	48
32.30000000000291	24
31.900000000001455	3
32.5	17
32.5	31
32.5	1
32.5	42
32.5	41
32.5	6
32.5	16
32.5	4
32.60000000000582	38
32.60000000000582	23
32.60000000000582	14
32.60000000000582	50
32.700000000004366	13
32.700000000004366	19
32.700000000004366	39
32.700000000004366	11
32.700000000004366	26
32.700000000004366	9
32.700000000004366	7
33.200000000004366	49
33.200000000004366	2
33.30000000000291	40
33.400000000001455	18
33.400000000001455	32
33.5	44
33.5	43
32.900000000001455	27
32.900000000001455	22
33.0	30
33.0	25
33.0	8
33.0	36
33.0	12
33.10000000000582	20
33.200000000004366	10
33.200000000004366	28
33.30000000000291	21
33.400000000001455	35
33.700000000004366	45
34.700000000004366	3
33.900000000001455	48
33.900000000001455	33
34.0	24
34.0	15
34.400000000001455	5
34.400000000001455	4
34.5	46
34.5	42
34.5	1
34.60000000000582	41
34.60000000000582	25
34.60000000000582	31
34.700000000004366	2
34.700000000004366	23
34.700000000004366	26
34.700000000004366	6
34.700000000004366	9
34.700000000004366	16
34.900000000001455	29
34.900000000001455	7
34.900000000001455	49
35.0	19
35.400000000001455	40
35.60000000000582	32
35.60000000000582	13
35.60000000000582	39
35.700000000004366	14
35.700000000004366	44
35.700000000004366	18
34.900000000001455	38
34.900000000001455	34
34.900000000001455	11
34.900000000001455	36
34.900000000001455	50
34.900000000001455	43
35.0	27
35.0	10
35.0	30
35.0	22
35.200000000004366	20
35.200000000004366	28
35.30000000000291	21
35.400000000001455	35
35.60000000000582	45
35.700000000004366	3
35.900000000001455	24
36.10000000000582	15
36.10000000000582	48
36.10000000000582	33
36.200000000004366	17
36.5	5
36.60000000000582	1
36.700000000004366	42
36.700000000004366	31
36.900000000001455	41
36.900000000001455	40
36.900000000001455	4
37.700000000004366	22
36.900000000001455	23
36.900000000001455	34
36.900000000001455	6
36.900000000001455	18
36.900000000001455	9
36.900000000001455	32
36.900000000001455	27
36.900000000001455	49
36.900000000001455	19
36.900000000001455	14
36.900000000001455	39
37.0	44
37.0	30
37.0	8
37.0	29
37.0	12
37.0	16
37.0	10
37.0	43
37.10000000000582	11
37.200000000004366	20
37.200000000004366	36
37.200000000004366	46
37.200000000004366	13
37.30000000000291	38
37.30000000000291	28
37.400000000001455	35
37.700000000004366	45
38.700000000004366	3
37.900000000001455	24
38.0	15
38.200000000004366	33
38.30000000000291	17
38.400000000001455	48
38.700000000004366	5
38.700000000004366	1
38.700000000004366	26
38.900000000001455	12
39.0	40
39.0	4
39.60000000000582	2
39.700000000004366	38
38.900000000001455	42
38.900000000001455	31
38.900000000001455	44
38.900000000001455	22
38.900000000001455	7
38.900000000001455	13
38.900000000001455	34
38.900000000001455	41
38.900000000001455	23
39.0	25
39.0	14
39.0	19
39.0	9
39.0	49
39.0	36
39.0	10
39.0	43
39.10000000000582	39
39.10000000000582	16
39.10000000000582	30
39.10000000000582	8
39.10000000000582	11
39.10000000000582	50
39.10000000000582	18
39.10000000000582	6
39.10000000000582	21
39.200000000004366	29
39.200000000004366	20
39.400000000001455	28
39.400000000001455	47
39.5	35
39.700000000004366	45
40.0	15
40.0	24
40.5	33
40.5	17
40.700000000004366	48
41.60000000000582	40
41.700000000004366	5
40.900000000001455	12
40.900000000001455	26
40.900000000001455	7
40.900000000001455	4
40.900000000001455	1
41.0	29
41.0	42
41.0	27
41.0	43
41.0	31
41.0	19
41.0	46
41.0	21
41.0	39
41.0	32
41.10000000000582	44
41.10000000000582	36
41.10000000000582	50
41.10000000000582	23
41.10000000000582	14
41.10000000000582	34
41.10000000000582	2
41.10000000000582	18
41.200000000004366	8
41.200000000004366	22
41.200000000004366	11
41.200000000004366	9
41.200000000004366	41
41.200000000004366	25
41.200000000004366	13
41.200000000004366	16
41.30000000000291	28
41.30000000000291	30
41.30000000000291	20
41.30000000000291	6
41.400000000001455	49
41.400000000001455	47
41.5	3
41.60000000000582	35
42.10000000000582	45
42.0	15
42.60000000000582	17
42.700000000004366	33
43.5	1
43.5	41
43.5	18
43.5	50
43.5	3
43.5	4
43.5	2
43.5	47
43.5	40
43.5	44
43.5	6
43.5	48
43.5	43
43.5	23
43.5	29
43.5	12
43.5	22
43.5	28
43.5	26
43.5	49
43.5	46
43.5	8
44.200000000004366	34
44.200000000004366	27
44.200000000004366	7
44.200000000004366	31
44.200000000004366	39
44.200000000004366	25
44.200000000004366	24
44.200000000004366	13
44.200000000004366	45
44.200000000004366	20
44.200000000004366	15
44.200000000004366	21
44.200000000004366	19
44.200000000004366	11
44.200000000004366	16
44.200000000004366	9
44.200000000004366	10
44.200000000004366	42
44.200000000004366	5
44.200000000004366	38
44.30000000000291	36
44.30000000000291	14
44.30000000000291	32
44.30000000000291	30
45.10000000000582	17
45.0	21
45.0	43
45.0	33
45.10000000000582	4
45.200000000004366	40
45.200000000004366	35
45.200000000004366	38
45.200000000004366	26
45.200000000004366	44
45.200000000004366	12
45.200000000004366	50
45.200000000004366	31
45.200000000004366	46
45.200000000004366	23
45.30000000000291	47
45.30000000000291	7
45.30000000000291	28
45.30000000000291	10
45.30000000000291	29
45.30000000000291	19
45.30000000000291	42
45.30000000000291	16
45.30000000000291	5
45.400000000001455	34
45.400000000001455	48
45.400000000001455	9
45.400000000001455	39
45.400000000001455	1
45.400000000001455	3
45.400000000001455	30
45.400000000001455	36
45.400000000001455	32
45.400000000001455	41
45.400000000001455	14
45.400000000001455	22
45.400000000001455	25
46.0	13
46.0	18
46.0	20
46.0	27
46.0	2
46.0	24
46.0	15
46.10000000000582	8
46.10000000000582	6
46.10000000000582	49
46.30000000000291	11
47.10000000000582	17
48.10000000000582	41
48.10000000000582	22
48.10000000000582	42
48.10000000000582	43
48.10000000000582	34
48.10000000000582	5
48.10000000000582	11
48.10000000000582	8
48.10000000000582	3
48.10000000000582	36
48.10000000000582	45
48.10000000000582	46
48.10000000000582	24
48.10000000000582	44
48.10000000000582	48
48.10000000000582	47
48.10000000000582	33
48.10000000000582	20
48.10000000000582	40
48.10000000000582	9
48.10000000000582	1
48.10000000000582	25
48.10000000000582	32
48.10000000000582	6
48.10000000000582	19
48.10000000000582	18
48.200000000004366	16
48.200000000004366	7
48.200000000004366	23
48.200000000004366	4
48.200000000004366	13
48.200000000004366	29
48.200000000004366	39
48.200000000004366	12
48.200000000004366	31
48.200000000004366	38
48.200000000004366	35
48.30000000000291	2
48.30000000000291	14
48.30000000000291	27
48.30000000000291	21
48.30000000000291	50
48.400000000001455	10
48.400000000001455	26
48.5	49
49.30000000000291	47
49.30000000000291	35
49.400000000001455	17
49.400000000001455	21
49.400000000001455	24
49.400000000001455	11
49.5	44
49.5	23
49.5	38
49.60000000000582	46
49.60000000000582	16
49.60000000000582	15
49.60000000000582	43
49.700000000004366	40
49.700000000004366	4
49.700000000004366	13
49.700000000004366	6
49.700000000004366	36
49.700000000004366	34
49.700000000004366	20
49.700000000004366	29
49.700000000004366	32
49.700000000004366	25
49.700000000004366	28
49.700000000004366	18
49.700000000004366	14
49.700000000004366	33
49.700000000004366	48
49.700000000004366	42
50.10000000000582	39
50.10000000000582	1
50.700000000004366	31
49.900000000001455	2
49.900000000001455	3
50.30000000000291	30
50.30000000000291	10
50.30000000000291	27
50.30000000000291	45
50.400000000001455	50
50.400000000001455	9
50.700000000004366	7
50.700000000004366	19
49.900000000001455	12
49.900000000001455	26
49.900000000001455	5
50.0	8
50.0	22
50.10000000000582	41
50.200000000004366	37
51.400000000001455	35
51.5	15
51.5	47
51.60000000000582	24
51.60000000000582	11
51.60000000000582	45
51.60000000000582	23
51.700000000004366	20
51.700000000004366	17
51.700000000004366	30
51.700000000004366	46
51.700000000004366	42
51.700000000004366	38
51.700000000004366	44
51.700000000004366	6
51.700000000004366	27
52.10000000000582	18
52.400000000001455	14
52.0	1
52.10000000000582	8
52.10000000000582	49
52.10000000000582	4
52.200000000004366	21
52.200000000004366	16
52.200000000004366	5
52.200000000004366	34
52.200000000004366	28
52.30000000000291	29
52.60000000000582	22
52.700000000004366	41
51.900000000001455	32
51.900000000001455	40
51.900000000001455	3
51.900000000001455	36
51.900000000001455	48
51.900000000001455	19
51.900000000001455	2
51.900000000001455	31
51.900000000001455	9
51.900000000001455	25
51.900000000001455	10
51.900000000001455	26
52.0	43
52.0	50
52.0	13
52.0	39
52.0	7
52.10000000000582	12
52.5	37
53.5	15
53.60000000000582	45
53.60000000000582	47
53.700000000004366	35
54.200000000004366	6
53.900000000001455	20
54.0	12
54.10000000000582	27
54.200000000004366	8
53.900000000001455	38
53.900000000001455	49
53.900000000001455	11
53.900000000001455	1
53.900000000001455	25
53.900000000001455	24
53.900000000001455	17
54.0	39
54.0	42
54.0	44
54.0	26
54.0	46
54.0	34
54.0	30
54.0	3
54.0	4
54.0	29
54.0	10
54.0	9
54.0	48
54.0	22
54.0	28
54.0	7
54.0	5
54.0	41
54.0	2
54.0	14
54.0	43
54.0	32
54.0	36
54.0	23
54.10000000000582	21
54.10000000000582	40
54.10000000000582	37
54.10000000000582	31
54.10000000000582	50
54.200000000004366	16
54.200000000004366	19
54.200000000004366	33
55.60000000000582	45
55.60000000000582	15
55.900000000001455	27
55.900000000001455	12
55.900000000001455	7
56.0	39
56.0	46
56.0	8
56.0	47
56.0	35
56.0	48
56.0	30
56.0	6
56.0	18
56.10000000000582	28
56.10000000000582	10
56.10000000000582	44
56.10000000000582	38
56.10000000000582	9
56.10000000000582	34
56.10000000000582	14
56.10000000000582	19
56.10000000000582	17
56.10000000000582	24
56.10000000000582	50
56.10000000000582	33
56.10000000000582	31
56.200000000004366	23
56.200000000004366	42
56.200000000004366	49
56.200000000004366	2
56.200000000004366	22
56.200000000004366	3
56.200000000004366	21
56.200000000004366	5
56.200000000004366	32
56.200000000004366	26
56.200000000004366	13
56.30000000000291	43
56.30000000000291	36
56.30000000000291	37
56.30000000000291	29
56.400000000001455	16
56.400000000001455	25
56.400000000001455	4
56.400000000001455	41
56.400000000001455	11
57.60000000000582	45
57.700000000004366	15
58.0	37
58.10000000000582	46
58.10000000000582	6
58.10000000000582	28
58.10000000000582	27
58.10000000000582	20
58.10000000000582	9
58.200000000004366	12
58.200000000004366	30
58.200000000004366	22
58.200000000004366	7
58.200000000004366	2
58.200000000004366	34
58.200000000004366	33
58.200000000004366	3
58.200000000004366	24
58.200000000004366	19
58.200000000004366	48
58.200000000004366	47
58.200000000004366	31
58.200000000004366	17
58.200000000004366	5
58.200000000004366	25
58.200000000004366	1
58.200000000004366	40
58.30000000000291	29
58.30000000000291	38
58.30000000000291	35
58.30000000000291	18
58.30000000000291	16
58.30000000000291	23
58.30000000000291	4
58.30000000000291	42
58.30000000000291	32
58.30000000000291	44
58.400000000001455	13
58.400000000001455	43
58.400000000001455	49
58.5	11
58.5	8
58.60000000000582	50
58.60000000000582	21
58.700000000004366	10
58.700000000004366	26
59.900000000001455	45
59.900000000001455	15
59.900000000001455	37
60.10000000000582	20
60.200000000004366	28
60.200000000004366	36
60.200000000004366	6
60.200000000004366	9
60.200000000004366	31
60.200000000004366	14
60.200000000004366	16
60.200000000004366	46
60.30000000000291	26
60.30000000000291	34
60.30000000000291	24
60.30000000000291	30
60.30000000000291	1
60.30000000000291	33
60.30000000000291	39
60.30000000000291	19
60.30000000000291	2
60.30000000000291	5
60.30000000000291	22
60.30000000000291	7
60.400000000001455	27
60.400000000001455	38
60.400000000001455	41
60.400000000001455	29
60.400000000001455	50
60.400000000001455	3
60.400000000001455	32
60.400000000001455	13
60.400000000001455	48
60.400000000001455	25
60.400000000001455	18
60.400000000001455	10
60.400000000001455	12
60.400000000001455	42
60.400000000001455	35
60.400000000001455	49
60.400000000001455	47
60.400000000001455	21
60.400000000001455	40
60.5	17
60.5	8
60.5	11
60.5	23
61.900000000001455	45
63.700000000004366	33
63.700000000004366	36
63.700000000004366	42
63.700000000004366	27
63.700000000004366	49
63.700000000004366	35
63.700000000004366	47
63.700000000004366	25
63.700000000004366	37
63.700000000004366	30
63.700000000004366	3
63.700000000004366	12
63.700000000004366	17
63.700000000004366	10
63.700000000004366	2
63.700000000004366	5
63.700000000004366	16
63.700000000004366	15
63.900000000001455	40
63.900000000001455	34
63.900000000001455	6
63.900000000001455	43
63.900000000001455	38
63.900000000001455	48
63.900000000001455	26
64.0	14
64.5	24
64.5	28
64.5	22
64.5	41
64.60000000000582	9
64.60000000000582	13
64.60000000000582	7
64.70000000000437	20
64.70000000000437	39
64.70000000000437	1
64.70000000000437	29
63.900000000001455	4
63.900000000001455	18
63.900000000001455	11
63.900000000001455	32
63.900000000001455	44
63.900000000001455	8
64.0	21
64.0	50
64.0	19
64.10000000000582	46
64.10000000000582	45
64.20000000000437	37
64.40000000000146	15
64.5	31
64.5	13
64.5	39
64.5	26
64.5	29
64.5	20
64.5	21
64.5	33
64.5	32
64.60000000000582	38
64.60000000000582	4
64.60000000000582	46
64.60000000000582	2
64.60000000000582	16
64.60000000000582	36
64.60000000000582	7
64.60000000000582	50
64.60000000000582	41
64.60000000000582	28
64.60000000000582	10
64.60000000000582	30
64.60000000000582	9
64.60000000000582	43
64.60000000000582	14
64.60000000000582	44
64.60000000000582	42
64.60000000000582	27
64.60000000000582	23
64.60000000000582	40
64.60000000000582	49
64.60000000000582	5
64.60000000000582	22
64.70000000000437	1
64.70000000000437	12
64.70000000000437	24
64.70000000000437	18
64.70000000000437	35
64.70000000000437	19
64.70000000000437	17
64.70000000000437	34
64.70000000000437	47
64.70000000000437	3
64.70000000000437	11
64.70000000000437	8
64.70000000000437	48
64.90000000000146	25
66.40000000000146	45
66.40000000000146	37
66.60000000000582	39
66.60000000000582	29
66.60000000000582	21
66.60000000000582	31
66.70000000000437	4
66.70000000000437	7
66.70000000000437	15
66.70000000000437	36
66.70000000000437	6
66.70000000000437	13
66.70000000000437	42
66.70000000000437	32
66.70000000000437	1
66.70000000000437	22
66.70000000000437	41
67.10000000000582	40
67.10000000000582	3
67.20000000000437	33
67.30000000000291	43
67.30000000000291	44
67.30000000000291	19
67.30000000000291	20
67.30000000000291	5
67.30000000000291	23
67.40000000000146	10
67.40000000000146	50
67.40000000000146	49
67.40000000000146	11
67.40000000000146	27
67.40000000000146	12
66.90000000000146	8
66.90000000000146	28
66.90000000000146	17
66.90000000000146	14
66.90000000000146	47
66.90000000000146	48
66.90000000000146	46
66.90000000000146	16
66.90000000000146	38
66.90000000000146	25
66.90000000000146	30
66.90000000000146	18
67.0	26
67.10000000000582	35
67.10000000000582	9
67.20000000000437	2
68.60000000000582	45
68.70000000000437	37
68.70000000000437	29
69.30000000000291	48
69.60000000000582	33
69.70000000000437	32
69.70000000000437	13
69.70000000000437	14
68.90000000000146	25
68.90000000000146	26
68.90000000000146	15
68.90000000000146	1
68.90000000000146	7
68.90000000000146	38
68.90000000000146	30
68.90000000000146	4
69.0	35
69.0	31
69.0	47
69.0	10
69.0	17
69.0	43
69.0	18
69.0	49
69.0	2
69.0	41
69.0	50
69.0	40
69.0	27
69.0	44
69.0	36
69.0	6
69.0	16
69.0	34
69.0	28
69.0	46
69.0	5
69.0	23
69.10000000000582	39
69.10000000000582	11
69.10000000000582	20
69.20000000000437	24
69.20000000000437	9
70.90000000000146	45
70.90000000000146	48
71.0	14
71.0	43
71.0	21
71.0	37
71.0	33
71.0	42
71.0	22
71.0	7
71.0	29
71.10000000000582	31
71.10000000000582	12
71.10000000000582	35
71.10000000000582	8
71.10000000000582	38
71.10000000000582	40
71.10000000000582	27
71.10000000000582	32
71.10000000000582	30
71.10000000000582	19
71.10000000000582	18
71.10000000000582	41
71.10000000000582	20
71.10000000000582	24
71.10000000000582	25
71.20000000000437	36
71.20000000000437	46
71.20000000000437	10
71.20000000000437	49
71.20000000000437	28
71.20000000000437	13
71.20000000000437	50
71.20000000000437	26
71.20000000000437	4
71.20000000000437	17
71.20000000000437	1
71.20000000000437	15
71.20000000000437	44
71.20000000000437	2
71.20000000000437	23
71.30000000000291	34
71.30000000000291	5
71.40000000000146	3
71.5	6
71.5	39
73.0	48
73.10000000000582	45
73.10000000000582	17
73.10000000000582	43
73.20000000000437	8
73.20000000000437	11
73.20000000000437	1
73.20000000000437	47
73.20000000000437	19
73.20000000000437	12
73.20000000000437	26
73.20000000000437	44
73.30000000000291	24
73.30000000000291	40
73.30000000000291	31
73.30000000000291	30
73.30000000000291	42
73.30000000000291	33
73.30000000000291	25
73.30000000000291	4
73.30000000000291	27
73.30000000000291	37
73.30000000000291	6
73.30000000000291	14
73.30000000000291	16
73.30000000000291	18
73.30000000000291	21
73.30000000000291	15
73.40000000000146	38
73.40000000000146	10
73.40000000000146	13
73.40000000000146	34
73.40000000000146	28
73.40000000000146	7
73.40000000000146	29
73.40000000000146	32
73.40000000000146	50
73.40000000000146	22
73.40000000000146	36
73.40000000000146	5
73.40000000000146	35
73.40000000000146	49
73.5	2
73.5	23
73.5	46
73.5	39
73.5	41
73.5	20
73.5	9
75.20000000000437	35
75.30000000000291	48
75.30000000000291	11
75.30000000000291	17
75.30000000000291	30
75.30000000000291	22
75.30000000000291	34
75.30000000000291	26
75.30000000000291	12
75.40000000000146	43
75.40000000000146	24
75.40000000000146	31
75.40000000000146	14
75.40000000000146	19
75.40000000000146	42
75.40000000000146	38
75.40000000000146	25
75.40000000000146	40
75.40000000000146	45
75.40000000000146	16
75.40000000000146	23
75.40000000000146	7
75.40000000000146	49
75.5	3
75.5	8
75.5	27
75.5	21
75.5	6
75.5	44
75.5	36
75.5	47
75.5	33
75.5	5
75.5	46
75.5	18
75.5	28
75.5	20
75.5	13
75.5	29
75.5	41
75.5	9
75.5	10
75.5	1
75.5	50
75.5	15
75.5	37
75.5	32
75.60000000000582	39
75.60000000000582	4
75.60000000000582	2
77.40000000000146	35
77.5	26
77.5	17
77.5	22
77.5	38
77.5	30
77.5	11
77.5	16
77.60000000000582	34
77.60000000000582	31
77.60000000000582	12
77.60000000000582	46
77.60000000000582	24
77.60000000000582	42
77.60000000000582	27
77.60000000000582	49
77.60000000000582	2
77.60000000000582	6
77.60000000000582	3
77.60000000000582	21
77.70000000000437	39
77.70000000000437	43
77.70000000000437	36
77.70000000000437	40
77.70000000000437	32
77.70000000000437	1
77.70000000000437	14
77.70000000000437	18
77.70000000000437	50
77.70000000000437	45
77.70000000000437	5
77.70000000000437	23
77.70000000000437	19
77.70000000000437	28
77.70000000000437	44
77.70000000000437	48
77.70000000000437	33
77.70000000000437	8
77.70000000000437	4
77.70000000000437	47
77.70000000000437	13
77.70000000000437	20
77.70000000000437	41
77.70000000000437	15
77.70000000000437	9
77.70000000000437	7
78.30000000000291	37
78.30000000000291	10
78.5	25
79.70000000000437	35
79.70000000000437	11
79.70000000000437	2
79.70000000000437	22
79.70000000000437	30
79.90000000000146	38
80.10000000000582	16
80.20000000000437	34
80.20000000000437	24
80.30000000000291	12
80.30000000000291	21
80.60000000000582	40
79.90000000000146	6
79.90000000000146	42
79.90000000000146	41
79.90000000000146	4
79.90000000000146	50
79.90000000000146	39
79.90000000000146	17
79.90000000000146	15
79.90000000000146	8
79.90000000000146	25
79.90000000000146	31
79.90000000000146	47
79.90000000000146	20
79.90000000000146	14
79.90000000000146	5
79.90000000000146	49
79.90000000000146	1
79.90000000000146	46
79.90000000000146	9
79.90000000000146	18
79.90000000000146	19
79.90000000000146	44
79.90000000000146	45
79.90000000000146	33
80.0	37
80.0	36
80.0	28
80.0	29
80.0	43
80.0	23
80.0	13
80.0	27
80.0	32
80.0	7
80.0	48
80.10000000000582	10
80.10000000000582	3
81.90000000000146	26
81.90000000000146	32
82.0	30
82.0	34
82.0	6
82.0	27
82.10000000000582	46
82.10000000000582	11
82.10000000000582	14
82.10000000000582	12
82.10000000000582	1
82.10000000000582	35
82.10000000000582	42
82.10000000000582	36
82.10000000000582	25
82.10000000000582	8
82.10000000000582	23
82.10000000000582	47
82.20000000000437	16
82.20000000000437	33
82.20000000000437	24
82.20000000000437	5
82.20000000000437	17
82.20000000000437	43
82.20000000000437	10
82.20000000000437	37
82.20000000000437	15
82.20000000000437	13
82.20000000000437	44
82.20000000000437	39
82.20000000000437	48
82.20000000000437	28
82.20000000000437	20
82.20000000000437	50
82.20000000000437	4
82.30000000000291	31
82.30000000000291	7
82.30000000000291	18
82.30000000000291	19
82.30000000000291	38
82.30000000000291	49
82.40000000000146	45
82.40000000000146	22
82.40000000000146	41
82.40000000000146	9
82.5	40
82.60000000000582	2
82.60000000000582	21
82.70000000000437	3
84.10000000000582	26
84.10000000000582	32
84.10000000000582	35
84.10000000000582	30
84.20000000000437	38
84.20000000000437	46
84.20000000000437	22
84.20000000000437	39
84.30000000000291	29
84.30000000000291	42
84.30000000000291	14
84.30000000000291	19
84.30000000000291	25
84.30000000000291	43
84.30000000000291	1
84.30000000000291	11
84.30000000000291	21
84.30000000000291	7
84.30000000000291	4
84.30000000000291	34
84.30000000000291	27
84.30000000000291	6
84.30000000000291	40
84.40000000000146	44
84.40000000000146	33
84.40000000000146	3
84.40000000000146	28
84.40000000000146	31
84.40000000000146	17
84.40000000000146	41
84.40000000000146	5
84.40000000000146	2
84.40000000000146	48
84.40000000000146	23
84.40000000000146	10
84.40000000000146	20
84.40000000000146	45
84.40000000000146	24
84.40000000000146	12
84.40000000000146	18
84.40000000000146	15
84.40000000000146	50
84.5	49
84.5	8
84.5	9
84.5	37
84.5	47
84.5	16
84.60000000000582	36
84.60000000000582	13
86.40000000000146	21
86.40000000000146	46
86.40000000000146	30
86.5	32
86.5	11
86.5	19
86.5	7
86.5	22
86.5	31
86.5	17
86.60000000000582	25
86.60000000000582	6
86.60000000000582	26
86.60000000000582	40
86.60000000000582	1
86.60000000000582	50
86.60000000000582	43
86.60000000000582	48
86.60000000000582	10
86.60000000000582	39
86.60000000000582	49
86.60000000000582	15
86.60000000000582	34
86.60000000000582	24
86.60000000000582	38
86.60000000000582	36
86.60000000000582	33
86.60000000000582	41
86.60000000000582	18
86.60000000000582	9
86.70000000000437	23
86.70000000000437	12
86.70000000000437	2
86.70000000000437	29
86.70000000000437	14
86.70000000000437	13
86.70000000000437	47
86.70000000000437	27
86.70000000000437	45
86.90000000000146	28
87.0	5
87.0	44
87.0	16
87.10000000000582	3
87.10000000000582	37
87.60000000000582	4
87.60000000000582	42
87.70000000000437	20
87.70000000000437	8
86.90000000000146	35
88.60000000000582	21
88.60000000000582	43
88.70000000000437	6
88.70000000000437	40
88.70000000000437	30
88.70000000000437	37
88.70000000000437	11
88.70000000000437	17
88.90000000000146	28
89.30000000000291	44
89.40000000000146	13
89.40000000000146	39
89.40000000000146	34
89.40000000000146	36
89.5	24
89.5	19
89.5	16
89.5	45
89.5	47
89.5	42
89.5	7
89.5	1
89.5	10
89.60000000000582	4
89.60000000000582	20
89.60000000000582	48
88.90000000000146	50
88.90000000000146	46
88.90000000000146	18
88.90000000000146	3
88.90000000000146	31
88.90000000000146	27
88.90000000000146	5
88.90000000000146	49
89.0	38
89.0	22
89.0	35
89.0	33
89.0	32
89.0	15
89.0	25
89.0	41
89.10000000000582	9
89.10000000000582	12
89.10000000000582	23
89.10000000000582	14
89.10000000000582	29
89.10000000000582	2
89.20000000000437	8
90.90000000000146	40
90.90000000000146	21
90.90000000000146	43
90.90000000000146	45
91.0	18
91.0	14
91.0	32
91.0	5
91.0	11
91.0	46
91.0	7
91.0	34
91.0	27
91.0	4
91.0	22
91.0	37
91.10000000000582	38
91.10000000000582	44
91.10000000000582	13
91.10000000000582	49
91.10000000000582	25
91.10000000000582	16
91.10000000000582	41
91.10000000000582	20
91.10000000000582	31
91.10000000000582	35
91.10000000000582	6
91.10000000000582	12
91.10000000000582	9
91.10000000000582	15
91.10000000000582	48
91.10000000000582	10
91.10000000000582	30
91.10000000000582	2
91.10000000000582	26
91.10000000000582	23
91.10000000000582	8
91.10000000000582	47
91.10000000000582	36
91.10000000000582	29
91.10000000000582	17
91.20000000000437	28
91.20000000000437	3
91.20000000000437	42
91.20000000000437	24
91.20000000000437	1
91.20000000000437	39
91.20000000000437	19
91.30000000000291	33
93.10000000000582	43
93.5	42
93.60000000000582	16
93.60000000000582	25
93.60000000000582	50
94.10000000000582	19
94.10000000000582	47
94.10000000000582	27
94.10000000000582	38
94.10000000000582	21
94.10000000000582	37
94.10000000000582	32
94.10000000000582	22
94.10000000000582	18
94.10000000000582	24
94.10000000000582	10
94.10000000000582	36
94.10000000000582	48
94.20000000000437	34
94.20000000000437	1
94.20000000000437	35
94.20000000000437	49
94.20000000000437	13
94.20000000000437	28
94.20000000000437	23
94.20000000000437	26
94.20000000000437	9
94.20000000000437	46
94.20000000000437	5
94.20000000000437	2
94.20000000000437	44
94.20000000000437	31
94.20000000000437	6
94.20000000000437	33
94.30000000000291	41
94.30000000000291	30
94.30000000000291	20
94.30000000000291	3
94.30000000000291	15
94.30000000000291	12
94.30000000000291	40
94.40000000000146	29
94.40000000000146	17
94.40000000000146	39
94.40000000000146	14
94.40000000000146	4
94.40000000000146	11
94.40000000000146	8
95.30000000000291	40
95.30000000000291	45
95.30000000000291	28
95.30000000000291	33
95.40000000000146	5
95.40000000000146	22
95.40000000000146	7
95.40000000000146	34
95.40000000000146	36
95.5	11
95.5	38
95.5	27
95.5	1
95.5	39
95.5	23
95.5	15
95.5	32
95.5	4
95.5	14
95.5	17
95.5	6
95.5	2
95.5	26
95.5	43
95.5	35
95.5	9
95.5	30
95.60000000000582	20
95.60000000000582	44
95.60000000000582	49
95.60000000000582	24
95.60000000000582	18
95.60000000000582	25
95.60000000000582	13
95.60000000000582	47
95.60000000000582	46
95.60000000000582	8
95.60000000000582	10
95.60000000000582	31
95.60000000000582	16
95.60000000000582	12
95.60000000000582	19
95.60000000000582	3
95.60000000000582	41
95.70000000000437	42
95.70000000000437	29
96.20000000000437	21
97.5	40
97.5	37
97.5	45
97.60000000000582	5
97.60000000000582	27
97.60000000000582	29
97.60000000000582	22
97.70000000000437	36
97.70000000000437	14
97.70000000000437	17
97.70000000000437	4
97.70000000000437	2
97.70000000000437	38
97.70000000000437	7
97.70000000000437	28
97.70000000000437	44
97.70000000000437	34
97.70000000000437	33
97.70000000000437	39
97.90000000000146	20
97.90000000000146	42
97.90000000000146	25
98.0	13
98.0	30
98.0	19
98.10000000000582	26
98.10000000000582	9
98.10000000000582	18
98.10000000000582	43
98.10000000000582	49
98.10000000000582	8
98.10000000000582	10
98.20000000000437	12
98.20000000000437	21
98.30000000000291	16
98.30000000000291	1
98.30000000000291	32
98.30000000000291	15
98.40000000000146	3
98.40000000000146	46
98.40000000000146	23
98.40000000000146	35
98.70000000000437	50
97.90000000000146	6
97.90000000000146	24
97.90000000000146	41
97.90000000000146	47
97.90000000000146	31
97.90000000000146	48
97.90000000000146	11
99.70000000000437	40
99.90000000000146	29
99.90000000000146	45
99.90000000000146	5
99.90000000000146	33
99.90000000000146	1
99.90000000000146	4
99.90000000000146	22
99.90000000000146	21
99.90000000000146	42
99.90000000000146	17
100.0	19
100.0	24
100.0	13
100.0	38
100.0	20
100.0	14
100.0	30
100.0	12
100.0	6
100.0	7
100.0	43
100.0	3
100.0	18
100.0	36
100.0	48
100.0	2
100.0	41
100.0	16
100.0	15
100.0	28
100.0	31
100.0	25
100.0	47
100.0	46
100.0	9
100.0	11
100.10000000000582	49
100.10000000000582	34
100.10000000000582	10
100.10000000000582	8
100.10000000000582	44
100.10000000000582	39
100.10000000000582	32
100.10000000000582	27
100.20000000000437	35
100.20000000000437	23
100.30000000000291	37
102.0	45
102.0	40
102.10000000000582	19
102.10000000000582	21
102.10000000000582	5
102.10000000000582	1
102.10000000000582	22
102.10000000000582	33
102.20000000000437	9
102.20000000000437	24
102.20000000000437	26
102.20000000000437	14
102.20000000000437	12
102.20000000000437	8
102.20000000000437	42
102.20000000000437	47
102.20000000000437	13
102.20000000000437	39
102.20000000000437	30
102.20000000000437	44
102.20000000000437	38
102.20000000000437	18
102.20000000000437	50
102.20000000000437	27
102.20000000000437	3
102.20000000000437	15
102.20000000000437	49
102.20000000000437	25
102.20000000000437	41
102.20000000000437	16
102.30000000000291	43
102.30000000000291	6
102.30000000000291	29
102.30000000000291	10
102.30000000000291	11
102.30000000000291	31
102.30000000000291	34
102.30000000000291	28
102.30000000000291	17
102.30000000000291	4
102.40000000000146	36
102.40000000000146	35
102.40000000000146	23
102.5	46
102.5	20
104.30000000000291	40
104.30000000000291	45
104.30000000000291	42
104.30000000000291	19
104.30000000000291	21
104.30000000000291	17
104.30000000000291	20
104.40000000000146	22
104.40000000000146	39
104.40000000000146	26
104.40000000000146	4
104.40000000000146	29
104.40000000000146	7
104.40000000000146	18
104.40000000000146	24
104.40000000000146	32
104.40000000000146	3
104.40000000000146	12
104.40000000000146	14
104.40000000000146	43
104.40000000000146	2
104.40000000000146	10
104.40000000000146	27
104.40000000000146	13
104.40000000000146	1
104.40000000000146	5
104.40000000000146	30
104.40000000000146	15
104.40000000000146	8
104.40000000000146	25
104.40000000000146	34
104.40000000000146	16
104.40000000000146	36
104.40000000000146	47
104.5	6
104.5	11
104.5	48
104.5	31
104.5	49
104.5	41
104.5	35
104.5	23
104.5	28
104.5	38
104.5	44
104.60000000000582	37
104.60000000000582	9
104.70000000000437	46
104.70000000000437	33
107.10000000000582	39
107.10000000000582	24
107.10000000000582	38
107.10000000000582	44
107.10000000000582	20
107.10000000000582	14
107.10000000000582	18
107.10000000000582	6
107.10000000000582	37
107.10000000000582	50
107.10000000000582	29
107.10000000000582	33
107.10000000000582	23
107.10000000000582	5
107.20000000000437	34
107.20000000000437	16
107.20000000000437	21
107.20000000000437	15
107.20000000000437	40
107.20000000000437	45
107.20000000000437	42
107.20000000000437	1
107.20000000000437	4
107.20000000000437	41
107.20000000000437	43
107.20000000000437	28
107.20000000000437	13
107.20000000000437	12
107.20000000000437	19
107.20000000000437	47
107.20000000000437	49
107.20000000000437	36
107.20000000000437	46
107.20000000000437	30
107.20000000000437	27
107.20000000000437	22
107.20000000000437	17
107.20000000000437	32
107.20000000000437	8
107.20000000000437	11
107.20000000000437	10
107.20000000000437	26
107.20000000000437	31
107.20000000000437	35
107.30000000000291	9
107.40000000000146	3
107.5	25
108.70000000000437	26
108.70000000000437	42
108.70000000000437	38
108.70000000000437	43
109.40000000000146	10
109.40000000000146	33
109.40000000000146	45
109.40000000000146	9
109.40000000000146	18
109.40000000000146	25
109.40000000000146	40
109.40000000000146	46
109.40000000000146	5
109.40000000000146	2
109.40000000000146	37
109.40000000000146	36
109.40000000000146	22
109.40000000000146	6
109.40000000000146	8
109.40000000000146	16
109.5	15
109.5	28
109.5	27
109.5	34
109.5	14
109.5	11
109.5	24
109.5	20
109.5	35
109.5	23
109.5	3
109.5	39
109.5	13
109.5	30
109.5	44
109.5	32
109.5	47
109.5	17
109.5	7
109.5	49
109.60000000000582	1
109.60000000000582	41
110.0	31
110.10000000000582	29
110.5	50
110.5	48
110.70000000000437	21
110.0	19
110.10000000000582	12
110.20000000000437	4
110.90000000000146	26
110.90000000000146	38
110.90000000000146	43
111.0	30
111.0	49
111.10000000000582	41
111.10000000000582	15
111.10000000000582	10
111.10000000000582	20
111.10000000000582	40
111.10000000000582	5
111.10000000000582	9
111.20000000000437	28
111.20000000000437	35
111.20000000000437	17
111.20000000000437	1
111.20000000000437	18
111.20000000000437	19
111.20000000000437	29
111.20000000000437	23
111.20000000000437	13
111.20000000000437	31
111.20000000000437	21
111.20000000000437	22
111.20000000000437	8
111.20000000000437	12
111.30000000000291	37
111.30000000000291	24
111.30000000000291	14
111.30000000000291	42
111.30000000000291	47
111.30000000000291	4
111.30000000000291	16
111.30000000000291	36
111.30000000000291	3
111.30000000000291	32
111.40000000000146	11
111.40000000000146	39
111.40000000000146	27
111.5	6
111.5	34
111.5	50
111.5	44
111.60000000000582	33
113.10000000000582	26
113.20000000000437	43
113.20000000000437	11
113.20000000000437	38
113.20000000000437	42
113.30000000000291	16
113.30000000000291	1
113.30000000000291	33
113.30000000000291	14
113.30000000000291	17
113.40000000000146	34
113.40000000000146	24
113.40000000000146	15
113.40000000000146	32
113.40000000000146	30
113.40000000000146	25
113.40000000000146	35
113.40000000000146	28
113.40000000000146	46
113.40000000000146	31
113.40000000000146	7
113.40000000000146	8
113.40000000000146	48
113.5	39
113.5	40
113.5	10
113.5	45
113.5	6
113.5	23
113.5	49
113.5	22
113.5	36
113.5	50
113.5	44
113.5	20
113.5	12
113.60000000000582	9
113.60000000000582	18
113.60000000000582	41
113.60000000000582	19
113.60000000000582	4
113.60000000000582	2
113.70000000000437	29
113.70000000000437	13
113.70000000000437	47
113.70000000000437	3
113.70000000000437	21
115.40000000000146	11
115.40000000000146	43
115.40000000000146	26
115.5	12
115.5	46
115.5	44
115.5	29
115.5	30
115.5	27
115.60000000000582	9
115.60000000000582	34
115.60000000000582	33
115.60000000000582	5
115.60000000000582	22
115.60000000000582	24
115.60000000000582	47
115.60000000000582	42
115.60000000000582	20
115.60000000000582	35
115.60000000000582	19
115.60000000000582	1
115.60000000000582	16
115.60000000000582	15
115.60000000000582	4
115.70000000000437	17
115.70000000000437	28
115.70000000000437	18
115.70000000000437	8
115.70000000000437	10
115.70000000000437	6
115.90000000000146	38
115.90000000000146	31
115.90000000000146	14
116.0	41
116.10000000000582	50
116.20000000000437	13
116.20000000000437	49
116.20000000000437	40
116.20000000000437	23
116.20000000000437	2
115.90000000000146	3
116.0	39
116.0	37
116.0	21
116.0	36
117.60000000000582	27
117.70000000000437	43
117.70000000000437	11
117.70000000000437	25
117.70000000000437	46
117.70000000000437	38
117.70000000000437	26
118.20000000000437	1
118.20000000000437	36
118.20000000000437	19
118.20000000000437	16
118.30000000000291	24
118.40000000000146	12
118.40000000000146	7
118.40000000000146	48
118.40000000000146	9
118.40000000000146	14
118.40000000000146	22
118.40000000000146	30
118.5	33
118.5	18
118.5	20
118.5	47
118.5	45
118.5	17
117.90000000000146	39
117.90000000000146	8
117.90000000000146	23
117.90000000000146	49
117.90000000000146	44
117.90000000000146	15
117.90000000000146	31
117.90000000000146	2
117.90000000000146	34
117.90000000000146	13
117.90000000000146	4
117.90000000000146	40
117.90000000000146	28
117.90000000000146	6
117.90000000000146	32
117.90000000000146	42
117.90000000000146	41
118.0	29
118.0	35
118.0	10
118.10000000000582	21
118.10000000000582	3
119.90000000000146	27
119.90000000000146	36
119.90000000000146	46
119.90000000000146	29
119.90000000000146	25
119.90000000000146	11
120.0	9
120.0	47
120.0	16
120.0	37
120.0	34
120.10000000000582	35
120.10000000000582	42
120.10000000000582	1
120.10000000000582	30
120.10000000000582	20
120.10000000000582	28
120.10000000000582	38
120.10000000000582	24
120.10000000000582	32
120.10000000000582	48
120.10000000000582	50
120.10000000000582	21
120.10000000000582	8
120.20000000000437	14
120.20000000000437	5
120.20000000000437	19
120.20000000000437	6
120.20000000000437	13
120.20000000000437	22
120.20000000000437	31
120.20000000000437	3
120.20000000000437	15
120.20000000000437	23
120.20000000000437	10
120.30000000000291	43
120.30000000000291	17
120.30000000000291	26
120.30000000000291	33
120.30000000000291	44
120.30000000000291	40
120.30000000000291	39
120.30000000000291	18
120.30000000000291	49
120.40000000000146	12
120.40000000000146	7
120.40000000000146	41
120.40000000000146	4
122.10000000000582	46
122.10000000000582	36
122.10000000000582	27
122.10000000000582	47
122.20000000000437	16
122.20000000000437	20
122.20000000000437	25
122.20000000000437	30
122.20000000000437	29
122.20000000000437	37
122.20000000000437	43
122.20000000000437	9
122.20000000000437	11
122.20000000000437	7
122.20000000000437	34
122.30000000000291	24
122.30000000000291	15
122.30000000000291	38
122.30000000000291	17
122.30000000000291	42
122.30000000000291	33
122.30000000000291	50
122.30000000000291	4
122.30000000000291	31
122.30000000000291	26
122.30000000000291	18
122.30000000000291	40
122.30000000000291	28
122.30000000000291	21
122.30000000000291	1
122.30000000000291	39
122.30000000000291	23
122.30000000000291	5
122.30000000000291	49
122.30000000000291	10
122.30000000000291	3
122.30000000000291	44
122.30000000000291	14
122.30000000000291	6
122.30000000000291	41
122.30000000000291	48
122.30000000000291	13
122.30000000000291	8
122.30000000000291	2
122.30000000000291	19
122.40000000000146	22
122.40000000000146	45
122.40000000000146	12
124.40000000000146	46
124.40000000000146	36
124.40000000000146	31
124.40000000000146	35
124.40000000000146	27
124.40000000000146	34
124.5	4
124.5	29
124.5	16
124.5	47
124.5	11
124.5	37
124.5	25
124.5	45
124.5	15
124.5	30
124.5	38
124.5	14
124.5	12
124.5	39
124.5	26
124.5	32
124.5	19
124.5	18
124.5	9
124.5	7
124.5	49
124.5	42
124.5	50
124.5	21
124.60000000000582	44
124.60000000000582	6
124.60000000000582	13
124.60000000000582	20
124.60000000000582	48
124.60000000000582	43
124.60000000000582	28
124.60000000000582	3
124.60000000000582	5
124.60000000000582	1
124.60000000000582	33
124.60000000000582	22
124.60000000000582	17
124.60000000000582	41
124.60000000000582	40
124.60000000000582	23
124.60000000000582	8
126.60000000000582	31
126.60000000000582	10
126.60000000000582	30
126.70000000000437	4
126.70000000000437	37
126.70000000000437	18
126.70000000000437	2
126.70000000000437	15
126.70000000000437	29
126.70000000000437	17
126.70000000000437	46
126.70000000000437	38
127.0	36
127.0	26
127.20000000000437	6
127.20000000000437	49
127.20000000000437	42
127.30000000000291	23
127.30000000000291	28
127.30000000000291	34
127.30000000000291	40
127.30000000000291	3
127.40000000000146	1
127.40000000000146	32
127.40000000000146	19
127.40000000000146	41
127.40000000000146	25
127.40000000000146	21
127.40000000000146	47
127.40000000000146	27
127.40000000000146	12
127.40000000000146	33
127.40000000000146	14
127.40000000000146	43
127.5	48
127.5	8
127.70000000000437	44
126.90000000000146	20
126.90000000000146	16
126.90000000000146	39
126.90000000000146	50
126.90000000000146	7
126.90000000000146	22
126.90000000000146	45
126.90000000000146	11
126.90000000000146	13
126.90000000000146	9
129.40000000000146	31
129.40000000000146	2
129.60000000000582	37
128.90000000000146	42
129.0	32
129.0	26
129.0	50
129.0	29
129.0	30
129.0	36
129.0	13
129.0	41
129.0	45
129.0	43
129.0	5
129.10000000000582	22
129.10000000000582	34
129.10000000000582	38
129.10000000000582	14
129.10000000000582	47
129.10000000000582	48
129.10000000000582	33
129.10000000000582	11
129.10000000000582	49
129.10000000000582	28
129.10000000000582	12
129.10000000000582	46
129.10000000000582	25
129.10000000000582	18
129.10000000000582	40
129.10000000000582	44
129.10000000000582	16
129.10000000000582	6
129.10000000000582	1
129.10000000000582	4
129.10000000000582	3
129.10000000000582	15
129.10000000000582	21
129.10000000000582	39
129.20000000000437	8
129.20000000000437	23
129.20000000000437	7
129.3000000000029	35
129.40000000000146	19
129.40000000000146	20
129.40000000000146	9
129.5	17
131.20000000000437	32
131.20000000000437	41
131.20000000000437	45
131.20000000000437	34
131.20000000000437	19
131.20000000000437	42
131.20000000000437	23
131.20000000000437	30
131.20000000000437	6
131.20000000000437	46
131.3000000000029	38
131.3000000000029	36
131.3000000000029	25
131.3000000000029	37
131.3000000000029	4
131.3000000000029	39
131.3000000000029	31
131.3000000000029	12
131.3000000000029	26
131.3000000000029	1
131.3000000000029	22
131.3000000000029	9
131.3000000000029	50
131.3000000000029	28
131.3000000000029	14
131.3000000000029	27
131.3000000000029	2
131.3000000000029	43
131.3000000000029	13
131.3000000000029	15
131.3000000000029	21
131.3000000000029	3
131.3000000000029	47
131.3000000000029	18
131.3000000000029	29
131.40000000000146	33
131.40000000000146	35
131.40000000000146	44
131.40000000000146	48
131.40000000000146	8
131.5	20
131.5	17
131.5	49
131.5	40
131.5	7
131.60000000000582	16
131.70000000000437	11
133.3000000000029	26
133.3000000000029	38
133.40000000000146	34
133.40000000000146	31
133.5	45
133.5	48
133.5	42
133.5	19
133.5	2
133.5	50
133.5	43
133.5	22
133.5	5
133.5	39
133.5	6
133.5	35
133.60000000000582	28
133.60000000000582	7
133.60000000000582	11
133.60000000000582	36
133.60000000000582	37
133.60000000000582	30
133.60000000000582	49
133.60000000000582	1
133.60000000000582	44
133.60000000000582	47
133.60000000000582	13
133.60000000000582	20
133.60000000000582	41
133.60000000000582	14
133.70000000000437	15
133.70000000000437	9
133.70000000000437	33
133.70000000000437	40
133.70000000000437	17
133.70000000000437	29
133.70000000000437	3
134.0	16
134.20000000000437	18
134.3000000000029	21
134.40000000000146	12
134.40000000000146	32
133.90000000000146	4
133.90000000000146	25
133.90000000000146	23
133.90000000000146	8
135.5	26
135.5	40
135.5	6
135.60000000000582	42
135.60000000000582	7
135.60000000000582	45
135.70000000000437	38
135.70000000000437	22
135.70000000000437	34
135.70000000000437	36
135.70000000000437	47
135.70000000000437	39
136.0	16
136.0	50
136.3000000000029	23
136.3000000000029	29
136.70000000000437	12
135.90000000000146	48
135.90000000000146	21
135.90000000000146	14
135.90000000000146	18
135.90000000000146	2
135.90000000000146	11
135.90000000000146	28
136.0	8
136.0	13
136.0	27
136.0	19
136.10000000000582	49
136.10000000000582	44
136.60000000000582	37
135.90000000000146	41
135.90000000000146	33
135.90000000000146	30
135.90000000000146	46
135.90000000000146	1
135.90000000000146	3
135.90000000000146	4
135.90000000000146	20
135.90000000000146	15
136.0	9
136.0	43
136.0	31
136.0	25
136.0	17
136.10000000000582	32
137.70000000000437	26
138.3000000000029	40
138.40000000000146	6
138.20000000000437	15
138.20000000000437	5
138.20000000000437	35
138.20000000000437	37
138.20000000000437	46
138.20000000000437	47
138.20000000000437	34
138.20000000000437	36
138.20000000000437	41
138.20000000000437	29
138.3000000000029	31
138.3000000000029	2
138.3000000000029	20
138.3000000000029	4
138.3000000000029	43
138.90000000000146	8
138.90000000000146	18
138.90000000000146	7
138.90000000000146	49
138.90000000000146	42
138.90000000000146	30
138.90000000000146	13
138.90000000000146	1
138.90000000000146	32
138.90000000000146	28
138.90000000000146	14
138.90000000000146	38
138.90000000000146	48
138.90000000000146	17
138.90000000000146	11
138.90000000000146	44
138.90000000000146	9
138.90000000000146	25
138.90000000000146	50
138.90000000000146	23
138.90000000000146	3
138.90000000000146	21
138.90000000000146	22
138.90000000000146	45
138.90000000000146	16
139.0	39
139.0	19
139.0	33
139.10000000000582	12
140.0	26
140.10000000000582	22
140.10000000000582	12
140.10000000000582	46
140.20000000000437	5
140.20000000000437	44
140.20000000000437	49
140.20000000000437	6
140.20000000000437	20
140.20000000000437	14
140.20000000000437	23
140.20000000000437	30
140.20000000000437	40
140.20000000000437	29
140.20000000000437	39
140.20000000000437	21
140.20000000000437	33
140.20000000000437	38
140.20000000000437	37
140.20000000000437	47
140.20000000000437	34
140.20000000000437	42
140.20000000000437	27
140.3000000000029	45
140.3000000000029	18
140.3000000000029	4
140.3000000000029	9
140.3000000000029	7
140.3000000000029	36
140.3000000000029	50
140.3000000000029	17
140.3000000000029	11
140.3000000000029	3
140.3000000000029	31
140.3000000000029	15
140.3000000000029	1
140.3000000000029	32
140.3000000000029	25
140.3000000000029	43
140.40000000000146	13
140.40000000000146	19
140.40000000000146	28
140.40000000000146	48
140.40000000000146	2
140.40000000000146	16
140.40000000000146	8
140.40000000000146	41
142.3000000000029	26
142.40000000000146	49
142.40000000000146	23
142.40000000000146	22
142.40000000000146	11
142.40000000000146	41
142.40000000000146	35
142.40000000000146	34
142.40000000000146	21
142.40000000000146	36
142.40000000000146	5
142.40000000000146	38
142.5	1
142.5	37
142.5	39
142.5	50
142.5	3
142.5	7
142.5	44
142.5	13
142.5	17
142.5	48
142.5	8
142.60000000000582	25
142.60000000000582	16
142.60000000000582	28
142.60000000000582	30
142.60000000000582	14
142.60000000000582	47
142.60000000000582	18
142.60000000000582	12
142.60000000000582	2
142.60000000000582	29
142.60000000000582	19
142.60000000000582	15
142.60000000000582	42
142.60000000000582	43
142.60000000000582	32
142.60000000000582	31
142.60000000000582	40
142.60000000000582	45
142.60000000000582	4
142.60000000000582	46
142.60000000000582	20
142.60000000000582	9
142.70000000000437	6
142.70000000000437	33
144.5	26
144.5	11
144.5	46
144.5	41
144.60000000000582	29
144.60000000000582	22
144.60000000000582	14
144.70000000000437	30
144.70000000000437	23
144.70000000000437	7
144.70000000000437	45
144.70000000000437	44
144.70000000000437	16
144.70000000000437	3
144.70000000000437	20
144.70000000000437	13
144.70000000000437	2
144.70000000000437	15
144.70000000000437	32
144.70000000000437	39
144.70000000000437	9
144.70000000000437	38
145.3000000000029	48
144.90000000000146	17
144.90000000000146	6
145.10000000000582	49
145.10000000000582	36
145.3000000000029	25
145.3000000000029	18
145.60000000000582	50
145.70000000000437	47
145.70000000000437	4
144.90000000000146	8
144.90000000000146	33
144.90000000000146	42
145.40000000000146	27
145.40000000000146	12
145.5	34
144.90000000000146	40
144.90000000000146	37
144.90000000000146	31
144.90000000000146	21
144.90000000000146	43
144.90000000000146	28
144.90000000000146	5
144.90000000000146	19
146.70000000000437	46
147.40000000000146	41
147.10000000000582	36
147.3000000000029	38
146.90000000000146	11
146.90000000000146	22
146.90000000000146	14
146.90000000000146	26
146.90000000000146	30
146.90000000000146	21
146.90000000000146	34
146.90000000000146	13
146.90000000000146	29
146.90000000000146	18
146.90000000000146	4
146.90000000000146	37
146.90000000000146	8
146.90000000000146	17
146.90000000000146	49
146.90000000000146	39
146.90000000000146	16
147.0	7
147.0	45
147.0	31
147.0	5
147.0	35
147.0	28
147.0	6
147.0	43
147.0	20
147.0	47
147.0	2
147.0	25
147.0	48
147.0	32
147.10000000000582	15
147.10000000000582	40
147.10000000000582	23
147.10000000000582	44
147.10000000000582	3
147.10000000000582	12
147.10000000000582	9
147.10000000000582	33
147.10000000000582	42
147.20000000000437	50
147.20000000000437	19
149.10000000000582	41
149.10000000000582	29
149.10000000000582	14
149.10000000000582	19
149.10000000000582	7
149.10000000000582	36
149.10000000000582	11
149.10000000000582	30
149.10000000000582	22
149.10000000000582	25
149.10000000000582	21
149.10000000000582	4
149.10000000000582	39
149.20000000000437	46
149.20000000000437	38
149.20000000000437	32
149.20000000000437	31
149.20000000000437	45
149.20000000000437	16
149.20000000000437	18
149.20000000000437	27
149.20000000000437	40
149.20000000000437	23
149.20000000000437	12
149.20000000000437	5
149.20000000000437	49
149.20000000000437	28
149.20000000000437	2
149.20000000000437	3
149.20000000000437	44
149.20000000000437	8
149.3000000000029	33
149.3000000000029	37
149.3000000000029	43
149.3000000000029	42
149.3000000000029	48
149.3000000000029	6
149.3000000000029	26
149.3000000000029	13
149.3000000000029	34
149.3000000000029	9
149.3000000000029	15
149.40000000000146	20
149.40000000000146	47
149.40000000000146	17
151.3000000000029	30
151.3000000000029	29
151.3000000000029	19
151.3000000000029	46
151.3000000000029	4
151.3000000000029	14
151.3000000000029	21
151.3000000000029	2
151.40000000000146	15
151.40000000000146	38
151.40000000000146	45
151.40000000000146	37
151.40000000000146	25
151.40000000000146	22
151.40000000000146	3
151.40000000000146	16
151.40000000000146	17
151.40000000000146	27
151.40000000000146	44
151.40000000000146	11
151.40000000000146	12
151.40000000000146	36
151.40000000000146	39
151.40000000000146	31
151.40000000000146	20
151.40000000000146	42
151.5	32
151.5	26
151.5	9
151.5	13
151.5	47
151.5	28
151.5	18
151.5	23
151.5	6
151.5	5
151.5	34
151.5	40
151.5	41
151.5	48
151.5	43
151.5	49
151.5	7
151.5	8
151.5	33
151.60000000000582	35
153.5	30
153.5	27
153.5	21
153.60000000000582	44
153.60000000000582	19
153.60000000000582	29
153.60000000000582	36
153.60000000000582	32
153.60000000000582	45
153.60000000000582	22
153.60000000000582	6
153.60000000000582	38
153.70000000000437	48
153.70000000000437	9
153.70000000000437	15
153.70000000000437	31
153.70000000000437	42
153.70000000000437	20
153.70000000000437	16
153.70000000000437	47
153.70000000000437	46
153.70000000000437	8
153.70000000000437	49
153.70000000000437	13
153.70000000000437	34
153.70000000000437	2
153.70000000000437	37
153.70000000000437	28
153.70000000000437	11
153.70000000000437	17
153.70000000000437	12
153.70000000000437	18
153.70000000000437	33
154.20000000000437	4
154.0	40
154.0	5
154.0	26
154.0	3
154.10000000000582	43
154.10000000000582	23
154.60000000000582	25
153.90000000000146	39
154.0	7
155.70000000000437	30
155.70000000000437	45
156.0	42
156.0	6
156.60000000000582	46
156.70000000000437	29
155.90000000000146	15
155.90000000000146	21
155.90000000000146	27
156.0	40
156.10000000000582	23
156.10000000000582	43
156.10000000000582	26
156.10000000000582	19
156.10000000000582	5
156.10000000000582	28
156.10000000000582	37
156.10000000000582	18
156.10000000000582	31
156.10000000000582	44
156.10000000000582	49
156.10000000000582	33
156.10000000000582	8
156.10000000000582	2
156.10000000000582	36
156.10000000000582	34
156.3000000000029	20
156.3000000000029	4
156.3000000000029	32
156.3000000000029	48
156.3000000000029	12
156.3000000000029	25
156.3000000000029	47
156.3000000000029	16
156.40000000000146	17
156.40000000000146	39
156.40000000000146	11
156.40000000000146	7
156.5	13
156.5	35
156.5	38
156.5	9
156.60000000000582	22
158.10000000000582	6
158.10000000000582	30
158.10000000000582	22
158.10000000000582	47
158.10000000000582	12
158.10000000000582	32
158.20000000000437	31
158.20000000000437	21
158.20000000000437	49
158.20000000000437	44
158.20000000000437	38
158.20000000000437	19
158.20000000000437	29
158.20000000000437	36
158.20000000000437	34
158.20000000000437	4
158.20000000000437	42
158.20000000000437	27
158.20000000000437	2
158.20000000000437	28
158.20000000000437	43
158.20000000000437	13
158.20000000000437	26
158.20000000000437	48
158.3000000000029	11
158.3000000000029	46
158.3000000000029	9
158.3000000000029	23
158.3000000000029	5
158.40000000000146	15
158.40000000000146	33
158.40000000000146	25
158.40000000000146	37
158.40000000000146	8
158.5	40
158.5	45
158.5	39
158.5	20
158.60000000000582	16
158.60000000000582	7
158.60000000000582	17
158.60000000000582	18
160.20000000000437	6
160.3000000000029	30
160.3000000000029	22
160.3000000000029	45
160.3000000000029	37
160.3000000000029	42
160.40000000000146	31
160.40000000000146	49
160.40000000000146	23
160.40000000000146	32
160.40000000000146	5
160.40000000000146	29
160.40000000000146	38
160.40000000000146	26
160.40000000000146	25
160.40000000000146	15
160.40000000000146	43
160.40000000000146	36
160.40000000000146	12
160.40000000000146	2
160.40000000000146	21
160.40000000000146	33
160.40000000000146	7
160.40000000000146	35
160.40000000000146	46
160.40000000000146	27
160.5	39
160.5	34
160.5	8
160.5	11
160.5	17
160.5	47
160.5	16
160.5	44
160.5	40
160.5	4
160.5	48
160.5	9
160.5	28
160.5	20
160.60000000000582	13
160.60000000000582	18
163.10000000000582	28
163.20000000000437	11
163.20000000000437	7
163.20000000000437	37
163.20000000000437	16
163.20000000000437	30
163.3000000000029	29
163.3000000000029	2
163.5	36
163.5	21
163.5	39
163.5	48
163.5	18
163.5	12
163.5	44
163.5	42
163.5	26
163.5	6
163.5	27
163.60000000000582	40
163.60000000000582	4
163.60000000000582	5
163.60000000000582	38
163.60000000000582	46
162.90000000000146	9
162.90000000000146	20
162.90000000000146	45
162.90000000000146	22
162.90000000000146	34
162.90000000000146	49
162.90000000000146	13
162.90000000000146	15
162.90000000000146	23
162.90000000000146	43
163.0	8
163.0	31
163.0	47
163.0	33
163.0	25
163.0	17
164.70000000000437	11
164.90000000000146	23
165.0	42
165.10000000000582	5
165.10000000000582	49
165.5	17
165.60000000000582	34
165.70000000000437	33
165.70000000000437	2
165.70000000000437	6
164.90000000000146	45
164.90000000000146	37
164.90000000000146	30
164.90000000000146	22
164.90000000000146	16
164.90000000000146	29
164.90000000000146	44
164.90000000000146	38
164.90000000000146	25
164.90000000000146	21
164.90000000000146	27
164.90000000000146	36
164.90000000000146	4
164.90000000000146	15
164.90000000000146	47
164.90000000000146	31
164.90000000000146	18
164.90000000000146	26
165.0	43
165.0	40
165.0	20
165.0	7
165.0	35
165.0	8
165.0	48
165.0	9
165.0	39
165.0	28
165.10000000000582	46
165.10000000000582	13
166.90000000000146	34
166.90000000000146	5
167.0	11
167.0	4
167.0	2
167.0	33
167.0	23
167.10000000000582	42
167.10000000000582	40
167.10000000000582	36
167.10000000000582	26
167.10000000000582	45
167.10000000000582	6
167.10000000000582	30
167.10000000000582	20
167.10000000000582	17
167.10000000000582	49
167.10000000000582	44
167.10000000000582	7
167.10000000000582	13
167.10000000000582	47
167.10000000000582	22
167.10000000000582	18
167.10000000000582	27
167.10000000000582	21
167.10000000000582	25
167.10000000000582	46
167.10000000000582	28
167.10000000000582	29
167.20000000000437	35
167.20000000000437	39
167.20000000000437	9
167.20000000000437	48
167.20000000000437	37
167.20000000000437	16
167.20000000000437	31
167.20000000000437	43
167.20000000000437	8
167.20000000000437	15
169.20000000000437	4
169.20000000000437	34
169.20000000000437	26
169.20000000000437	11
169.3000000000029	5
169.40000000000146	22
169.40000000000146	17
169.40000000000146	21
169.40000000000146	27
169.40000000000146	35
169.40000000000146	47
169.40000000000146	20
169.40000000000146	28
169.40000000000146	49
169.5	45
169.5	42
169.5	29
169.5	31
170.10000000000582	33
170.10000000000582	9
170.10000000000582	36
170.10000000000582	43
170.10000000000582	44
170.10000000000582	37
170.10000000000582	40
170.10000000000582	6
170.10000000000582	23
170.10000000000582	46
170.10000000000582	30
170.10000000000582	8
170.10000000000582	38
170.10000000000582	13
170.10000000000582	16
170.20000000000437	2
170.20000000000437	18
170.20000000000437	15
170.20000000000437	48
170.20000000000437	25
170.3000000000029	39
170.3000000000029	7
171.40000000000146	4
171.5	34
171.5	11
171.5	40
171.5	26
171.60000000000582	46
171.60000000000582	21
172.0	35
172.0	18
172.0	47
172.0	16
172.0	30
172.0	23
172.10000000000582	36
172.10000000000582	44
172.10000000000582	22
172.10000000000582	20
172.10000000000582	48
172.10000000000582	8
172.10000000000582	5
172.10000000000582	31
172.10000000000582	13
172.10000000000582	42
172.10000000000582	28
172.10000000000582	6
172.10000000000582	45
172.10000000000582	49
172.10000000000582	43
172.10000000000582	27
172.10000000000582	29
172.10000000000582	9
172.20000000000437	17
172.20000000000437	37
172.3000000000029	2
172.3000000000029	25
172.40000000000146	39
172.40000000000146	7
173.70000000000437	4
173.70000000000437	46
173.70000000000437	40
174.10000000000582	11
174.20000000000437	34
174.3000000000029	5
174.40000000000146	21
174.40000000000146	26
174.40000000000146	25
173.90000000000146	49
173.90000000000146	43
173.90000000000146	29
173.90000000000146	9
173.90000000000146	31
173.90000000000146	27
173.90000000000146	30
173.90000000000146	17
173.90000000000146	36
173.90000000000146	35
173.90000000000146	47
173.90000000000146	15
173.90000000000146	6
173.90000000000146	20
173.90000000000146	39
173.90000000000146	18
173.90000000000146	45
174.0	8
174.0	22
174.0	44
174.0	48
174.0	42
174.0	2
174.0	16
174.0	23
174.10000000000582	7
174.10000000000582	37
174.20000000000437	13
174.20000000000437	38
175.90000000000146	4
175.90000000000146	40
176.0	21
176.10000000000582	17
176.20000000000437	44
176.20000000000437	42
176.20000000000437	35
176.20000000000437	47
176.20000000000437	46
176.20000000000437	22
176.20000000000437	34
176.20000000000437	27
176.20000000000437	30
176.20000000000437	7
176.20000000000437	36
176.20000000000437	16
176.20000000000437	2
176.20000000000437	49
176.20000000000437	39
176.20000000000437	26
176.20000000000437	6
176.20000000000437	18
176.20000000000437	43
176.20000000000437	9
176.3000000000029	25
176.3000000000029	23
176.3000000000029	13
176.3000000000029	31
176.3000000000029	5
176.3000000000029	29
176.3000000000029	11
176.3000000000029	37
176.40000000000146	45
176.40000000000146	48
176.40000000000146	8
176.40000000000146	20
178.10000000000582	4
178.10000000000582	40
178.20000000000437	15
178.3000000000029	49
178.3000000000029	47
178.3000000000029	34
178.3000000000029	45
178.3000000000029	5
178.3000000000029	21
178.3000000000029	29
178.40000000000146	22
178.40000000000146	9
178.40000000000146	25
178.40000000000146	48
178.40000000000146	30
178.40000000000146	46
178.40000000000146	38
178.5	6
178.5	23
178.5	27
178.5	35
178.5	36
178.5	7
178.5	26
178.5	11
178.5	20
178.5	44
178.5	43
178.5	2
178.5	42
178.5	16
178.5	31
178.60000000000582	18
178.60000000000582	8
178.60000000000582	39
178.60000000000582	37
180.40000000000146	4
180.40000000000146	29
180.40000000000146	47
180.40000000000146	40
180.40000000000146	5
180.40000000000146	16
180.5	21
180.5	42
180.5	48
180.5	15
180.5	49
180.5	34
180.5	22
180.60000000000582	45
180.60000000000582	27
180.60000000000582	26
180.60000000000582	20
180.60000000000582	30
180.60000000000582	6
180.60000000000582	43
180.60000000000582	9
180.60000000000582	39
180.60000000000582	31
180.60000000000582	18
180.70000000000437	7
180.70000000000437	35
180.70000000000437	8
180.70000000000437	25
180.70000000000437	23
180.70000000000437	2
180.70000000000437	44
180.70000000000437	11
181.3000000000029	38
181.0	37
181.0	46
181.0	36
182.60000000000582	29
182.70000000000437	4
182.70000000000437	5
182.70000000000437	47
182.70000000000437	40
182.70000000000437	22
182.70000000000437	49
182.70000000000437	23
182.70000000000437	6
182.90000000000146	8
182.90000000000146	15
183.20000000000437	34
183.3000000000029	42
183.40000000000146	11
183.5	25
183.60000000000582	27
183.60000000000582	36
183.70000000000437	46
183.70000000000437	45
183.70000000000437	2
183.70000000000437	35
183.70000000000437	30
183.70000000000437	20
182.90000000000146	43
182.90000000000146	9
182.90000000000146	18
182.90000000000146	7
182.90000000000146	16
182.90000000000146	37
182.90000000000146	31
182.90000000000146	26
182.90000000000146	39
182.90000000000146	21
185.5	29
184.90000000000146	22
184.90000000000146	4
185.0	5
185.0	8
185.0	18
185.0	6
185.0	2
185.0	47
185.0	30
185.0	42
185.10000000000582	34
185.10000000000582	45
185.10000000000582	25
185.10000000000582	11
185.10000000000582	16
185.10000000000582	21
185.10000000000582	7
185.10000000000582	46
185.10000000000582	37
185.10000000000582	26
185.20000000000437	40
185.20000000000437	49
185.20000000000437	9
185.20000000000437	43
185.20000000000437	31
185.20000000000437	23
185.20000000000437	39
185.20000000000437	20
185.20000000000437	27
185.20000000000437	35
187.10000000000582	29
187.10000000000582	22
187.20000000000437	2
187.20000000000437	8
187.20000000000437	11
187.20000000000437	6
187.20000000000437	4
187.3000000000029	40
187.3000000000029	31
187.3000000000029	7
187.3000000000029	47
187.3000000000029	21
187.3000000000029	16
187.3000000000029	35
187.3000000000029	43
187.3000000000029	15
187.3000000000029	49
187.3000000000029	25
187.3000000000029	27
187.3000000000029	46
187.3000000000029	34
187.3000000000029	5
187.3000000000029	30
187.40000000000146	9
187.40000000000146	37
187.40000000000146	23
187.40000000000146	45
187.40000000000146	42
187.40000000000146	26
187.5	39
187.5	20
189.40000000000146	2
189.40000000000146	29
189.40000000000146	11
189.40000000000146	4
189.5	6
189.5	22
189.5	42
189.5	31
189.5	43
189.5	47
189.5	34
189.60000000000582	40
189.60000000000582	9
189.60000000000582	5
189.60000000000582	49
189.60000000000582	20
189.60000000000582	37
189.60000000000582	39
189.60000000000582	8
189.60000000000582	46
189.60000000000582	45
189.60000000000582	30
189.60000000000582	7
189.60000000000582	16
189.60000000000582	21
189.70000000000437	23
189.70000000000437	26
189.70000000000437	35
189.70000000000437	27
190.3000000000029	25
191.60000000000582	29
191.60000000000582	2
191.60000000000582	11
191.70000000000437	22
191.70000000000437	7
191.70000000000437	4
191.70000000000437	45
191.70000000000437	23
191.70000000000437	34
192.3000000000029	31
192.5	35
192.0	47
192.60000000000582	26
192.70000000000437	25
192.70000000000437	15
191.90000000000146	30
191.90000000000146	16
191.90000000000146	42
191.90000000000146	6
191.90000000000146	27
191.90000000000146	46
191.90000000000146	49
191.90000000000146	43
191.90000000000146	8
191.90000000000146	5
191.90000000000146	37
191.90000000000146	40
191.90000000000146	39
192.0	20
193.90000000000146	22
193.90000000000146	7
193.90000000000146	34
193.90000000000146	29
194.0	31
194.0	23
194.0	37
194.0	2
194.0	45
194.0	42
194.0	30
194.0	47
194.10000000000582	8
194.10000000000582	26
194.10000000000582	20
194.10000000000582	35
194.10000000000582	6
194.10000000000582	11
194.10000000000582	49
194.10000000000582	40
194.10000000000582	4
194.10000000000582	5
194.10000000000582	46
194.10000000000582	25
194.20000000000437	39
194.20000000000437	43
196.10000000000582	34
196.10000000000582	31
196.10000000000582	22
196.20000000000437	45
196.20000000000437	29
196.20000000000437	30
196.20000000000437	23
196.20000000000437	7
196.20000000000437	42
196.20000000000437	11
196.20000000000437	25
196.3000000000029	15
196.3000000000029	26
196.3000000000029	43
196.3000000000029	49
196.3000000000029	35
196.3000000000029	6
196.3000000000029	46
196.3000000000029	2
196.3000000000029	47
196.3000000000029	4
196.3000000000029	39
196.3000000000029	37
196.3000000000029	5
196.3000000000029	40
196.40000000000146	8
196.40000000000146	20
198.3000000000029	34
198.40000000000146	45
198.40000000000146	46
198.40000000000146	22
198.5	15
198.5	29
198.5	11
198.5	31
198.5	42
198.5	47
198.5	4
198.5	40
198.5	37
198.5	30
198.60000000000582	26
198.60000000000582	5
198.60000000000582	39
198.60000000000582	35
198.60000000000582	49
198.60000000000582	20
198.60000000000582	6
198.60000000000582	2
198.60000000000582	8
198.60000000000582	43
200.60000000000582	46
200.60000000000582	34
200.60000000000582	45
200.70000000000437	4
200.70000000000437	39
200.70000000000437	22
200.70000000000437	15
200.70000000000437	30
200.70000000000437	26
200.70000000000437	37
200.70000000000437	47
201.20000000000437	40
200.90000000000146	42
200.90000000000146	5
201.0	29
201.10000000000582	20
201.3000000000029	35
201.3000000000029	49
201.60000000000582	11
200.90000000000146	43
200.90000000000146	6
200.90000000000146	8
200.90000000000146	2
203.20000000000437	46
202.90000000000146	4
202.90000000000146	22
202.90000000000146	34
202.90000000000146	26
202.90000000000146	15
202.90000000000146	45
202.90000000000146	47
203.0	37
203.0	30
203.0	20
203.0	42
203.0	11
203.0	29
203.0	43
203.10000000000582	40
203.10000000000582	5
203.10000000000582	6
203.10000000000582	2
203.10000000000582	8
203.20000000000437	35
205.10000000000582	46
205.10000000000582	4
205.10000000000582	20
205.10000000000582	26
205.10000000000582	34
205.20000000000437	30
205.20000000000437	42
205.3000000000029	29
205.3000000000029	45
205.3000000000029	40
205.3000000000029	35
205.3000000000029	2
205.3000000000029	22
205.3000000000029	11
205.3000000000029	5
205.3000000000029	6
205.3000000000029	43
205.40000000000146	8
205.40000000000146	37
205.40000000000146	15
207.3000000000029	2
207.40000000000146	4
207.40000000000146	46
207.40000000000146	26
207.5	42
207.5	29
207.5	30
207.5	22
207.5	6
207.5	40
207.5	11
207.5	35
207.5	8
207.5	43
207.5	45
207.5	20
207.70000000000437	34
207.70000000000437	37
209.5	2
209.60000000000582	46
209.60000000000582	6
209.70000000000437	34
209.70000000000437	4
209.70000000000437	43
209.70000000000437	8
209.70000000000437	45
209.70000000000437	11
210.0	29
210.10000000000582	22
210.20000000000437	30
210.20000000000437	40
210.20000000000437	20
210.20000000000437	42
210.20000000000437	26
210.40000000000146	37
210.70000000000437	35
209.90000000000146	15
212.20000000000437	2
212.20000000000437	6
211.90000000000146	11
211.90000000000146	4
211.90000000000146	22
212.0	46
212.0	45
212.0	42
212.0	8
212.0	35
212.0	43
212.0	30
212.0	20
212.10000000000582	40
212.10000000000582	34
212.10000000000582	15
212.10000000000582	26
212.10000000000582	29
212.20000000000437	37
214.0	6
214.10000000000582	2
214.10000000000582	8
214.10000000000582	40
214.10000000000582	22
214.10000000000582	46
214.20000000000437	4
214.20000000000437	35
214.20000000000437	30
214.20000000000437	42
214.20000000000437	34
214.20000000000437	43
214.20000000000437	29
214.20000000000437	26
214.3000000000029	37
214.3000000000029	45
216.3000000000029	6
216.3000000000029	40
216.3000000000029	30
216.3000000000029	22
216.40000000000146	46
216.40000000000146	4
216.40000000000146	8
216.5	15
216.5	45
216.5	29
216.5	35
216.5	43
216.5	37
216.5	26
218.5	22
218.60000000000582	6
218.60000000000582	40
218.70000000000437	29
218.70000000000437	4
218.70000000000437	8
218.90000000000146	26
218.90000000000146	37
219.0	43
219.0	35
219.0	45
219.20000000000437	46
218.90000000000146	15
220.70000000000437	22
220.90000000000146	15
221.70000000000437	30
220.90000000000146	29
220.90000000000146	46
220.90000000000146	40
220.90000000000146	45
220.90000000000146	37
221.0	43
221.0	35
221.0	8
221.0	6
221.0	26
221.10000000000582	4
223.0	22
223.0	15
223.10000000000582	4
223.20000000000437	29
223.20000000000437	45
223.20000000000437	40
223.20000000000437	37
223.20000000000437	6
223.20000000000437	43
223.20000000000437	35
223.3000000000029	8
223.3000000000029	46
223.3000000000029	26
225.20000000000437	15
225.20000000000437	29
225.3000000000029	4
225.3000000000029	43
225.3000000000029	22
225.40000000000146	46
225.40000000000146	37
225.40000000000146	6
225.40000000000146	26
225.5	35
225.5	45
225.5	40
225.5	8
227.5	43
227.5	22
227.5	15
228.10000000000582	45
228.10000000000582	46
228.10000000000582	29
228.10000000000582	26
228.10000000000582	8
228.10000000000582	4
228.20000000000437	35
228.20000000000437	37
229.10000000000582	40
229.20000000000437	6
229.70000000000437	15
229.70000000000437	22
229.70000000000437	46
230.20000000000437	43
230.20000000000437	29
230.20000000000437	26
230.20000000000437	8
230.40000000000146	6
230.5	37
230.70000000000437	4
230.70000000000437	45
230.10000000000582	40
230.10000000000582	35
232.0	22
232.0	46
232.0	15
232.10000000000582	4
232.10000000000582	29
232.10000000000582	43
232.20000000000437	26
232.20000000000437	40
232.20000000000437	35
232.20000000000437	37
232.20000000000437	45
232.20000000000437	8
232.70000000000437	6
234.20000000000437	15
234.3000000000029	29
234.3000000000029	46
234.3000000000029	43
234.40000000000146	22
234.40000000000146	6
234.40000000000146	40
234.40000000000146	4
234.40000000000146	37
234.40000000000146	26
234.40000000000146	45
234.40000000000146	35
236.5	15
236.5	4
236.60000000000582	22
236.60000000000582	35
236.60000000000582	46
236.60000000000582	29
236.60000000000582	37
236.60000000000582	43
236.60000000000582	6
236.60000000000582	40
236.60000000000582	26
236.60000000000582	45
238.70000000000437	4
238.70000000000437	35
239.3000000000029	45
239.5	22
238.90000000000146	40
238.90000000000146	15
238.90000000000146	43
238.90000000000146	37
238.90000000000146	26
238.90000000000146	29
238.90000000000146	6
238.90000000000146	46
241.0	45
241.0	37
241.10000000000582	35
241.10000000000582	4
241.10000000000582	26
241.10000000000582	15
241.10000000000582	22
241.10000000000582	6
241.10000000000582	43
241.20000000000437	46
241.20000000000437	40
243.20000000000437	4
243.3000000000029	45
243.3000000000029	6
243.3000000000029	22
243.3000000000029	26
243.3000000000029	43
243.3000000000029	37
243.40000000000146	35
243.40000000000146	46
243.40000000000146	40
243.40000000000146	15
245.5	45
245.5	43
245.5	6
245.5	46
245.60000000000582	22
245.60000000000582	26
245.60000000000582	37
245.60000000000582	15
245.60000000000582	35
245.60000000000582	40
248.10000000000582	6
248.70000000000437	22
248.70000000000437	46
248.70000000000437	37
247.90000000000146	40
247.90000000000146	43
247.90000000000146	26
247.90000000000146	35
247.90000000000146	15
248.0	45
249.90000000000146	22
250.0	46
250.10000000000582	15
250.10000000000582	6
250.10000000000582	45
250.20000000000437	37
250.20000000000437	35
250.20000000000437	40
252.3000000000029	22
252.3000000000029	46
252.3000000000029	45
252.3000000000029	40
252.40000000000146	6
252.5	15
254.5	15
254.5	46
254.60000000000582	22
254.60000000000582	40
254.60000000000582	6
254.60000000000582	45
256.90000000000146	22
257.40000000000146	15
256.90000000000146	46
257.0	6
257.0	45
259.0	15
259.0	22
259.1000000000058	45
259.1000000000058	46
261.3000000000029	46
261.3000000000029	15
261.3000000000029	45
261.3000000000029	22
263.6000000000058	22
263.70000000000437	15
263.70000000000437	45
266.0	45
266.6000000000058	22
