0.0	22
0.0	22
0.10000000000582077	7
0.10000000000582077	7
1.0	40
1.0	40
1.8000000000029104	52
1.8000000000029104	52
2.8000000000029104	58
2.8000000000029104	58
3.0	9
3.0	9
3.1000000000058208	31
3.1000000000058208	31
3.1999999999970896	25
3.1999999999970896	25
3.3999999999941792	48
3.3999999999941792	48
3.8000000000029104	11
3.8000000000029104	11
3.8999999999941792	14
3.8999999999941792	14
3.8999999999941792	45
3.8999999999941792	45
4.0	62
4.0	62
4.0	53
4.0	53
4.0	55
4.0	55
4.30000000000291	20
4.30000000000291	20
4.30000000000291	49
4.30000000000291	49
4.399999999994179	19
4.399999999994179	19
4.600000000005821	59
4.600000000005821	59
4.69999999999709	3
4.69999999999709	3
4.899999999994179	13
4.899999999994179	13
5.0	22
5.100000000005821	23
5.100000000005821	23
5.19999999999709	60
5.19999999999709	60
5.30000000000291	6
5.30000000000291	6
5.30000000000291	7
5.600000000005821	40
5.600000000005821	61
5.600000000005821	61
6.0	57
6.0	57
6.600000000005821	52
6.899999999994179	37
6.899999999994179	37
7.19999999999709	1
7.19999999999709	1
8.0	58
8.39999999999418	48
8.39999999999418	31
8.39999999999418	9
8.69999999999709	15
8.69999999999709	15
9.10000000000582	25
8.69999999999709	51
8.69999999999709	51
8.69999999999709	16
8.69999999999709	16
8.89999999999418	11
8.89999999999418	18
8.89999999999418	18
8.89999999999418	55
9.10000000000582	45
9.30000000000291	19
9.39999999999418	49
9.39999999999418	53
9.39999999999418	62
9.60000000000582	14
10.19999999999709	59
9.60000000000582	3
9.60000000000582	13
9.60000000000582	20
9.89999999999418	42
9.89999999999418	22
9.89999999999418	42
10.10000000000582	7
10.10000000000582	23
10.19999999999709	60
10.19999999999709	6
11.30000000000291	29
11.30000000000291	29
11.30000000000291	57
11.30000000000291	61
11.30000000000291	5
11.30000000000291	5
11.30000000000291	44
11.30000000000291	44
11.39999999999418	36
11.39999999999418	36
11.39999999999418	40
11.39999999999418	41
11.39999999999418	41
11.39999999999418	64
11.39999999999418	64
11.60000000000582	8
11.60000000000582	8
11.69999999999709	52
11.89999999999418	28
11.89999999999418	28
11.89999999999418	37
12.0	1
12.0	35
12.0	35
12.39999999999418	12
12.39999999999418	12
13.80000000000291	63
13.80000000000291	63
13.80000000000291	26
13.80000000000291	26
13.80000000000291	32
13.80000000000291	32
13.80000000000291	2
13.80000000000291	2
13.80000000000291	48
13.80000000000291	58
13.80000000000291	47
13.80000000000291	47
13.80000000000291	15
13.80000000000291	25
13.89999999999418	9
13.89999999999418	51
13.89999999999418	31
13.89999999999418	16
14.19999999999709	55
14.19999999999709	38
14.19999999999709	38
14.19999999999709	18
14.19999999999709	11
14.19999999999709	45
14.80000000000291	13
14.80000000000291	3
14.80000000000291	59
14.80000000000291	53
14.89999999999418	14
14.89999999999418	20
14.89999999999418	22
14.89999999999418	7
14.89999999999418	62
14.89999999999418	49
15.10000000000582	23
15.10000000000582	19
15.10000000000582	27
15.10000000000582	27
15.19999999999709	42
15.30000000000291	6
15.39999999999418	34
15.39999999999418	34
15.39999999999418	60
16.0	40
15.60000000000582	57
15.60000000000582	61
15.69999999999709	5
15.80000000000291	36
15.89999999999418	64
16.10000000000582	41
16.19999999999709	44
16.19999999999709	29
16.39999999999418	52
16.60000000000582	8
16.69999999999709	28
16.69999999999709	1
17.0	35
17.10000000000582	37
17.39999999999418	56
17.39999999999418	56
17.39999999999418	12
17.60000000000582	30
17.60000000000582	30
18.10000000000582	43
18.10000000000582	43
18.19999999999709	33
18.19999999999709	33
18.39999999999418	63
18.69999999999709	58
19.0	54
19.0	54
18.69999999999709	32
19.30000000000291	15
18.60000000000582	47
18.69999999999709	2
18.89999999999418	21
18.89999999999418	21
18.89999999999418	17
18.89999999999418	24
18.89999999999418	24
18.89999999999418	17
19.0	51
19.0	55
19.10000000000582	50
19.10000000000582	50
19.10000000000582	26
19.19999999999709	48
19.19999999999709	31
19.19999999999709	25
19.19999999999709	16
19.19999999999709	45
19.30000000000291	9
19.30000000000291	18
19.30000000000291	4
19.30000000000291	4
19.30000000000291	13
19.39999999999418	19
19.39999999999418	11
19.39999999999418	53
20.30000000000291	38
19.60000000000582	59
19.60000000000582	14
19.80000000000291	7
19.80000000000291	3
19.80000000000291	49
19.89999999999418	20
19.89999999999418	23
19.89999999999418	46
19.89999999999418	46
20.0	22
20.0	62
20.10000000000582	27
20.19999999999709	34
20.19999999999709	42
20.39999999999418	6
20.39999999999418	40
21.19999999999709	57
20.60000000000582	5
20.69999999999709	61
20.69999999999709	60
20.69999999999709	36
21.10000000000582	29
21.10000000000582	44
21.10000000000582	64
21.19999999999709	41
21.19999999999709	52
21.39999999999418	39
21.39999999999418	39
22.30000000000291	1
21.60000000000582	8
21.60000000000582	28
21.69999999999709	35
22.0	37
22.60000000000582	12
22.60000000000582	30
22.69999999999709	56
23.19999999999709	43
23.19999999999709	10
23.19999999999709	10
23.39999999999418	33
24.0	54
23.80000000000291	63
23.80000000000291	15
23.80000000000291	58
23.80000000000291	47
23.89999999999418	32
23.89999999999418	24
24.0	4
24.10000000000582	2
24.19999999999709	55
24.19999999999709	51
24.19999999999709	21
24.19999999999709	17
24.30000000000291	45
24.30000000000291	13
24.30000000000291	48
24.30000000000291	16
24.39999999999418	50
24.39999999999418	31
24.39999999999418	25
25.0	53
25.0	26
24.60000000000582	7
24.60000000000582	9
24.60000000000582	18
24.60000000000582	11
24.69999999999709	14
24.69999999999709	20
24.69999999999709	19
24.80000000000291	59
24.80000000000291	23
24.80000000000291	38
24.80000000000291	46
24.80000000000291	27
24.89999999999418	49
24.89999999999418	3
25.0	34
25.10000000000582	42
25.10000000000582	22
25.10000000000582	62
25.39999999999418	6
26.30000000000291	41
26.30000000000291	29
26.30000000000291	39
27.10000000000582	40
27.10000000000582	37
27.10000000000582	8
27.10000000000582	60
27.10000000000582	36
27.10000000000582	44
27.10000000000582	64
27.10000000000582	52
27.19999999999709	57
27.19999999999709	1
27.19999999999709	35
27.30000000000291	28
27.39999999999418	5
27.39999999999418	61
27.69999999999709	30
27.69999999999709	12
27.89999999999418	56
28.80000000000291	33
28.60000000000582	43
29.30000000000291	4
29.30000000000291	24
29.30000000000291	2
29.30000000000291	58
29.39999999999418	10
29.39999999999418	63
29.39999999999418	45
29.39999999999418	32
29.39999999999418	54
29.39999999999418	55
29.39999999999418	17
29.39999999999418	47
29.39999999999418	51
29.39999999999418	15
29.39999999999418	21
29.39999999999418	13
30.10000000000582	48
30.10000000000582	7
30.0	25
30.0	53
30.30000000000291	16
29.60000000000582	27
29.60000000000582	20
29.60000000000582	31
29.60000000000582	23
29.60000000000582	14
29.69999999999709	11
29.69999999999709	26
29.69999999999709	18
29.69999999999709	50
29.69999999999709	9
29.80000000000291	46
29.80000000000291	34
29.80000000000291	19
29.80000000000291	38
29.89999999999418	59
29.89999999999418	49
30.0	3
30.0	62
30.10000000000582	42
30.10000000000582	22
30.19999999999709	61
30.39999999999418	57
30.39999999999418	40
30.39999999999418	6
30.39999999999418	5
30.69999999999709	60
30.80000000000291	29
30.80000000000291	44
30.80000000000291	36
31.10000000000582	39
31.10000000000582	52
31.19999999999709	1
31.30000000000291	28
31.30000000000291	35
31.30000000000291	8
31.60000000000582	64
31.60000000000582	41
31.80000000000291	37
32.80000000000291	30
33.0	12
33.19999999999709	56
33.60000000000582	4
33.89999999999418	33
34.0	43
34.10000000000582	10
34.39999999999418	2
34.39999999999418	15
34.39999999999418	54
34.39999999999418	7
34.39999999999418	24
35.10000000000582	17
35.10000000000582	58
35.19999999999709	63
34.60000000000582	45
34.60000000000582	25
34.60000000000582	27
34.60000000000582	55
34.60000000000582	32
34.69999999999709	14
34.69999999999709	48
34.69999999999709	23
34.69999999999709	53
34.69999999999709	13
34.69999999999709	21
34.69999999999709	51
34.69999999999709	11
34.80000000000291	34
34.80000000000291	20
34.80000000000291	16
34.80000000000291	62
34.80000000000291	46
34.89999999999418	26
34.89999999999418	18
34.89999999999418	31
34.89999999999418	38
35.0	47
35.0	61
35.0	49
35.0	9
35.0	59
35.10000000000582	42
35.10000000000582	50
35.10000000000582	19
35.19999999999709	3
35.19999999999709	57
35.19999999999709	40
35.19999999999709	6
35.19999999999709	22
35.89999999999418	5
35.60000000000582	44
35.60000000000582	29
35.69999999999709	39
35.69999999999709	60
35.69999999999709	36
35.89999999999418	52
36.0	28
36.0	1
36.0	35
36.19999999999709	8
36.19999999999709	64
36.30000000000291	41
36.60000000000582	37
37.89999999999418	30
38.30000000000291	12
38.69999999999709	56
38.80000000000291	4
39.19999999999709	33
39.39999999999418	43
40.30000000000291	7
39.69999999999709	17
39.69999999999709	61
39.80000000000291	25
39.80000000000291	14
39.80000000000291	24
39.80000000000291	54
39.80000000000291	11
39.80000000000291	45
39.80000000000291	48
39.80000000000291	63
39.80000000000291	58
39.89999999999418	15
39.89999999999418	20
39.89999999999418	34
39.89999999999418	2
39.89999999999418	51
39.89999999999418	55
39.89999999999418	10
39.89999999999418	23
39.89999999999418	46
39.89999999999418	53
39.89999999999418	27
40.0	57
40.0	42
40.10000000000582	47
40.10000000000582	21
40.10000000000582	32
40.10000000000582	9
40.10000000000582	31
40.10000000000582	49
40.10000000000582	26
40.10000000000582	13
40.10000000000582	16
40.10000000000582	38
40.19999999999709	19
40.19999999999709	6
40.19999999999709	18
40.30000000000291	62
40.30000000000291	3
40.30000000000291	40
40.30000000000291	59
40.39999999999418	44
40.39999999999418	5
40.39999999999418	50
41.30000000000291	22
40.80000000000291	39
41.19999999999709	29
40.60000000000582	36
40.69999999999709	41
40.69999999999709	35
40.69999999999709	60
40.69999999999709	1
40.80000000000291	52
40.80000000000291	28
41.10000000000582	8
41.10000000000582	64
41.39999999999418	37
43.19999999999709	30
43.80000000000291	12
43.89999999999418	56
44.30000000000291	4
44.89999999999418	33
45.0	17
45.0	40
45.0	51
45.0	34
45.0	18
45.0	63
45.0	61
45.0	14
45.0	7
45.0	25
45.0	57
45.0	15
45.0	43
45.0	59
45.0	48
45.0	38
45.0	49
45.0	46
45.0	58
45.10000000000582	11
45.10000000000582	45
45.10000000000582	42
45.10000000000582	20
45.10000000000582	16
45.10000000000582	24
45.10000000000582	26
45.10000000000582	62
45.10000000000582	6
45.10000000000582	13
45.10000000000582	23
45.10000000000582	9
45.19999999999709	19
45.19999999999709	32
45.19999999999709	31
45.19999999999709	55
45.19999999999709	53
45.19999999999709	27
45.19999999999709	44
45.19999999999709	54
45.19999999999709	10
45.19999999999709	2
45.19999999999709	21
45.19999999999709	3
45.30000000000291	5
45.30000000000291	35
45.39999999999418	39
45.39999999999418	29
45.39999999999418	22
45.39999999999418	47
45.39999999999418	41
46.10000000000582	1
46.30000000000291	50
46.30000000000291	36
45.60000000000582	28
46.69999999999709	8
46.80000000000291	64
46.80000000000291	37
47.0	52
46.60000000000582	60
48.69999999999709	30
49.30000000000291	12
49.30000000000291	56
50.39999999999418	4
49.60000000000582	61
49.69999999999709	14
49.80000000000291	11
49.89999999999418	62
49.89999999999418	25
49.89999999999418	43
50.0	51
50.10000000000582	40
50.10000000000582	35
50.10000000000582	18
50.10000000000582	59
50.10000000000582	38
50.10000000000582	49
50.10000000000582	57
50.10000000000582	17
50.10000000000582	46
50.19999999999709	42
50.19999999999709	44
50.19999999999709	63
50.19999999999709	13
50.19999999999709	16
50.19999999999709	7
50.19999999999709	48
50.19999999999709	3
50.19999999999709	15
50.19999999999709	39
50.30000000000291	31
50.30000000000291	1
50.30000000000291	6
50.30000000000291	26
50.30000000000291	41
50.30000000000291	53
50.30000000000291	60
50.30000000000291	5
50.30000000000291	21
50.39999999999418	28
50.39999999999418	27
50.39999999999418	29
50.39999999999418	50
50.39999999999418	58
50.39999999999418	34
50.39999999999418	19
50.39999999999418	9
50.39999999999418	55
50.39999999999418	33
50.80000000000291	47
50.80000000000291	22
50.89999999999418	36
51.19999999999709	32
51.19999999999709	20
51.19999999999709	24
51.19999999999709	45
51.30000000000291	8
50.60000000000582	2
50.60000000000582	54
50.60000000000582	64
50.60000000000582	52
50.60000000000582	37
50.60000000000582	23
50.60000000000582	10
54.19999999999709	30
54.60000000000582	12
54.69999999999709	14
54.80000000000291	61
54.89999999999418	56
54.89999999999418	11
55.0	35
55.10000000000582	25
55.10000000000582	4
55.10000000000582	62
55.10000000000582	13
55.10000000000582	42
55.19999999999709	60
55.19999999999709	31
55.19999999999709	63
55.19999999999709	38
55.19999999999709	41
55.19999999999709	1
55.19999999999709	40
55.19999999999709	28
55.30000000000291	7
55.30000000000291	21
55.30000000000291	49
55.30000000000291	8
55.30000000000291	16
55.30000000000291	29
55.30000000000291	3
55.30000000000291	26
55.30000000000291	59
55.30000000000291	34
55.30000000000291	57
55.30000000000291	51
55.30000000000291	44
55.30000000000291	32
55.30000000000291	18
55.39999999999418	37
55.39999999999418	22
55.39999999999418	17
55.39999999999418	5
55.39999999999418	39
55.39999999999418	27
55.39999999999418	58
55.39999999999418	36
55.39999999999418	6
55.39999999999418	53
55.39999999999418	47
55.39999999999418	48
55.39999999999418	19
55.39999999999418	55
55.89999999999418	33
55.89999999999418	64
55.89999999999418	45
55.89999999999418	15
56.19999999999709	9
56.19999999999709	50
55.60000000000582	46
55.69999999999709	10
55.69999999999709	24
55.69999999999709	2
55.80000000000291	54
55.80000000000291	20
55.89999999999418	43
55.89999999999418	23
55.89999999999418	52
59.80000000000291	30
59.89999999999418	14
60.10000000000582	37
60.10000000000582	13
60.10000000000582	61
60.10000000000582	35
60.10000000000582	1
60.10000000000582	60
60.19999999999709	12
60.19999999999709	11
60.19999999999709	8
60.19999999999709	42
60.19999999999709	28
60.19999999999709	25
60.30000000000291	22
60.30000000000291	27
60.30000000000291	49
60.30000000000291	32
60.30000000000291	56
60.80000000000291	54
60.80000000000291	38
60.80000000000291	20
60.80000000000291	23
60.80000000000291	57
60.80000000000291	31
60.80000000000291	45
60.80000000000291	59
60.80000000000291	50
60.80000000000291	64
60.80000000000291	34
60.80000000000291	44
60.80000000000291	41
60.80000000000291	26
60.80000000000291	18
60.80000000000291	17
60.80000000000291	24
60.80000000000291	3
60.89999999999418	39
60.89999999999418	40
60.89999999999418	6
60.89999999999418	16
60.89999999999418	15
60.89999999999418	62
60.89999999999418	19
60.89999999999418	58
60.89999999999418	47
60.89999999999418	52
60.89999999999418	5
60.89999999999418	48
60.89999999999418	43
60.89999999999418	4
60.89999999999418	29
60.89999999999418	53
60.89999999999418	10
60.89999999999418	7
60.89999999999418	63
60.89999999999418	46
61.0	55
61.0	9
61.0	33
61.0	21
61.19999999999709	2
61.19999999999709	51
61.19999999999709	36
65.19999999999709	14
65.19999999999709	52
65.30000000000291	28
65.30000000000291	32
65.30000000000291	1
65.30000000000291	27
65.30000000000291	8
65.30000000000291	26
65.39999999999418	29
65.39999999999418	37
65.39999999999418	30
65.39999999999418	13
65.39999999999418	49
65.39999999999418	10
65.39999999999418	22
65.39999999999418	55
65.39999999999418	2
65.39999999999418	42
65.39999999999418	61
66.10000000000582	53
65.69999999999709	38
65.69999999999709	25
65.69999999999709	15
65.69999999999709	58
65.69999999999709	60
65.80000000000291	50
65.60000000000582	6
65.60000000000582	43
65.60000000000582	20
65.60000000000582	36
65.60000000000582	62
65.60000000000582	23
65.60000000000582	46
65.60000000000582	21
65.60000000000582	11
65.60000000000582	44
65.60000000000582	34
65.60000000000582	59
65.60000000000582	16
65.60000000000582	63
65.60000000000582	57
65.60000000000582	45
65.60000000000582	56
65.60000000000582	40
65.60000000000582	31
65.60000000000582	5
65.60000000000582	7
65.60000000000582	17
65.60000000000582	3
65.60000000000582	51
65.60000000000582	48
65.60000000000582	12
65.69999999999709	35
65.69999999999709	19
65.69999999999709	33
65.69999999999709	9
65.69999999999709	18
65.69999999999709	54
65.69999999999709	39
65.69999999999709	47
65.89999999999418	41
65.89999999999418	4
66.0	64
66.0	24
70.30000000000291	32
70.39999999999418	24
70.39999999999418	10
70.60000000000582	44
70.60000000000582	50
70.60000000000582	1
70.60000000000582	23
70.60000000000582	13
70.60000000000582	60
70.60000000000582	52
70.60000000000582	58
70.60000000000582	64
70.60000000000582	33
70.60000000000582	47
70.60000000000582	8
70.60000000000582	57
70.60000000000582	14
70.60000000000582	2
70.60000000000582	28
70.60000000000582	29
70.60000000000582	49
70.60000000000582	36
70.60000000000582	48
70.60000000000582	41
70.60000000000582	51
70.60000000000582	54
70.60000000000582	21
70.69999999999709	34
70.69999999999709	42
70.69999999999709	40
70.69999999999709	38
70.69999999999709	35
70.69999999999709	17
70.69999999999709	3
70.69999999999709	5
70.80000000000291	26
70.80000000000291	45
70.80000000000291	56
70.80000000000291	53
70.80000000000291	7
70.80000000000291	37
70.80000000000291	43
70.80000000000291	11
70.89999999999418	18
70.89999999999418	16
70.89999999999418	25
70.89999999999418	9
70.89999999999418	12
70.89999999999418	4
70.89999999999418	27
70.89999999999418	62
70.89999999999418	19
71.0	22
71.0	59
71.0	31
71.0	20
71.0	15
71.0	63
71.10000000000582	30
71.10000000000582	46
71.10000000000582	39
71.10000000000582	61
71.19999999999709	6
71.19999999999709	55
75.39999999999418	24
75.39999999999418	32
75.39999999999418	54
75.39999999999418	10
75.89999999999418	9
76.39999999999418	33
75.60000000000582	23
75.60000000000582	38
75.60000000000582	26
75.60000000000582	47
75.60000000000582	44
75.69999999999709	57
75.69999999999709	18
75.69999999999709	34
75.69999999999709	56
75.69999999999709	39
75.69999999999709	60
75.69999999999709	53
75.69999999999709	28
75.69999999999709	50
75.69999999999709	17
75.69999999999709	63
75.69999999999709	5
75.69999999999709	1
75.69999999999709	49
75.69999999999709	48
75.69999999999709	3
75.69999999999709	29
75.69999999999709	42
75.69999999999709	41
75.69999999999709	20
75.69999999999709	2
75.69999999999709	21
75.69999999999709	46
75.80000000000291	22
75.80000000000291	8
75.80000000000291	40
75.80000000000291	12
75.80000000000291	58
75.80000000000291	59
75.80000000000291	52
75.80000000000291	45
75.80000000000291	36
75.80000000000291	51
75.80000000000291	19
75.80000000000291	43
75.80000000000291	6
75.80000000000291	15
75.80000000000291	7
75.80000000000291	62
75.80000000000291	64
75.80000000000291	55
75.80000000000291	13
75.80000000000291	30
75.80000000000291	35
75.80000000000291	16
75.80000000000291	4
75.80000000000291	37
75.80000000000291	25
75.80000000000291	31
75.89999999999418	14
75.89999999999418	27
75.89999999999418	61
75.89999999999418	11
80.60000000000582	24
80.60000000000582	10
80.60000000000582	34
80.60000000000582	12
80.60000000000582	32
80.69999999999709	36
80.69999999999709	45
80.69999999999709	56
80.69999999999709	54
80.69999999999709	39
80.69999999999709	46
80.69999999999709	52
80.80000000000291	18
80.80000000000291	9
80.80000000000291	31
80.80000000000291	38
80.80000000000291	57
80.80000000000291	23
80.80000000000291	41
80.80000000000291	26
80.80000000000291	63
80.80000000000291	62
80.80000000000291	29
80.89999999999418	44
80.89999999999418	21
80.89999999999418	33
80.89999999999418	20
80.89999999999418	28
80.89999999999418	27
80.89999999999418	17
80.89999999999418	55
80.89999999999418	2
80.89999999999418	53
80.89999999999418	5
80.89999999999418	42
80.89999999999418	30
80.89999999999418	60
81.0	47
81.0	59
81.0	1
81.0	35
81.0	22
81.0	7
81.0	25
81.0	4
81.0	58
81.0	40
81.0	37
81.0	49
81.10000000000582	48
81.10000000000582	6
81.10000000000582	3
81.10000000000582	13
81.10000000000582	14
81.10000000000582	11
81.10000000000582	15
81.10000000000582	19
81.10000000000582	43
81.10000000000582	64
81.10000000000582	51
81.19999999999709	8
81.19999999999709	50
81.30000000000291	16
81.30000000000291	61
85.80000000000291	34
85.80000000000291	54
85.89999999999418	9
85.89999999999418	31
85.89999999999418	10
85.89999999999418	17
85.89999999999418	32
85.89999999999418	55
85.89999999999418	5
86.0	56
86.0	50
86.0	63
86.0	49
86.0	24
86.0	57
86.0	7
86.0	28
86.0	59
86.0	51
86.0	36
86.0	27
86.0	23
86.0	26
86.0	25
86.0	46
86.0	41
86.0	45
86.0	38
86.0	58
86.10000000000582	12
86.10000000000582	30
86.10000000000582	13
86.10000000000582	1
86.10000000000582	33
86.10000000000582	21
86.10000000000582	48
86.10000000000582	44
86.10000000000582	29
86.10000000000582	42
86.19999999999709	62
86.19999999999709	2
86.19999999999709	64
86.19999999999709	20
86.19999999999709	37
86.19999999999709	8
86.30000000000291	52
86.30000000000291	14
86.30000000000291	61
86.30000000000291	39
86.30000000000291	60
86.30000000000291	43
86.39999999999418	40
86.39999999999418	19
86.39999999999418	11
86.39999999999418	4
86.39999999999418	15
86.39999999999418	35
86.39999999999418	53
87.0	22
87.10000000000582	6
87.19999999999709	16
86.60000000000582	18
87.30000000000291	3
86.60000000000582	47
90.89999999999418	45
90.89999999999418	12
91.10000000000582	9
91.10000000000582	49
91.10000000000582	51
91.10000000000582	34
91.10000000000582	63
91.10000000000582	55
91.10000000000582	1
91.10000000000582	7
91.10000000000582	5
91.10000000000582	27
91.10000000000582	59
91.10000000000582	32
91.10000000000582	48
91.19999999999709	39
91.19999999999709	50
91.19999999999709	23
91.19999999999709	53
91.19999999999709	25
91.19999999999709	10
91.19999999999709	57
91.19999999999709	44
91.19999999999709	54
91.19999999999709	17
91.19999999999709	28
91.19999999999709	13
91.19999999999709	56
92.39999999999418	43
92.39999999999418	14
92.39999999999418	19
92.39999999999418	6
92.39999999999418	41
92.39999999999418	46
91.60000000000582	18
91.60000000000582	4
91.60000000000582	8
91.60000000000582	22
91.60000000000582	61
91.60000000000582	58
91.60000000000582	60
91.60000000000582	29
91.60000000000582	2
91.60000000000582	30
91.60000000000582	26
91.60000000000582	24
91.69999999999709	38
91.69999999999709	20
91.69999999999709	36
91.69999999999709	52
91.69999999999709	3
91.69999999999709	33
91.69999999999709	64
91.69999999999709	16
91.69999999999709	40
91.69999999999709	37
91.69999999999709	11
91.69999999999709	15
91.80000000000291	42
91.80000000000291	47
91.80000000000291	62
91.80000000000291	31
91.89999999999418	35
92.0	21
96.10000000000582	1
96.19999999999709	55
96.19999999999709	25
96.19999999999709	7
96.19999999999709	23
96.19999999999709	13
96.19999999999709	14
96.30000000000291	34
96.30000000000291	62
96.30000000000291	39
96.30000000000291	54
96.30000000000291	17
96.30000000000291	31
96.30000000000291	37
96.30000000000291	22
96.30000000000291	60
96.30000000000291	30
96.30000000000291	9
96.30000000000291	57
96.30000000000291	50
96.30000000000291	28
96.39999999999418	56
96.39999999999418	45
96.39999999999418	2
96.39999999999418	52
96.39999999999418	51
96.39999999999418	27
96.39999999999418	59
96.39999999999418	58
96.39999999999418	29
96.39999999999418	35
96.39999999999418	48
96.39999999999418	16
96.39999999999418	63
96.39999999999418	5
96.39999999999418	12
96.39999999999418	24
96.39999999999418	36
96.60000000000582	32
96.60000000000582	8
96.69999999999709	4
96.69999999999709	61
96.69999999999709	26
96.80000000000291	3
96.80000000000291	6
96.89999999999418	38
97.0	64
97.10000000000582	21
97.10000000000582	47
97.10000000000582	33
96.60000000000582	40
96.60000000000582	42
96.60000000000582	11
96.60000000000582	15
96.60000000000582	41
96.60000000000582	18
96.60000000000582	46
96.69999999999709	20
96.69999999999709	49
96.69999999999709	53
96.69999999999709	19
96.69999999999709	44
96.80000000000291	10
96.80000000000291	43
101.30000000000291	1
101.30000000000291	14
101.30000000000291	19
101.30000000000291	23
101.30000000000291	58
101.30000000000291	38
101.39999999999418	42
101.39999999999418	48
101.39999999999418	28
101.39999999999418	57
101.60000000000582	56
101.60000000000582	61
101.69999999999709	25
101.69999999999709	43
101.69999999999709	17
101.69999999999709	63
101.80000000000291	35
101.89999999999418	16
102.0	37
102.0	60
102.0	13
102.0	62
102.10000000000582	45
102.10000000000582	34
102.10000000000582	2
102.19999999999709	24
102.19999999999709	5
102.30000000000291	53
102.30000000000291	51
102.30000000000291	44
102.30000000000291	59
102.39999999999418	15
102.39999999999418	22
102.39999999999418	6
102.39999999999418	52
102.39999999999418	10
102.39999999999418	32
101.60000000000582	54
101.60000000000582	27
101.60000000000582	40
101.60000000000582	49
101.60000000000582	8
101.60000000000582	30
101.60000000000582	31
101.69999999999709	46
101.69999999999709	41
101.69999999999709	21
101.69999999999709	3
101.69999999999709	39
101.69999999999709	55
101.69999999999709	11
101.69999999999709	36
101.69999999999709	4
101.69999999999709	12
101.69999999999709	26
101.69999999999709	50
101.69999999999709	20
101.80000000000291	33
101.80000000000291	64
101.80000000000291	7
101.80000000000291	29
101.80000000000291	9
101.89999999999418	18
102.0	47
106.39999999999418	14
106.39999999999418	38
106.60000000000582	42
106.89999999999418	23
107.0	13
107.0	61
107.0	1
107.0	4
107.39999999999418	25
106.60000000000582	48
106.60000000000582	37
106.60000000000582	40
106.60000000000582	24
106.60000000000582	26
106.60000000000582	30
106.60000000000582	49
106.60000000000582	63
106.60000000000582	56
106.60000000000582	28
106.60000000000582	2
106.60000000000582	57
106.60000000000582	16
106.60000000000582	19
106.60000000000582	43
106.60000000000582	62
106.60000000000582	10
106.60000000000582	17
106.69999999999709	60
106.69999999999709	50
106.69999999999709	44
106.69999999999709	29
106.69999999999709	32
106.69999999999709	15
106.69999999999709	31
106.69999999999709	20
106.69999999999709	34
106.69999999999709	35
106.69999999999709	55
106.69999999999709	53
106.69999999999709	5
106.69999999999709	39
106.69999999999709	3
106.69999999999709	9
106.69999999999709	54
106.69999999999709	12
106.69999999999709	6
106.69999999999709	11
106.69999999999709	7
106.80000000000291	52
106.80000000000291	22
106.80000000000291	58
106.80000000000291	27
106.80000000000291	45
106.80000000000291	51
106.80000000000291	59
106.80000000000291	47
106.80000000000291	21
106.80000000000291	64
106.80000000000291	46
106.80000000000291	36
106.80000000000291	8
106.80000000000291	18
106.80000000000291	33
106.80000000000291	41
111.69999999999709	61
111.80000000000291	38
111.80000000000291	20
111.80000000000291	44
111.80000000000291	24
111.80000000000291	63
111.80000000000291	10
111.80000000000291	56
111.80000000000291	29
111.80000000000291	13
111.80000000000291	12
111.80000000000291	32
111.80000000000291	26
111.80000000000291	57
111.80000000000291	49
111.80000000000291	28
111.80000000000291	47
111.80000000000291	33
111.80000000000291	41
111.80000000000291	21
111.89999999999418	5
111.89999999999418	17
111.89999999999418	1
111.89999999999418	7
111.89999999999418	14
111.89999999999418	46
111.89999999999418	34
111.89999999999418	55
111.89999999999418	54
111.89999999999418	9
111.89999999999418	2
111.89999999999418	23
111.89999999999418	64
111.89999999999418	42
111.89999999999418	48
112.0	16
112.0	22
112.0	18
112.0	50
112.0	25
112.0	43
112.0	15
112.0	6
112.0	53
112.0	37
112.10000000000582	11
112.10000000000582	19
112.10000000000582	60
112.10000000000582	40
112.10000000000582	62
112.10000000000582	3
112.10000000000582	39
112.10000000000582	36
112.10000000000582	27
112.10000000000582	52
112.10000000000582	45
112.10000000000582	51
112.10000000000582	58
112.10000000000582	8
112.10000000000582	4
112.10000000000582	35
112.10000000000582	31
112.19999999999709	30
112.30000000000291	59
116.80000000000291	12
116.89999999999418	42
116.89999999999418	10
116.89999999999418	61
117.0	44
117.0	56
117.0	48
117.0	34
117.0	39
117.0	49
117.0	38
117.10000000000582	14
117.10000000000582	25
117.10000000000582	31
117.10000000000582	7
117.10000000000582	6
117.19999999999709	37
117.19999999999709	2
117.19999999999709	30
117.19999999999709	60
117.19999999999709	53
117.19999999999709	26
117.19999999999709	24
117.19999999999709	54
117.19999999999709	63
117.19999999999709	17
117.19999999999709	55
117.19999999999709	23
117.19999999999709	47
117.19999999999709	21
117.19999999999709	64
117.19999999999709	11
117.19999999999709	3
117.19999999999709	43
117.19999999999709	1
117.19999999999709	5
117.19999999999709	13
117.19999999999709	20
117.19999999999709	62
117.19999999999709	57
117.19999999999709	46
117.30000000000291	18
117.30000000000291	41
117.30000000000291	33
117.30000000000291	45
117.30000000000291	58
117.30000000000291	36
117.30000000000291	59
117.30000000000291	51
117.30000000000291	27
117.30000000000291	52
117.30000000000291	16
117.30000000000291	4
117.30000000000291	50
117.30000000000291	29
117.39999999999418	28
117.39999999999418	9
117.39999999999418	8
117.39999999999418	32
117.39999999999418	19
118.10000000000582	15
117.60000000000582	22
117.60000000000582	40
117.60000000000582	35
122.30000000000291	34
122.30000000000291	31
122.30000000000291	7
122.30000000000291	42
122.30000000000291	54
122.30000000000291	26
122.30000000000291	12
122.30000000000291	23
122.30000000000291	61
122.30000000000291	3
122.30000000000291	11
122.30000000000291	19
122.30000000000291	10
122.30000000000291	28
122.30000000000291	1
122.30000000000291	49
122.30000000000291	2
122.30000000000291	56
122.30000000000291	63
122.30000000000291	53
122.30000000000291	44
122.30000000000291	9
122.30000000000291	29
122.30000000000291	25
122.30000000000291	13
122.30000000000291	5
122.30000000000291	62
122.30000000000291	55
122.30000000000291	38
122.30000000000291	17
122.30000000000291	6
122.30000000000291	57
122.30000000000291	14
122.39999999999418	30
122.39999999999418	39
122.39999999999418	48
122.39999999999418	36
122.39999999999418	45
122.39999999999418	51
122.39999999999418	52
122.39999999999418	59
122.60000000000582	58
122.60000000000582	41
122.60000000000582	33
122.60000000000582	18
122.60000000000582	21
122.60000000000582	27
122.60000000000582	43
122.60000000000582	24
122.60000000000582	15
122.60000000000582	32
122.60000000000582	64
122.60000000000582	46
122.60000000000582	47
122.60000000000582	8
122.60000000000582	40
122.69999999999709	35
122.69999999999709	37
122.69999999999709	16
122.69999999999709	4
122.69999999999709	50
122.69999999999709	22
122.80000000000291	20
122.80000000000291	60
127.30000000000291	12
127.30000000000291	32
127.30000000000291	54
127.30000000000291	34
127.30000000000291	55
127.39999999999418	23
127.39999999999418	9
127.39999999999418	39
127.39999999999418	10
127.39999999999418	31
127.39999999999418	7
127.39999999999418	36
127.39999999999418	26
127.39999999999418	17
127.39999999999418	11
127.60000000000582	25
127.69999999999709	50
127.69999999999709	1
127.89999999999418	24
127.89999999999418	45
127.89999999999418	3
127.89999999999418	49
127.89999999999418	62
127.89999999999418	44
128.0	5
128.0	48
128.10000000000582	15
128.1999999999971	61
128.1999999999971	2
128.1999999999971	63
128.1999999999971	13
128.1999999999971	53
128.3000000000029	30
128.3000000000029	20
128.3000000000029	51
127.60000000000582	35
127.60000000000582	22
127.60000000000582	59
127.60000000000582	52
127.60000000000582	43
127.60000000000582	56
127.60000000000582	27
127.60000000000582	29
127.60000000000582	28
127.60000000000582	57
127.60000000000582	37
127.60000000000582	47
127.69999999999709	21
127.69999999999709	64
127.69999999999709	33
127.69999999999709	18
127.69999999999709	46
127.69999999999709	41
127.69999999999709	58
127.69999999999709	19
127.69999999999709	40
127.69999999999709	6
127.69999999999709	42
127.69999999999709	38
127.80000000000291	4
127.89999999999418	60
128.0	8
128.0	16
128.10000000000582	14
133.0	55
133.1999999999971	13
133.3000000000029	34
133.3000000000029	54
133.39999999999418	9
132.60000000000582	36
132.6999999999971	32
132.6999999999971	22
132.6999999999971	6
132.6999999999971	26
132.6999999999971	1
132.6999999999971	5
132.6999999999971	57
132.6999999999971	25
132.6999999999971	7
132.6999999999971	23
132.6999999999971	11
132.6999999999971	17
132.6999999999971	28
132.6999999999971	24
132.6999999999971	8
132.6999999999971	45
132.6999999999971	56
132.6999999999971	31
132.6999999999971	29
132.8000000000029	61
132.8000000000029	12
132.8000000000029	30
132.8000000000029	50
132.8000000000029	20
132.8000000000029	15
132.8000000000029	49
132.8000000000029	37
132.8000000000029	35
132.8000000000029	48
132.8000000000029	2
132.8000000000029	44
132.8000000000029	3
132.8000000000029	42
132.8000000000029	38
132.8000000000029	58
132.8000000000029	16
132.8000000000029	10
132.89999999999418	27
132.89999999999418	40
132.89999999999418	51
132.89999999999418	14
132.89999999999418	4
132.89999999999418	19
132.89999999999418	62
132.89999999999418	60
132.89999999999418	39
132.89999999999418	52
132.89999999999418	59
132.89999999999418	63
132.89999999999418	43
133.0	53
133.10000000000582	64
133.10000000000582	41
133.10000000000582	33
133.10000000000582	47
133.10000000000582	21
133.1999999999971	46
133.1999999999971	18
137.6999999999971	36
137.6999999999971	54
137.6999999999971	1
137.6999999999971	55
137.8000000000029	13
137.8000000000029	37
137.8000000000029	60
137.8000000000029	57
137.8000000000029	6
137.8000000000029	9
137.8000000000029	8
137.89999999999418	17
137.89999999999418	62
137.89999999999418	25
137.89999999999418	30
137.89999999999418	29
137.89999999999418	48
138.0	24
138.0	26
138.0	32
138.0	14
138.0	61
138.0	15
138.0	19
138.0	45
138.0	10
138.0	39
138.0	12
138.0	52
138.0	5
138.0	3
138.10000000000582	56
138.10000000000582	7
138.10000000000582	16
138.10000000000582	58
138.10000000000582	11
138.10000000000582	35
138.10000000000582	53
138.10000000000582	42
138.10000000000582	18
138.10000000000582	23
138.10000000000582	46
138.10000000000582	21
138.10000000000582	49
138.10000000000582	43
138.10000000000582	44
138.10000000000582	51
138.10000000000582	59
138.10000000000582	40
138.10000000000582	2
138.10000000000582	50
138.10000000000582	34
138.10000000000582	31
138.10000000000582	4
138.10000000000582	38
138.10000000000582	47
138.10000000000582	33
138.10000000000582	27
138.1999999999971	28
138.1999999999971	63
138.1999999999971	20
138.1999999999971	22
138.3000000000029	41
138.39999999999418	64
142.89999999999418	54
143.0	36
143.0	1
143.0	57
143.0	28
143.10000000000582	55
143.10000000000582	14
143.10000000000582	48
143.10000000000582	29
143.10000000000582	59
143.10000000000582	25
143.10000000000582	17
143.10000000000582	56
143.1999999999971	9
143.1999999999971	20
143.1999999999971	24
143.1999999999971	63
143.1999999999971	32
143.1999999999971	50
143.1999999999971	33
143.3000000000029	10
143.3000000000029	8
143.3000000000029	58
143.3000000000029	27
143.3000000000029	23
143.3000000000029	62
143.3000000000029	61
143.3000000000029	45
143.3000000000029	41
143.3000000000029	30
143.3000000000029	60
143.3000000000029	64
143.3000000000029	13
143.3000000000029	49
143.3000000000029	22
143.3000000000029	16
143.3000000000029	31
143.3000000000029	38
143.3000000000029	34
143.3000000000029	7
143.3000000000029	46
143.3000000000029	37
143.3000000000029	18
143.3000000000029	4
143.39999999999418	35
143.39999999999418	43
143.39999999999418	3
143.39999999999418	6
143.39999999999418	11
143.39999999999418	42
143.39999999999418	44
144.10000000000582	5
143.60000000000582	47
143.60000000000582	2
143.60000000000582	40
143.6999999999971	21
144.1999999999971	53
144.39999999999418	15
143.60000000000582	51
143.60000000000582	39
143.6999999999971	12
143.6999999999971	26
148.1999999999971	1
148.1999999999971	28
148.3000000000029	48
148.3000000000029	32
148.3000000000029	54
148.3000000000029	55
148.3000000000029	56
148.60000000000582	24
148.60000000000582	31
148.8000000000029	12
148.8000000000029	29
148.89999999999418	44
148.89999999999418	17
149.0	2
149.0	60
149.0	30
149.0	23
149.10000000000582	5
149.1999999999971	14
149.39999999999418	22
149.39999999999418	6
149.39999999999418	15
148.60000000000582	37
148.60000000000582	20
148.60000000000582	35
148.60000000000582	4
148.60000000000582	64
148.60000000000582	47
148.60000000000582	33
148.6999999999971	27
148.6999999999971	21
148.6999999999971	46
148.6999999999971	59
148.6999999999971	45
148.6999999999971	51
148.8000000000029	61
148.8000000000029	41
153.39999999999418	28
153.39999999999418	14
153.8000000000029	1
153.89999999999418	31
153.60000000000582	20
153.60000000000582	56
153.60000000000582	23
153.60000000000582	24
153.60000000000582	12
153.60000000000582	62
153.60000000000582	30
153.6999999999971	25
153.6999999999971	54
153.6999999999971	61
153.6999999999971	17
153.6999999999971	48
153.6999999999971	29
153.6999999999971	35
153.6999999999971	22
153.6999999999971	5
153.6999999999971	44
153.8000000000029	60
154.0	51
154.0	45
154.0	27
154.0	59
154.39999999999418	64
154.60000000000582	21
154.60000000000582	46
154.6999999999971	41
155.3000000000029	47
154.60000000000582	33
158.6999999999971	28
158.6999999999971	48
158.8000000000029	1
158.8000000000029	56
158.8000000000029	7
158.8000000000029	14
158.89999999999418	39
158.89999999999418	12
158.89999999999418	5
158.89999999999418	40
158.89999999999418	17
158.89999999999418	21
158.89999999999418	41
158.89999999999418	47
158.89999999999418	33
158.89999999999418	35
159.0	64
159.0	51
159.0	22
159.0	31
159.0	61
159.10000000000582	44
159.10000000000582	54
159.10000000000582	60
159.10000000000582	25
159.10000000000582	30
159.10000000000582	59
159.1999999999971	27
159.1999999999971	4
159.1999999999971	20
159.1999999999971	29
159.3000000000029	23
159.60000000000582	55
164.0	49
164.0	23
164.10000000000582	27
164.1999999999971	17
164.1999999999971	30
164.1999999999971	54
164.1999999999971	61
164.1999999999971	55
164.1999999999971	25
164.1999999999971	7
164.1999999999971	14
164.1999999999971	44
164.1999999999971	39
164.3000000000029	22
164.3000000000029	4
164.3000000000029	15
164.39999999999418	40
164.39999999999418	21
164.39999999999418	64
165.0	58
165.0	33
165.10000000000582	29
169.3000000000029	40
169.3000000000029	22
169.3000000000029	28
169.3000000000029	29
169.3000000000029	12
169.3000000000029	44
169.3000000000029	36
169.39999999999418	14
169.39999999999418	58
169.39999999999418	17
169.39999999999418	61
169.39999999999418	30
169.39999999999418	23
170.1999999999971	33
170.3000000000029	55
170.3000000000029	64
170.3000000000029	7
174.3000000000029	54
175.0	22
175.0	23
175.0	29
175.0	14
175.0	56
175.10000000000582	7
175.10000000000582	44
175.10000000000582	61
175.1999999999971	30
175.3000000000029	12
175.3000000000029	28
175.39999999999418	36
175.39999999999418	58
174.60000000000582	40
174.6999999999971	55
174.89999999999418	64
179.60000000000582	56
179.60000000000582	17
179.60000000000582	1
179.6999999999971	22
179.6999999999971	61
179.8000000000029	12
179.8000000000029	29
179.8000000000029	28
179.8000000000029	30
179.8000000000029	36
183.3000000000029	19
183.3000000000029	52
184.8000000000029	17
184.8000000000029	29
184.89999999999418	61
184.89999999999418	12
184.89999999999418	30
185.10000000000582	16
185.10000000000582	22
185.60000000000582	57
188.3000000000029	57
188.3000000000029	7
188.3000000000029	53
188.3000000000029	40
188.3000000000029	63
188.3000000000029	9
188.39999999999418	50
188.39999999999418	36
188.39999999999418	25
188.39999999999418	49
188.39999999999418	19
188.39999999999418	58
189.39999999999418	38
188.89999999999418	10
189.10000000000582	18
189.89999999999418	17
190.0	29
190.10000000000582	61
190.10000000000582	30
190.1999999999971	16
190.1999999999971	22
190.3000000000029	40
190.6999999999971	57
193.39999999999418	7
193.39999999999418	37
194.3000000000029	49
194.39999999999418	40
194.39999999999418	63
193.60000000000582	57
193.60000000000582	9
193.60000000000582	50
193.6999999999971	18
193.6999999999971	55
193.6999999999971	36
194.89999999999418	54
195.3000000000029	29
195.3000000000029	5
195.3000000000029	22
195.3000000000029	16
195.3000000000029	43
195.39999999999418	18
195.39999999999418	21
195.8000000000029	57
198.6999999999971	63
198.6999999999971	49
198.6999999999971	46
198.8000000000029	62
198.8000000000029	50
198.8000000000029	43
198.8000000000029	24
198.89999999999418	57
198.89999999999418	36
200.10000000000582	53
200.10000000000582	54
200.10000000000582	16
201.1999999999971	55
201.1999999999971	29
201.1999999999971	43
200.60000000000582	21
200.60000000000582	18
200.60000000000582	5
200.6999999999971	40
200.8000000000029	22
200.89999999999418	57
204.0	5
204.0	46
204.0	28
204.0	16
204.0	12
204.10000000000582	24
204.10000000000582	50
204.10000000000582	47
204.10000000000582	51
204.10000000000582	60
204.10000000000582	20
204.10000000000582	1
204.10000000000582	62
204.10000000000582	13
204.10000000000582	59
204.10000000000582	63
204.10000000000582	52
204.3000000000029	43
205.0	54
205.1999999999971	30
205.1999999999971	53
205.3000000000029	5
205.3000000000029	16
205.3000000000029	40
205.3000000000029	22
205.3000000000029	50
205.3000000000029	43
205.39999999999418	29
205.39999999999418	15
206.0	55
206.10000000000582	21
205.60000000000582	18
205.8000000000029	57
209.10000000000582	5
209.1999999999971	16
209.1999999999971	54
209.1999999999971	21
209.1999999999971	25
209.1999999999971	60
209.1999999999971	51
209.1999999999971	20
209.3000000000029	24
209.3000000000029	46
209.3000000000029	50
209.3000000000029	62
209.3000000000029	15
209.3000000000029	52
209.3000000000029	4
209.39999999999418	59
210.0	54
210.1999999999971	53
210.1999999999971	30
210.3000000000029	29
210.3000000000029	17
210.3000000000029	5
210.3000000000029	22
210.3000000000029	19
210.39999999999418	40
210.39999999999418	3
210.6999999999971	43
210.60000000000582	64
210.6999999999971	57
214.39999999999418	5
214.39999999999418	25
214.39999999999418	51
214.39999999999418	50
214.39999999999418	60
214.39999999999418	46
214.39999999999418	16
214.39999999999418	20
214.39999999999418	24
214.60000000000582	62
214.6999999999971	21
214.8000000000029	4
214.8000000000029	59
214.60000000000582	43
214.60000000000582	52
214.6999999999971	17
215.10000000000582	29
215.10000000000582	53
215.1999999999971	17
215.1999999999971	28
215.3000000000029	1
215.3000000000029	30
215.39999999999418	50
215.39999999999418	40
215.39999999999418	46
215.39999999999418	57
215.39999999999418	3
215.8000000000029	33
216.10000000000582	21
215.60000000000582	19
219.60000000000582	25
219.60000000000582	5
219.60000000000582	20
219.60000000000582	60
219.6999999999971	45
219.6999999999971	44
219.6999999999971	27
219.6999999999971	59
219.6999999999971	62
219.6999999999971	14
219.6999999999971	21
219.6999999999971	58
219.6999999999971	24
219.8000000000029	28
220.0	58
220.10000000000582	9
220.10000000000582	29
220.10000000000582	1
220.10000000000582	30
220.10000000000582	53
220.1999999999971	44
220.1999999999971	40
224.8000000000029	58
224.8000000000029	1
224.89999999999418	5
224.89999999999418	20
225.0	45
225.0	27
225.0	21
225.0	28
225.0	9
228.3000000000029	13
229.89999999999418	36
229.89999999999418	1
230.0	58
230.10000000000582	3
230.10000000000582	12
230.1999999999971	45
230.1999999999971	28
230.3000000000029	21
230.3000000000029	64
230.39999999999418	60
230.39999999999418	41
233.60000000000582	10
235.0	36
235.10000000000582	1
235.10000000000582	61
235.1999999999971	3
235.3000000000029	12
235.3000000000029	60
235.39999999999418	41
235.39999999999418	64
235.39999999999418	21
238.6999999999971	45
238.8000000000029	58
238.8000000000029	19
240.0	36
240.0	45
240.10000000000582	21
240.10000000000582	61
240.3000000000029	3
240.3000000000029	1
240.39999999999418	12
240.60000000000582	64
243.89999999999418	45
244.0	41
244.0	56
244.10000000000582	3
244.10000000000582	36
244.1999999999971	57
245.0	45
245.0	36
245.3000000000029	1
245.39999999999418	3
245.39999999999418	12
245.60000000000582	64
249.3000000000029	1
249.3000000000029	45
249.3000000000029	27
249.3000000000029	56
249.60000000000582	57
250.0	45
250.1999999999971	16
250.1999999999971	1
250.3000000000029	21
250.39999999999418	27
250.39999999999418	12
250.6999999999971	50
254.39999999999418	33
254.60000000000582	1
254.8000000000029	57
254.8000000000029	45
254.8000000000029	27
255.0	45
255.10000000000582	12
255.1999999999971	16
255.3000000000029	5
255.3000000000029	51
255.39999999999418	27
259.3999999999942	54
259.6000000000058	33
259.6000000000058	64
259.8999999999942	10
259.8999999999942	53
259.8999999999942	53
259.8999999999942	43
260.6000000000058	21
260.6000000000058	12
260.6000000000058	5
260.6000000000058	36
260.6999999999971	51
260.6999999999971	27
264.6000000000058	54
264.8999999999942	43
265.0	28
265.0	53
265.0	53
265.1000000000058	1
265.1000000000058	33
265.1000000000058	10
265.1000000000058	12
265.1000000000058	18
265.1000000000058	64
265.1000000000058	29
265.1000000000058	53
265.1999999999971	36
265.1999999999971	51
265.3000000000029	50
265.3999999999942	40
265.3999999999942	21
265.6000000000058	5
268.3999999999942	3
268.3999999999942	16
269.8999999999942	28
269.8999999999942	33
270.0	5
270.0	51
270.0	36
270.0	53
270.0	53
270.0	53
270.1000000000058	10
270.1000000000058	43
270.1000000000058	27
270.1000000000058	5
270.3000000000029	21
270.3000000000029	18
274.0	53
273.6000000000058	16
273.6000000000058	58
273.6000000000058	13
273.6000000000058	3
274.8999999999942	1
274.8999999999942	5
275.0	53
275.1000000000058	27
275.1000000000058	33
275.1999999999971	53
275.1999999999971	36
275.1999999999971	58
275.1999999999971	56
275.3000000000029	40
275.3000000000029	10
275.3000000000029	28
275.3999999999942	4
275.3999999999942	51
278.6999999999971	16
278.8999999999942	3
279.8999999999942	53
279.8999999999942	5
279.8999999999942	3
279.8999999999942	1
280.1000000000058	27
280.1000000000058	13
280.1000000000058	33
280.1999999999971	41
280.1999999999971	58
280.3000000000029	40
280.3000000000029	36
280.3000000000029	28
280.3999999999942	10
280.3999999999942	60
280.3999999999942	56
280.3999999999942	51
280.6000000000058	4
284.0	18
284.1000000000058	19
284.8000000000029	5
284.8999999999942	3
285.0	53
285.1000000000058	27
285.1000000000058	56
285.1000000000058	13
285.1000000000058	61
285.1999999999971	57
285.3000000000029	40
285.3000000000029	21
285.3000000000029	41
285.3000000000029	33
285.3000000000029	28
285.3000000000029	58
285.3999999999942	60
285.3999999999942	36
285.6000000000058	10
288.3000000000029	28
288.3000000000029	3
288.8000000000029	27
289.3000000000029	19
289.3000000000029	63
289.3000000000029	3
289.3000000000029	18
289.3000000000029	53
289.3000000000029	13
289.6999999999971	5
289.8999999999942	53
289.8999999999942	3
290.0	56
290.0	57
290.1000000000058	53
290.1999999999971	58
290.1999999999971	59
290.1999999999971	36
290.1999999999971	60
290.1999999999971	21
290.1999999999971	33
290.3000000000029	61
290.3000000000029	27
290.3000000000029	10
290.3000000000029	5
290.3999999999942	36
290.3999999999942	45
292.1000000000058	53
293.1000000000058	59
293.3000000000029	28
293.6000000000058	27
293.6000000000058	45
294.3999999999942	13
294.6999999999971	18
294.6000000000058	19
294.6999999999971	53
294.8000000000029	63
294.6999999999971	60
294.8000000000029	5
294.8999999999942	21
294.8999999999942	57
294.8999999999942	40
295.0	53
295.0	45
295.0	58
295.0	3
295.0	36
295.1000000000058	1
295.1000000000058	54
295.1000000000058	56
295.1000000000058	59
295.1999999999971	53
295.1999999999971	33
295.1999999999971	64
295.1999999999971	10
295.3000000000029	22
295.3000000000029	27
295.3000000000029	36
295.3999999999942	45
295.3999999999942	61
297.3999999999942	53
298.1999999999971	40
298.1999999999971	60
298.3000000000029	59
298.3000000000029	45
298.6000000000058	27
298.6999999999971	45
299.1999999999971	4
299.6000000000058	13
299.8999999999942	10
299.6000000000058	51
299.6000000000058	60
299.6000000000058	3
299.6999999999971	18
299.6999999999971	4
299.6999999999971	40
299.6999999999971	63
299.8000000000029	19
299.8000000000029	57
299.8000000000029	36
299.8999999999942	21
299.8999999999942	63
299.8999999999942	56
300.0	53
300.0	1
300.1000000000058	10
300.1999999999971	61
300.1999999999971	57
300.1999999999971	3
300.1999999999971	36
300.1999999999971	27
300.1999999999971	45
300.1999999999971	58
300.1999999999971	59
300.1999999999971	51
300.3000000000029	16
300.3000000000029	33
300.3000000000029	64
300.3999999999942	40
302.8999999999942	63
302.8999999999942	36
303.1999999999971	40
303.1999999999971	60
303.1999999999971	45
303.6999999999971	13
304.1000000000058	4
304.6999999999971	10
304.6999999999971	57
304.8000000000029	61
304.8000000000029	56
304.8000000000029	40
304.8000000000029	3
304.8000000000029	19
304.8000000000029	60
304.8999999999942	33
304.8999999999942	4
304.8999999999942	10
305.0	22
305.0	56
305.0	40
305.0	54
305.0	57
305.0	53
305.0	60
305.0	22
305.0	1
305.1000000000058	3
305.1000000000058	61
305.1000000000058	58
305.1000000000058	36
305.1000000000058	36
305.1000000000058	36
305.1000000000058	27
305.1000000000058	45
305.1999999999971	59
305.1999999999971	59
305.1999999999971	51
305.1999999999971	51
305.1999999999971	50
305.1999999999971	27
305.3000000000029	40
308.0	63
308.1000000000058	36
308.3999999999942	13
308.3999999999942	60
309.3999999999942	4
309.6999999999971	10
309.8000000000029	57
309.8000000000029	27
309.8999999999942	54
309.8999999999942	54
309.8999999999942	61
309.8999999999942	40
309.8999999999942	63
309.8999999999942	51
310.0	10
310.0	3
310.0	22
310.0	50
310.0	61
310.0	19
310.0	22
310.0	60
310.0	56
310.0	56
310.0	1
310.0	1
310.0	53
310.0	36
310.0	36
310.0	45
310.0	27
310.0	50
310.1000000000058	50
310.1000000000058	51
310.1000000000058	27
310.1000000000058	40
310.1000000000058	20
310.1000000000058	59
310.1000000000058	59
310.1000000000058	59
310.1000000000058	12
310.1000000000058	5
310.1999999999971	33
310.1999999999971	64
310.3000000000029	57
310.3999999999942	4
310.3999999999942	40
313.8999999999942	4
313.6000000000058	43
313.6000000000058	19
315.1000000000058	10
314.6999999999971	4
314.6999999999971	40
314.8999999999942	61
314.8999999999942	27
314.8999999999942	53
314.8999999999942	51
314.8999999999942	29
314.8999999999942	36
314.8999999999942	12
314.8999999999942	63
314.8999999999942	40
314.8999999999942	1
315.0	16
315.0	4
315.0	56
315.0	50
315.0	19
315.0	57
315.1000000000058	40
315.1000000000058	59
315.1000000000058	59
315.1000000000058	59
315.1000000000058	45
315.1000000000058	45
315.1000000000058	36
315.1000000000058	27
315.1000000000058	58
315.1000000000058	51
315.1000000000058	45
315.1999999999971	60
315.1999999999971	53
315.1999999999971	64
315.1999999999971	64
315.1999999999971	33
315.1999999999971	33
315.3000000000029	57
315.3000000000029	5
315.3000000000029	5
315.3000000000029	20
315.3000000000029	22
318.8000000000029	18
319.3999999999942	10
319.6000000000058	40
319.6999999999971	63
319.6999999999971	36
319.6999999999971	51
319.6999999999971	19
319.6999999999971	4
319.8000000000029	29
319.8000000000029	27
319.8999999999942	61
319.8999999999942	16
319.8999999999942	61
319.8999999999942	12
319.8999999999942	3
320.0	1
320.0	5
320.0	16
320.0	40
320.0	36
320.0	58
320.0	51
320.0	27
320.0	45
320.0	45
320.0	10
320.0	56
320.1000000000058	58
320.1000000000058	53
320.1000000000058	60
320.1000000000058	13
320.1000000000058	13
320.1000000000058	59
320.1000000000058	25
320.1000000000058	59
320.1000000000058	19
320.1000000000058	57
320.1000000000058	5
320.1999999999971	20
320.1999999999971	41
320.1999999999971	33
320.1999999999971	33
320.1999999999971	53
320.1999999999971	22
320.1999999999971	57
320.1999999999971	64
320.1999999999971	64
320.1999999999971	4
324.3000000000029	10
324.6000000000058	63
324.6000000000058	36
324.8000000000029	58
324.8000000000029	1
324.8999999999942	61
324.8999999999942	12
324.8999999999942	64
324.8999999999942	27
324.8999999999942	61
324.8999999999942	4
324.8999999999942	20
324.8999999999942	19
325.0	3
325.1000000000058	36
325.1000000000058	51
325.1000000000058	27
325.1000000000058	25
325.1000000000058	1
325.1000000000058	1
325.1000000000058	45
325.1000000000058	10
325.1000000000058	16
325.1999999999971	22
325.1999999999971	22
325.1999999999971	40
325.1999999999971	51
325.1999999999971	57
325.1999999999971	5
325.1999999999971	13
325.1999999999971	13
325.1999999999971	58
325.1999999999971	56
325.1999999999971	19
325.1999999999971	5
325.3000000000029	53
325.3000000000029	53
325.3000000000029	59
325.3000000000029	59
325.3000000000029	29
325.3000000000029	33
325.3000000000029	33
325.3999999999942	64
325.3999999999942	56
325.3999999999942	4
325.3999999999942	41
325.3999999999942	41
325.8000000000029	60
325.6000000000058	51
325.8000000000029	4
329.1000000000058	35
329.1000000000058	35
329.3000000000029	10
329.3999999999942	43
329.3999999999942	35
329.3999999999942	35
329.6999999999971	27
329.8000000000029	1
329.8000000000029	58
329.8000000000029	41
329.8999999999942	61
329.8999999999942	25
329.8999999999942	12
329.8999999999942	64
329.8999999999942	18
330.0	12
330.0	1
330.1000000000058	19
330.1000000000058	53
330.1000000000058	61
330.1000000000058	20
330.1000000000058	13
330.1000000000058	25
330.1999999999971	45
330.1999999999971	36
330.1999999999971	27
330.1999999999971	28
330.1999999999971	10
330.1999999999971	13
330.1999999999971	1
330.1999999999971	19
330.1999999999971	22
330.1999999999971	3
330.1999999999971	22
330.1999999999971	60
330.1999999999971	57
330.1999999999971	40
330.1999999999971	51
330.1999999999971	59
330.1999999999971	59
330.3000000000029	58
330.3000000000029	58
330.3000000000029	51
330.3000000000029	16
330.3000000000029	4
330.3000000000029	5
330.3000000000029	56
330.3000000000029	40
330.3000000000029	29
330.3000000000029	29
330.3999999999942	33
330.3999999999942	33
330.3999999999942	41
330.3999999999942	18
330.3999999999942	18
330.3999999999942	56
330.6999999999971	4
330.6999999999971	51
330.8000000000029	4
333.3000000000029	35
333.3000000000029	35
333.1000000000058	58
333.3000000000029	25
333.8000000000029	35
333.8000000000029	35
334.3000000000029	10
335.1999999999971	35
334.6000000000058	41
336.3000000000029	20
336.3000000000029	64
336.3999999999942	54
336.3999999999942	54
336.3999999999942	56
336.3999999999942	56
336.3999999999942	56
336.3999999999942	3
335.6000000000058	10
335.6000000000058	61
335.6000000000058	61
335.6000000000058	13
335.6000000000058	13
335.6000000000058	12
335.6000000000058	27
335.6000000000058	27
335.6000000000058	40
335.6000000000058	40
335.6000000000058	25
335.6000000000058	25
335.6000000000058	57
335.6000000000058	33
335.6000000000058	4
335.6000000000058	4
335.6000000000058	22
335.6000000000058	22
335.6000000000058	1
335.6000000000058	1
335.6000000000058	35
335.6000000000058	51
335.6000000000058	51
335.6000000000058	21
335.6000000000058	58
335.6000000000058	58
335.6000000000058	58
335.6000000000058	19
335.6000000000058	19
335.6000000000058	53
335.6000000000058	5
335.6000000000058	5
335.6000000000058	41
335.6000000000058	45
335.6000000000058	36
335.6000000000058	59
335.6999999999971	59
335.6999999999971	29
335.6999999999971	29
335.6999999999971	18
335.6999999999971	4
335.6999999999971	16
337.3999999999942	35
338.3000000000029	35
337.6000000000058	4
337.6999999999971	35
338.3000000000029	58
338.8000000000029	25
339.0	35
339.6999999999971	41
339.6999999999971	19
339.6999999999971	5
339.8000000000029	45
339.8000000000029	27
339.8000000000029	1
339.8000000000029	61
339.8999999999942	21
339.8999999999942	59
339.8999999999942	35
340.0	60
340.0	35
340.0	35
340.0	53
340.1000000000058	3
340.1000000000058	57
340.1000000000058	10
340.1000000000058	13
340.1000000000058	19
340.1000000000058	57
340.1000000000058	40
340.1000000000058	22
340.1000000000058	1
340.1000000000058	56
340.1000000000058	54
340.1000000000058	12
340.1000000000058	20
340.1999999999971	54
340.1999999999971	10
340.1999999999971	5
340.1999999999971	25
340.3000000000029	3
340.3000000000029	45
340.3000000000029	22
340.3000000000029	22
340.3000000000029	58
340.3000000000029	58
340.3000000000029	59
340.3000000000029	5
340.3000000000029	13
340.3000000000029	29
340.3000000000029	29
340.3000000000029	56
340.3000000000029	35
340.3000000000029	43
340.3999999999942	19
340.3999999999942	64
340.3999999999942	40
340.3999999999942	41
340.3999999999942	33
340.3999999999942	33
340.3999999999942	61
340.3999999999942	16
340.3999999999942	36
340.3999999999942	4
340.3999999999942	4
340.3999999999942	18
340.8999999999942	51
341.0	19
341.1999999999971	27
340.6000000000058	56
342.6000000000058	4
342.6000000000058	35
343.0	35
344.3999999999942	35
345.1999999999971	60
345.3000000000029	41
344.6000000000058	13
344.6999999999971	45
344.8000000000029	5
344.8999999999942	63
344.8999999999942	10
344.8999999999942	27
344.8999999999942	57
344.8999999999942	56
344.8999999999942	21
344.8999999999942	19
344.8999999999942	18
344.8999999999942	59
344.8999999999942	51
345.0	16
345.0	3
345.0	18
345.0	13
345.0	57
345.1999999999971	5
345.1999999999971	13
345.1999999999971	1
345.1999999999971	10
345.1999999999971	29
345.1999999999971	54
345.1999999999971	63
345.1999999999971	5
345.1999999999971	25
345.1999999999971	53
345.1999999999971	60
345.1999999999971	35
345.1999999999971	20
345.1999999999971	29
345.1999999999971	12
345.1999999999971	58
345.3000000000029	58
345.3000000000029	3
345.3999999999942	27
345.3999999999942	33
345.3999999999942	33
345.3999999999942	18
345.3999999999942	41
345.3999999999942	22
345.3999999999942	58
345.6000000000058	64
345.6000000000058	64
345.6999999999971	16
345.6999999999971	16
345.6999999999971	61
346.3000000000029	35
346.3000000000029	51
346.3999999999942	56
346.3999999999942	56
346.3999999999942	45
346.3999999999942	43
346.3999999999942	19
346.3999999999942	59
345.6000000000058	35
345.6000000000058	40
345.6000000000058	36
345.6999999999971	4
345.6999999999971	4
347.3999999999942	4
347.3999999999942	35
348.3000000000029	43
348.3000000000029	35
349.6000000000058	41
349.6999999999971	29
349.6999999999971	19
349.6999999999971	60
349.8000000000029	57
349.8000000000029	13
349.8000000000029	35
349.8999999999942	18
349.8999999999942	29
349.8999999999942	56
349.8999999999942	58
349.8999999999942	10
349.8999999999942	54
349.8999999999942	45
349.8999999999942	13
350.6999999999971	13
350.6999999999971	12
350.6999999999971	12
350.6999999999971	12
350.6999999999971	43
350.6999999999971	59
350.8000000000029	61
350.8000000000029	5
350.8000000000029	5
350.8000000000029	54
350.8000000000029	25
350.8000000000029	29
350.8000000000029	29
350.8000000000029	56
350.8000000000029	56
350.8000000000029	35
350.8000000000029	60
350.8000000000029	53
350.8000000000029	4
350.8000000000029	4
350.8000000000029	58
350.8000000000029	58
350.8000000000029	58
350.8000000000029	63
350.8000000000029	63
350.8000000000029	33
350.8000000000029	33
350.8000000000029	33
350.8000000000029	45
350.8000000000029	18
350.8000000000029	18
350.8000000000029	18
350.8000000000029	57
350.8000000000029	19
350.8000000000029	35
350.8000000000029	1
350.8000000000029	10
350.8000000000029	36
350.8000000000029	3
350.8000000000029	3
350.8000000000029	51
350.8000000000029	51
350.8000000000029	20
350.8000000000029	16
350.8000000000029	16
350.8000000000029	16
350.8000000000029	21
350.8000000000029	35
350.8000000000029	40
351.8000000000029	41
351.8000000000029	41
351.8000000000029	64
351.8000000000029	64
351.8999999999942	27
351.8999999999942	22
352.1999999999971	35
353.8000000000029	35
354.6999999999971	19
354.6999999999971	57
354.6999999999971	4
354.6999999999971	29
354.8000000000029	54
354.8000000000029	58
354.8000000000029	56
354.8000000000029	41
354.8999999999942	16
354.8999999999942	13
354.8999999999942	54
354.8999999999942	33
354.8999999999942	18
354.8999999999942	12
354.8999999999942	64
354.8999999999942	10
355.0	56
355.0	3
355.1000000000058	29
355.1000000000058	20
355.1000000000058	13
355.1000000000058	60
355.1000000000058	10
355.1000000000058	12
355.1000000000058	60
355.1999999999971	10
355.1999999999971	41
355.1999999999971	18
355.1999999999971	18
355.1999999999971	56
355.1999999999971	18
355.1999999999971	43
355.1999999999971	3
355.1999999999971	25
355.3000000000029	1
355.3000000000029	33
355.3000000000029	13
355.3000000000029	5
355.3000000000029	29
355.3000000000029	61
355.3000000000029	58
355.3000000000029	36
355.3000000000029	45
355.3000000000029	51
355.3000000000029	51
355.3000000000029	12
355.3000000000029	54
355.3000000000029	21
355.3000000000029	21
355.3000000000029	21
355.3000000000029	27
355.3000000000029	59
355.3999999999942	35
355.3999999999942	58
355.3999999999942	64
355.3999999999942	19
355.3999999999942	45
355.3999999999942	41
355.3999999999942	35
355.3999999999942	4
355.3999999999942	22
355.3999999999942	53
355.6999999999971	16
355.6999999999971	40
355.6999999999971	63
355.6999999999971	57
356.1999999999971	63
356.1999999999971	35
355.6000000000058	35
357.0	35
358.8000000000029	10
358.8000000000029	13
359.3999999999942	35
360.0	57
360.0	4
359.8000000000029	56
359.8000000000029	19
359.8000000000029	29
359.8000000000029	18
359.8999999999942	54
359.8999999999942	12
359.8999999999942	19
359.8999999999942	33
359.8999999999942	20
360.0	64
360.0	25
360.0	54
360.1000000000058	63
360.1000000000058	29
360.1000000000058	20
360.1000000000058	10
360.1000000000058	56
360.1999999999971	60
360.1999999999971	35
360.1999999999971	25
360.1999999999971	20
360.1999999999971	12
360.1999999999971	1
360.1999999999971	1
360.1999999999971	56
360.3000000000029	25
360.3000000000029	5
360.3000000000029	29
360.3000000000029	61
360.3999999999942	36
360.3999999999942	59
360.3999999999942	45
360.3999999999942	19
360.3999999999942	43
360.3999999999942	3
360.3999999999942	3
360.3999999999942	12
360.3999999999942	54
360.3999999999942	27
360.3999999999942	51
360.3999999999942	51
360.3999999999942	60
360.3999999999942	21
360.3999999999942	13
360.3999999999942	33
360.3999999999942	21
360.3999999999942	18
360.3999999999942	18
360.3999999999942	18
360.3999999999942	41
360.3999999999942	41
361.1000000000058	53
361.3000000000029	57
361.3999999999942	64
360.6000000000058	58
360.6000000000058	35
360.6000000000058	16
360.6000000000058	63
360.6000000000058	63
360.6000000000058	4
360.6000000000058	35
360.6000000000058	35
360.6999999999971	22
361.6000000000058	35
364.0	10
364.6999999999971	57
364.6000000000058	19
364.6999999999971	20
364.6999999999971	51
364.8000000000029	16
364.8999999999942	56
364.8999999999942	12
364.8999999999942	35
364.8999999999942	54
365.0	18
365.0	29
365.0	19
365.0	21
365.1000000000058	63
365.1000000000058	10
365.1000000000058	60
365.1000000000058	29
365.1000000000058	61
365.1000000000058	25
365.1000000000058	25
365.1999999999971	20
365.1999999999971	20
365.1999999999971	1
365.3000000000029	12
365.3000000000029	35
365.3000000000029	43
365.3000000000029	3
365.3000000000029	56
365.3000000000029	3
365.3000000000029	27
365.3000000000029	5
365.3000000000029	60
365.3000000000029	54
365.3000000000029	54
365.3000000000029	12
365.3000000000029	28
365.3000000000029	13
365.3000000000029	45
365.3000000000029	29
365.3999999999942	36
365.3999999999942	19
365.3999999999942	25
365.3999999999942	16
365.3999999999942	22
365.3999999999942	35
366.3000000000029	51
365.6000000000058	18
365.6000000000058	18
365.6000000000058	21
365.6000000000058	41
365.6000000000058	59
365.6999999999971	4
365.6999999999971	35
365.8999999999942	61
365.6000000000058	57
365.6000000000058	35
365.6000000000058	64
365.6000000000058	64
365.6000000000058	58
365.6000000000058	33
365.6000000000058	33
365.6999999999971	63
365.6999999999971	63
366.1999999999971	35
368.3999999999942	59
369.1999999999971	10
370.0	20
370.1000000000058	54
370.1000000000058	54
370.1000000000058	57
370.1000000000058	3
370.1000000000058	28
370.1000000000058	63
370.1000000000058	21
370.1999999999971	19
370.1999999999971	29
370.1999999999971	56
370.1999999999971	10
370.1999999999971	16
370.1999999999971	16
370.1999999999971	60
370.1999999999971	61
370.1999999999971	28
370.1999999999971	54
370.1999999999971	51
370.1999999999971	20
370.3000000000029	25
370.3000000000029	25
370.3000000000029	56
370.3000000000029	64
370.3000000000029	20
370.3000000000029	61
370.3000000000029	64
370.3000000000029	64
370.3000000000029	12
370.3000000000029	13
370.3000000000029	28
370.3000000000029	25
370.3000000000029	27
370.3000000000029	54
370.3000000000029	21
370.3000000000029	33
370.3000000000029	33
370.3000000000029	41
370.3000000000029	41
370.3000000000029	41
370.3999999999942	18
370.3999999999942	19
370.3999999999942	1
370.3999999999942	35
370.3999999999942	45
370.3999999999942	43
370.3999999999942	4
370.3999999999942	22
370.3999999999942	5
370.3999999999942	35
370.3999999999942	60
370.3999999999942	51
370.3999999999942	36
370.6000000000058	57
370.6000000000058	29
370.6999999999971	35
370.6999999999971	35
370.8000000000029	3
370.8999999999942	58
371.1000000000058	59
371.3000000000029	16
371.3000000000029	35
370.6000000000058	63
370.6000000000058	63
370.8000000000029	35
374.3999999999942	20
375.3000000000029	10
374.6000000000058	28
374.6999999999971	19
374.6999999999971	57
374.8000000000029	12
374.8000000000029	51
374.8000000000029	16
374.8999999999942	18
375.0	63
375.0	22
375.0	41
375.0	3
375.1000000000058	29
375.1000000000058	25
375.1999999999971	16
375.1999999999971	25
375.3000000000029	60
375.3000000000029	60
375.3000000000029	25
375.3000000000029	61
375.3000000000029	56
375.3000000000029	28
375.3000000000029	28
375.3000000000029	5
375.3000000000029	20
375.3000000000029	20
375.3000000000029	35
375.3000000000029	12
375.3999999999942	10
375.3999999999942	13
375.3999999999942	35
375.3999999999942	57
375.3999999999942	35
375.3999999999942	54
375.3999999999942	1
375.8999999999942	35
376.0	4
376.1000000000058	51
376.1000000000058	58
376.1000000000058	36
376.1000000000058	45
376.1000000000058	59
376.1999999999971	16
376.1999999999971	22
376.3000000000029	21
376.3000000000029	21
376.3999999999942	33
376.3999999999942	33
376.3999999999942	41
376.3999999999942	41
376.3999999999942	35
376.3999999999942	60
375.6000000000058	64
375.6000000000058	18
375.6000000000058	64
375.6000000000058	64
375.6000000000058	29
375.6999999999971	43
375.6999999999971	43
375.6999999999971	19
375.6999999999971	63
375.6999999999971	63
375.8000000000029	35
375.8000000000029	3
375.8000000000029	27
378.3999999999942	16
379.3000000000029	20
379.3999999999942	28
379.6000000000058	41
379.8000000000029	51
379.8999999999942	57
379.8999999999942	41
379.8999999999942	12
379.8999999999942	29
379.8999999999942	25
380.0	13
380.0	63
380.0	16
380.1000000000058	54
380.1000000000058	25
380.1000000000058	63
380.1000000000058	33
380.1000000000058	22
380.1000000000058	3
380.1000000000058	16
380.1000000000058	60
380.1999999999971	45
380.1999999999971	35
380.3000000000029	60
380.3000000000029	58
380.3000000000029	28
380.3000000000029	35
380.3999999999942	28
380.3999999999942	20
380.3999999999942	20
380.3999999999942	61
380.3999999999942	5
380.3999999999942	41
380.3999999999942	21
380.3999999999942	25
380.3999999999942	59
380.3999999999942	63
380.3999999999942	35
380.3999999999942	57
380.3999999999942	1
380.3999999999942	12
380.3999999999942	60
380.3999999999942	54
380.3999999999942	35
380.3999999999942	45
380.3999999999942	16
380.6000000000058	64
380.6000000000058	64
381.1999999999971	10
381.1999999999971	35
381.3000000000029	56
381.3000000000029	41
381.3999999999942	51
381.3999999999942	64
381.3999999999942	19
381.3999999999942	33
381.3999999999942	3
380.6000000000058	36
380.6000000000058	63
380.6000000000058	27
380.6000000000058	35
380.6000000000058	43
380.6999999999971	13
380.6999999999971	4
380.6999999999971	4
380.6999999999971	29
380.6999999999971	21
380.8000000000029	22
383.3000000000029	22
384.8000000000029	20
384.8000000000029	28
384.8000000000029	19
384.8000000000029	25
384.8000000000029	29
384.8000000000029	41
384.8999999999942	41
384.8999999999942	25
384.8999999999942	25
384.8999999999942	25
385.0	12
385.0	33
385.0	13
385.0	21
385.0	16
385.0	1
385.0	3
385.0	63
385.0	64
385.0	22
385.0	54
385.1000000000058	60
385.1000000000058	12
385.6999999999971	20
385.6999999999971	20
385.6999999999971	57
385.6999999999971	1
385.6999999999971	21
385.6999999999971	21
385.6999999999971	41
385.6999999999971	33
385.6999999999971	54
385.6999999999971	35
385.6999999999971	13
385.6999999999971	25
385.6999999999971	63
385.6999999999971	63
385.6999999999971	63
385.6999999999971	35
385.6999999999971	28
385.6999999999971	28
385.6999999999971	10
385.6999999999971	56
385.6999999999971	22
385.6999999999971	4
385.6999999999971	4
385.6999999999971	43
385.6999999999971	19
385.6999999999971	3
385.6999999999971	51
385.6999999999971	45
385.6999999999971	45
385.6999999999971	58
385.6999999999971	27
385.6999999999971	36
385.6999999999971	5
385.6999999999971	29
385.6999999999971	61
385.6999999999971	35
385.6999999999971	12
385.8000000000029	35
385.8000000000029	64
385.8000000000029	64
385.8000000000029	35
386.3999999999942	35
386.3999999999942	60
386.8000000000029	16
389.6999999999971	28
389.6999999999971	20
389.8000000000029	16
389.8000000000029	25
389.8999999999942	19
389.8999999999942	25
389.8999999999942	60
390.0	25
390.0	28
390.0	21
390.0	4
390.0	63
390.1000000000058	1
390.1000000000058	22
390.1000000000058	13
390.1000000000058	64
390.1000000000058	25
390.1000000000058	13
390.1000000000058	3
390.1000000000058	20
390.1999999999971	60
390.1999999999971	28
390.3000000000029	63
390.3000000000029	63
390.3000000000029	35
390.3000000000029	54
390.3999999999942	45
390.3999999999942	35
390.3999999999942	41
390.3999999999942	21
390.3999999999942	28
390.3999999999942	12
390.8000000000029	10
390.8999999999942	1
391.0	35
391.0	36
391.0	45
391.1000000000058	58
391.1000000000058	57
391.1000000000058	33
390.6000000000058	3
390.6000000000058	25
390.6000000000058	43
390.6000000000058	41
390.6000000000058	51
390.6000000000058	29
390.6999999999971	5
390.6999999999971	20
390.6999999999971	22
390.6999999999971	4
390.6999999999971	64
390.6999999999971	21
390.6999999999971	19
390.6999999999971	56
390.6999999999971	35
390.6999999999971	35
390.6999999999971	27
390.6999999999971	35
390.6999999999971	13
390.8000000000029	61
390.8000000000029	16
394.8000000000029	16
394.8000000000029	61
394.8000000000029	60
394.8000000000029	25
394.8999999999942	28
394.8999999999942	19
394.8999999999942	22
395.0	20
395.0	25
395.0	28
395.0	3
395.1000000000058	54
395.1000000000058	25
395.1000000000058	63
395.1000000000058	63
395.1000000000058	25
395.1000000000058	1
395.1000000000058	22
395.1000000000058	20
395.1999999999971	13
395.3000000000029	60
395.3000000000029	28
395.3000000000029	54
395.3999999999942	29
395.3999999999942	12
395.3999999999942	10
395.3999999999942	63
395.3999999999942	28
396.3000000000029	56
396.3000000000029	61
395.6000000000058	35
395.6000000000058	22
395.6000000000058	57
395.6000000000058	36
395.6000000000058	27
395.6000000000058	35
395.6000000000058	1
395.6000000000058	45
395.6000000000058	64
395.6000000000058	33
395.6000000000058	21
395.6000000000058	20
395.6000000000058	13
395.6000000000058	35
395.6000000000058	58
395.6000000000058	35
395.6000000000058	16
395.6000000000058	43
395.6000000000058	35
395.6000000000058	3
395.6000000000058	35
395.6000000000058	41
395.6000000000058	41
395.6000000000058	4
395.6999999999971	51
395.6999999999971	25
395.6999999999971	19
395.8000000000029	5
399.8000000000029	16
399.8999999999942	22
399.8999999999942	60
399.8999999999942	20
399.8999999999942	28
399.8999999999942	54
399.8999999999942	63
400.0	61
400.0	13
400.1000000000058	22
400.1000000000058	41
400.1000000000058	21
400.1999999999971	28
400.3000000000029	28
400.3999999999942	10
400.3999999999942	10
400.3999999999942	29
401.1999999999971	61
401.1999999999971	54
400.6000000000058	20
400.6000000000058	56
400.6999999999971	22
400.8000000000029	12
401.1999999999971	60
401.3000000000029	57
401.3000000000029	35
401.3999999999942	28
400.6000000000058	13
400.6000000000058	1
400.6000000000058	4
400.6000000000058	45
400.6000000000058	51
400.6000000000058	35
400.6000000000058	63
400.6000000000058	5
400.6000000000058	36
400.6000000000058	64
400.6000000000058	21
400.6000000000058	33
400.6000000000058	25
400.6000000000058	58
400.6999999999971	43
400.6999999999971	3
400.6999999999971	35
400.6999999999971	16
400.6999999999971	35
400.6999999999971	41
401.0	19
401.0	35
401.0	35
404.8000000000029	28
404.8999999999942	22
405.0	54
405.0	41
405.1000000000058	63
405.1000000000058	13
405.1000000000058	28
405.1000000000058	21
405.1000000000058	20
405.6000000000058	12
405.6000000000058	61
405.6999999999971	29
405.8999999999942	28
406.0	10
406.0	10
406.1999999999971	20
406.3000000000029	35
406.3000000000029	25
406.3999999999942	56
405.6000000000058	54
405.6999999999971	1
405.6999999999971	13
405.6999999999971	21
405.6999999999971	63
405.6999999999971	33
405.6999999999971	64
405.6999999999971	57
405.6999999999971	35
405.6999999999971	35
405.6999999999971	4
405.6999999999971	35
405.6999999999971	22
405.6999999999971	35
405.6999999999971	43
405.8000000000029	41
405.8000000000029	19
405.8000000000029	45
405.8000000000029	58
405.8000000000029	36
405.8000000000029	51
405.8999999999942	60
405.8999999999942	16
405.8999999999942	35
406.0	28
409.1999999999971	41
409.8999999999942	63
410.0	13
410.1000000000058	20
410.3000000000029	21
410.8999999999942	12
410.6999999999971	61
411.1000000000058	35
410.6999999999971	56
410.6999999999971	54
410.6999999999971	10
410.6999999999971	29
410.6999999999971	20
410.6999999999971	57
410.6999999999971	25
410.6999999999971	35
410.6999999999971	35
410.6999999999971	13
410.6999999999971	60
410.6999999999971	4
410.6999999999971	45
410.6999999999971	51
410.6999999999971	63
410.8000000000029	36
410.8000000000029	35
410.8000000000029	28
410.8000000000029	1
410.8000000000029	35
410.8000000000029	64
410.8000000000029	35
410.8000000000029	21
410.8000000000029	33
410.8000000000029	16
410.8000000000029	58
410.8999999999942	41
410.8999999999942	19
411.0	43
414.3999999999942	41
414.8999999999942	63
415.0	13
415.1000000000058	54
415.1000000000058	43
415.1999999999971	61
415.1999999999971	20
415.6000000000058	61
415.6000000000058	35
415.6000000000058	12
415.6000000000058	35
415.6000000000058	25
415.6999999999971	57
415.6999999999971	1
415.6999999999971	21
415.6999999999971	63
415.6999999999971	13
415.6999999999971	20
415.6999999999971	35
415.6999999999971	56
415.6999999999971	54
415.6999999999971	64
415.6999999999971	33
415.8000000000029	10
415.8000000000029	28
415.8000000000029	41
415.8000000000029	60
415.8000000000029	35
415.8000000000029	29
415.8999999999942	4
415.8999999999942	35
415.8999999999942	35
415.8999999999942	43
415.8999999999942	43
415.8999999999942	16
416.0	19
416.1999999999971	58
416.1999999999971	45
416.1999999999971	51
416.1999999999971	36
419.6999999999971	16
419.8000000000029	25
420.0	13
420.1000000000058	61
420.1999999999971	54
420.1999999999971	12
420.8000000000029	43
420.6999999999971	35
420.6999999999971	63
420.6999999999971	1
420.6999999999971	57
420.6999999999971	35
420.8000000000029	56
420.8000000000029	35
420.8000000000029	54
420.8000000000029	13
420.8000000000029	20
420.8000000000029	35
420.8000000000029	10
420.8000000000029	61
420.8000000000029	25
420.8999999999942	28
420.8999999999942	29
420.8999999999942	60
420.8999999999942	41
420.8999999999942	21
420.8999999999942	33
420.8999999999942	35
420.8999999999942	43
420.8999999999942	64
421.0	35
421.1000000000058	16
421.1000000000058	4
421.1000000000058	12
421.1000000000058	36
421.1000000000058	19
421.1999999999971	51
421.1999999999971	45
421.1999999999971	58
425.0	61
425.0	28
425.1000000000058	41
425.1000000000058	13
425.1999999999971	54
425.1999999999971	43
425.3999999999942	19
425.6000000000058	1
425.8000000000029	35
425.8000000000029	28
425.8000000000029	54
425.8000000000029	35
425.8000000000029	63
425.8000000000029	35
425.8000000000029	60
425.8000000000029	13
425.8000000000029	10
425.8999999999942	12
425.8999999999942	35
425.8999999999942	57
425.8999999999942	35
425.8999999999942	20
425.8999999999942	56
425.8999999999942	29
425.8999999999942	25
426.0	16
426.0	61
426.0	19
426.0	43
426.0	4
426.1000000000058	35
426.1000000000058	21
426.1000000000058	64
426.1000000000058	33
426.1999999999971	58
426.1999999999971	41
426.1999999999971	45
426.1999999999971	36
429.8999999999942	61
429.8999999999942	43
430.1000000000058	54
430.1999999999971	19
430.6999999999971	35
430.6999999999971	1
430.6999999999971	63
430.8999999999942	12
430.8999999999942	25
430.8999999999942	54
430.8999999999942	13
430.8999999999942	35
430.8999999999942	60
430.8999999999942	43
430.8999999999942	10
430.8999999999942	20
430.8999999999942	29
430.8999999999942	61
430.8999999999942	35
430.8999999999942	28
431.0	64
431.0	21
431.0	35
431.0	35
431.0	56
431.0	57
431.0	4
431.0	19
431.0	41
431.0	16
431.1000000000058	35
431.1000000000058	36
434.3999999999942	43
434.6000000000058	43
434.6000000000058	43
434.8000000000029	61
434.8999999999942	19
435.0	13
435.6999999999971	35
435.8999999999942	1
435.8999999999942	61
436.0	63
436.0	29
436.0	25
436.0	43
436.0	12
436.0	10
436.0	60
436.0	13
436.0	54
436.0	35
436.0	36
436.0	21
436.1000000000058	20
436.1000000000058	35
436.1000000000058	57
436.1000000000058	56
436.1000000000058	28
436.1000000000058	35
436.1000000000058	19
436.1000000000058	35
436.1999999999971	35
436.1999999999971	4
436.1999999999971	41
439.3999999999942	43
440.3000000000029	43
439.8000000000029	43
440.8000000000029	35
440.8000000000029	61
441.1000000000058	57
441.1000000000058	10
441.1000000000058	25
441.1000000000058	43
441.1000000000058	29
441.1000000000058	21
441.1000000000058	12
441.1000000000058	13
441.1000000000058	63
441.1000000000058	35
441.1999999999971	56
441.1999999999971	60
441.1999999999971	35
441.1999999999971	28
441.1999999999971	35
441.3000000000029	41
441.3000000000029	35
441.3000000000029	35
441.3000000000029	4
441.3000000000029	36
441.3000000000029	20
441.3000000000029	54
444.3000000000029	43
445.3999999999942	43
445.8999999999942	35
446.0	61
446.1000000000058	21
446.1000000000058	57
446.1000000000058	56
446.1000000000058	43
446.1000000000058	35
446.1000000000058	10
446.1999999999971	13
446.1999999999971	28
446.1999999999971	25
446.3000000000029	12
446.3000000000029	29
446.8999999999942	35
446.8999999999942	35
446.8999999999942	4
446.8999999999942	54
446.8999999999942	20
446.8999999999942	36
446.8999999999942	60
446.8999999999942	63
446.8999999999942	35
446.8999999999942	35
446.8999999999942	41
449.1999999999971	43
449.8000000000029	43
450.1999999999971	12
450.3000000000029	10
450.6999999999971	43
451.1000000000058	35
451.1999999999971	43
451.1999999999971	35
451.3999999999942	25
451.3999999999942	61
451.3999999999942	57
451.3999999999942	10
451.3999999999942	35
451.3999999999942	12
451.3999999999942	54
451.3999999999942	13
451.3999999999942	35
451.8999999999942	35
452.1000000000058	4
452.1000000000058	60
451.6000000000058	63
451.6000000000058	20
451.6000000000058	21
451.6000000000058	36
451.6000000000058	41
451.8000000000029	35
454.1000000000058	43
455.1999999999971	10
455.1999999999971	12
456.3999999999942	35
456.3999999999942	35
456.3999999999942	20
456.3999999999942	13
456.3999999999942	35
456.6000000000058	35
457.3999999999942	54
456.6000000000058	57
456.6000000000058	12
456.6000000000058	25
456.6000000000058	60
456.6000000000058	43
456.6000000000058	10
456.6000000000058	21
456.6000000000058	35
456.6000000000058	61
456.6999999999971	35
456.6999999999971	4
456.6999999999971	63
456.8000000000029	36
458.6000000000058	43
459.3000000000029	43
460.0	20
460.3000000000029	43
461.6000000000058	35
462.3999999999942	20
461.6000000000058	35
461.6000000000058	35
461.6000000000058	13
461.6999999999971	12
461.6999999999971	60
461.6999999999971	63
461.6999999999971	10
461.6999999999971	54
461.6999999999971	35
461.6999999999971	25
461.6999999999971	4
461.6999999999971	57
461.6999999999971	35
461.8000000000029	21
461.8000000000029	35
462.0	61
462.0	36
462.0	43
464.0	43
464.8999999999942	20
465.0	43
466.6000000000058	35
466.8999999999942	54
466.8999999999942	63
466.8999999999942	13
466.8999999999942	35
466.8999999999942	43
466.8999999999942	36
467.0	20
467.0	25
467.0	35
467.0	57
467.0	10
467.0	61
467.0	35
467.1000000000058	60
467.1000000000058	4
467.1000000000058	35
467.1000000000058	35
469.1999999999971	43
469.8000000000029	43
469.8000000000029	20
471.8999999999942	35
471.8999999999942	63
472.0	20
472.0	54
472.0	60
472.1999999999971	61
472.1999999999971	35
472.1999999999971	10
472.1999999999971	35
472.1999999999971	35
472.1999999999971	4
472.1999999999971	35
472.1999999999971	35
472.1999999999971	25
472.1999999999971	13
472.1999999999971	43
472.1999999999971	36
474.8000000000029	20
477.1000000000058	61
477.1000000000058	35
477.1000000000058	63
477.1999999999971	60
477.1999999999971	43
477.1999999999971	35
477.1999999999971	25
477.1999999999971	35
477.1999999999971	13
477.1999999999971	54
477.6999999999971	10
477.6999999999971	36
477.8999999999942	35
477.8999999999942	20
477.8999999999942	4
478.0	35
478.0	35
482.1999999999971	61
482.3000000000029	63
482.3000000000029	35
482.3000000000029	35
482.3000000000029	10
482.3999999999942	54
482.8000000000029	35
482.8999999999942	4
483.0	20
482.6000000000058	35
482.6000000000058	36
483.1999999999971	35
487.3999999999942	61
488.1000000000058	10
487.6000000000058	35
487.6000000000058	36
