0.0	14
0.0	14
1.2000000000043656	10
1.2000000000043656	10
1.5	3
1.5	3
1.6000000000058208	12
1.6000000000058208	12
3.2000000000043656	6
3.2000000000043656	6
5.30000000000291	14
5.900000000001455	15
5.900000000001455	15
5.900000000001455	11
5.900000000001455	11
6.200000000004366	4
6.200000000004366	4
6.5	12
6.600000000005821	3
6.600000000005821	10
7.100000000005821	7
7.100000000005821	7
7.600000000005821	6
8.30000000000291	2
8.30000000000291	2
8.400000000001455	15
8.400000000001455	15
10.900000000001455	14
11.30000000000291	3
11.30000000000291	11
11.400000000001455	12
11.400000000001455	15
11.400000000001455	4
11.700000000004366	10
11.900000000001455	1
11.900000000001455	1
12.200000000004366	7
12.200000000004366	6
12.60000000000582	8
12.60000000000582	8
13.10000000000582	2
13.30000000000291	9
13.30000000000291	9
13.60000000000582	15
15.200000000004366	15
15.200000000004366	15
16.10000000000582	14
16.30000000000291	15
16.30000000000291	15
16.700000000004366	3
16.700000000004366	12
16.700000000004366	11
16.700000000004366	15
17.0	4
16.900000000001455	10
16.900000000001455	1
17.0	6
17.10000000000582	7
17.5	8
17.900000000001455	2
17.900000000001455	9
18.30000000000291	15
19.0	15
19.0	15
20.400000000001455	15
21.5	15
21.60000000000582	14
22.60000000000582	5
22.60000000000582	5
21.900000000001455	1
21.900000000001455	10
21.900000000001455	15
22.0	4
22.0	3
22.0	6
22.10000000000582	12
22.10000000000582	7
22.10000000000582	11
22.400000000001455	8
22.60000000000582	15
22.60000000000582	15
22.60000000000582	9
22.700000000004366	2
23.0	15
24.10000000000582	15
26.10000000000582	15
27.0	15
27.10000000000582	6
27.200000000004366	1
27.200000000004366	10
27.200000000004366	5
27.200000000004366	9
27.30000000000291	14
27.30000000000291	15
27.30000000000291	7
27.30000000000291	4
27.30000000000291	8
27.400000000001455	11
27.400000000001455	12
27.5	3
27.5	15
27.60000000000582	2
28.0	15
28.0	15
28.10000000000582	15
28.900000000001455	15
29.700000000004366	15
29.700000000004366	15
29.900000000001455	13
29.900000000001455	13
31.10000000000582	15
31.200000000004366	15
31.200000000004366	15
31.400000000001455	15
31.400000000001455	15
32.0	9
32.30000000000291	6
32.400000000001455	15
32.400000000001455	5
32.5	8
32.5	15
32.5	10
32.5	14
32.5	7
32.5	2
32.5	15
32.60000000000582	1
32.60000000000582	12
32.700000000004366	3
32.700000000004366	4
32.700000000004366	15
32.700000000004366	15
32.700000000004366	11
34.400000000001455	15
34.900000000001455	15
35.0	15
35.0	15
35.200000000004366	13
35.30000000000291	15
35.30000000000291	15
36.200000000004366	15
36.30000000000291	15
36.900000000001455	15
37.0	9
37.10000000000582	15
37.10000000000582	15
37.10000000000582	15
37.400000000001455	4
37.400000000001455	6
37.5	5
37.5	1
37.5	3
37.60000000000582	8
37.60000000000582	12
37.60000000000582	7
37.60000000000582	15
37.60000000000582	10
37.700000000004366	15
38.5	2
37.900000000001455	14
37.900000000001455	15
37.900000000001455	11
38.0	15
38.30000000000291	15
38.700000000004366	15
38.700000000004366	15
39.400000000001455	15
39.400000000001455	15
39.400000000001455	15
39.400000000001455	15
39.60000000000582	15
39.60000000000582	15
39.900000000001455	15
40.10000000000582	15
40.30000000000291	15
40.5	13
41.400000000001455	15
41.400000000001455	15
41.5	15
41.5	15
42.60000000000582	9
42.0	15
42.0	15
42.10000000000582	15
42.10000000000582	15
42.400000000001455	5
42.400000000001455	12
42.5	4
42.5	3
42.5	6
42.700000000004366	15
42.700000000004366	8
42.700000000004366	1
42.700000000004366	7
42.700000000004366	11
42.700000000004366	15
42.700000000004366	10
42.700000000004366	14
42.900000000001455	2
42.900000000001455	15
43.10000000000582	15
43.200000000004366	15
43.30000000000291	15
43.5	15
44.30000000000291	15
44.30000000000291	15
44.700000000004366	15
45.60000000000582	15
45.0	15
45.0	15
45.200000000004366	15
45.200000000004366	15
45.200000000004366	15
45.400000000001455	15
45.60000000000582	13
46.30000000000291	15
46.30000000000291	15
46.400000000001455	15
46.60000000000582	15
46.60000000000582	15
47.0	9
47.10000000000582	15
47.200000000004366	15
47.400000000001455	15
47.5	4
47.5	6
47.5	12
47.5	3
47.60000000000582	5
47.60000000000582	1
47.60000000000582	2
47.700000000004366	15
47.700000000004366	8
47.700000000004366	11
47.700000000004366	14
47.700000000004366	15
47.700000000004366	10
48.400000000001455	7
48.0	15
48.0	15
48.700000000004366	15
48.700000000004366	15
49.0	15
49.0	15
49.0	15
49.10000000000582	15
49.10000000000582	15
49.5	15
50.400000000001455	15
50.400000000001455	15
50.400000000001455	15
50.400000000001455	15
50.400000000001455	15
50.400000000001455	15
50.5	15
51.0	13
51.400000000001455	15
51.5	15
52.200000000004366	15
51.900000000001455	15
52.10000000000582	9
52.200000000004366	15
52.400000000001455	12
52.60000000000582	15
52.700000000004366	1
52.700000000004366	15
53.10000000000582	8
53.10000000000582	5
53.30000000000291	3
53.30000000000291	2
53.400000000001455	10
53.400000000001455	14
53.400000000001455	15
53.700000000004366	15
52.900000000001455	6
52.900000000001455	7
52.900000000001455	11
53.0	4
53.0	15
53.200000000004366	15
53.200000000004366	15
53.400000000001455	15
53.5	15
53.60000000000582	15
53.60000000000582	15
54.30000000000291	15
53.900000000001455	15
53.900000000001455	15
54.400000000001455	15
54.400000000001455	15
54.400000000001455	15
55.0	15
55.200000000004366	15
55.400000000001455	15
55.60000000000582	15
55.700000000004366	15
56.5	13
56.60000000000582	15
56.60000000000582	15
56.700000000004366	15
57.0	15
57.30000000000291	15
57.30000000000291	9
57.400000000001455	15
57.5	12
57.700000000004366	6
57.700000000004366	1
57.700000000004366	4
57.900000000001455	10
57.900000000001455	15
57.900000000001455	11
57.900000000001455	2
57.900000000001455	5
57.900000000001455	15
57.900000000001455	3
57.900000000001455	15
57.900000000001455	15
57.900000000001455	8
58.0	7
58.0	15
58.10000000000582	15
58.10000000000582	15
58.10000000000582	15
58.200000000004366	14
58.400000000001455	15
58.5	15
58.60000000000582	15
58.700000000004366	15
58.700000000004366	15
59.10000000000582	15
58.900000000001455	15
59.0	15
59.200000000004366	15
59.900000000001455	15
60.30000000000291	15
60.400000000001455	15
61.0	15
61.0	13
61.0	15
61.200000000004366	15
61.700000000004366	15
61.700000000004366	15
62.60000000000582	15
61.900000000001455	15
62.200000000004366	15
62.400000000001455	15
62.60000000000582	15
62.700000000004366	9
62.700000000004366	12
63.30000000000291	15
63.5	10
63.5	3
63.5	14
63.60000000000582	1
63.0	15
63.0	11
63.0	4
63.0	15
63.0	2
63.0	6
63.0	7
63.0	5
63.0	15
63.10000000000582	8
63.10000000000582	15
63.200000000004366	15
63.30000000000291	15
63.400000000001455	15
63.400000000001455	15
63.5	15
64.10000000000582	15
64.10000000000582	15
64.10000000000582	15
64.10000000000582	15
64.90000000000146	15
64.90000000000146	15
65.0	15
65.40000000000146	15
65.5	15
65.70000000000437	15
65.70000000000437	15
66.0	15
66.20000000000437	13
66.20000000000437	15
67.20000000000437	15
67.20000000000437	15
67.20000000000437	15
67.40000000000146	15
67.5	15
68.60000000000582	15
68.10000000000582	15
68.10000000000582	15
67.90000000000146	15
67.90000000000146	10
67.90000000000146	15
67.90000000000146	15
67.90000000000146	12
67.90000000000146	9
67.90000000000146	3
67.90000000000146	6
68.0	14
68.0	15
68.10000000000582	5
68.10000000000582	15
68.10000000000582	2
68.10000000000582	11
68.10000000000582	4
68.10000000000582	1
68.10000000000582	7
68.10000000000582	8
68.20000000000437	15
68.20000000000437	15
68.20000000000437	15
68.20000000000437	15
68.20000000000437	15
68.30000000000291	15
68.30000000000291	15
68.30000000000291	15
68.5	15
68.60000000000582	15
69.0	15
69.30000000000291	15
69.30000000000291	15
69.30000000000291	15
69.70000000000437	15
70.10000000000582	15
70.10000000000582	15
70.40000000000146	15
71.10000000000582	15
71.0	15
71.5	15
71.5	15
71.60000000000582	13
72.10000000000582	15
72.10000000000582	15
72.40000000000146	15
72.40000000000146	15
72.60000000000582	15
72.70000000000437	15
73.20000000000437	15
73.30000000000291	15
73.5	15
72.90000000000146	15
72.90000000000146	15
73.0	7
73.0	15
73.10000000000582	15
73.10000000000582	12
73.10000000000582	15
73.20000000000437	15
73.20000000000437	11
73.20000000000437	2
73.20000000000437	8
73.20000000000437	15
73.20000000000437	5
73.20000000000437	9
73.20000000000437	14
73.20000000000437	10
73.30000000000291	3
73.30000000000291	15
73.40000000000146	15
73.40000000000146	1
73.40000000000146	6
73.40000000000146	15
73.40000000000146	4
73.40000000000146	15
73.40000000000146	15
73.5	15
73.5	15
73.60000000000582	15
73.60000000000582	15
73.70000000000437	15
74.30000000000291	15
74.40000000000146	15
75.10000000000582	15
75.30000000000291	15
75.90000000000146	15
76.5	15
77.70000000000437	13
77.0	15
77.0	15
77.5	15
77.5	15
77.60000000000582	15
77.60000000000582	15
77.70000000000437	15
77.70000000000437	15
77.70000000000437	15
78.60000000000582	15
78.60000000000582	15
77.90000000000146	15
78.0	15
78.0	15
78.10000000000582	6
78.10000000000582	2
78.20000000000437	7
78.20000000000437	3
78.20000000000437	5
78.20000000000437	12
78.20000000000437	10
78.20000000000437	4
78.20000000000437	11
78.20000000000437	8
78.20000000000437	15
78.20000000000437	15
78.20000000000437	9
78.20000000000437	14
78.30000000000291	15
78.30000000000291	1
78.40000000000146	15
78.40000000000146	15
78.40000000000146	15
78.5	15
78.5	15
78.60000000000582	15
78.60000000000582	15
78.70000000000437	15
78.70000000000437	15
78.70000000000437	15
79.10000000000582	15
79.10000000000582	15
80.0	15
80.10000000000582	15
81.30000000000291	15
81.30000000000291	15
81.40000000000146	15
81.90000000000146	15
82.5	15
82.5	13
82.5	15
82.60000000000582	15
83.20000000000437	15
83.60000000000582	15
83.60000000000582	15
83.60000000000582	15
83.60000000000582	15
83.60000000000582	15
83.20000000000437	15
83.20000000000437	15
83.30000000000291	7
83.30000000000291	15
83.30000000000291	11
83.30000000000291	12
83.30000000000291	15
83.30000000000291	5
83.30000000000291	3
83.30000000000291	10
83.30000000000291	4
83.30000000000291	15
83.30000000000291	8
83.30000000000291	1
83.30000000000291	15
83.30000000000291	15
83.30000000000291	14
83.30000000000291	9
83.30000000000291	15
83.40000000000146	15
83.40000000000146	15
83.40000000000146	15
83.40000000000146	6
83.40000000000146	15
83.40000000000146	15
83.60000000000582	15
83.70000000000437	15
83.70000000000437	15
83.70000000000437	2
83.90000000000146	15
84.30000000000291	15
84.30000000000291	15
84.30000000000291	15
84.5	15
83.90000000000146	15
85.20000000000437	15
84.90000000000146	15
86.30000000000291	15
87.30000000000291	15
87.40000000000146	15
87.70000000000437	15
87.70000000000437	15
87.90000000000146	15
87.90000000000146	13
87.90000000000146	15
88.0	15
88.0	15
88.0	15
88.10000000000582	15
88.10000000000582	15
88.10000000000582	15
88.10000000000582	15
88.20000000000437	1
88.20000000000437	5
88.30000000000291	4
88.30000000000291	12
88.30000000000291	15
88.30000000000291	15
88.30000000000291	15
88.30000000000291	14
88.30000000000291	7
88.30000000000291	9
88.30000000000291	10
88.30000000000291	15
88.30000000000291	3
88.30000000000291	15
88.40000000000146	15
88.40000000000146	15
88.40000000000146	15
88.5	15
88.5	15
88.5	15
88.5	15
88.5	6
88.5	15
88.60000000000582	15
88.60000000000582	11
88.60000000000582	15
88.60000000000582	15
88.70000000000437	15
88.70000000000437	8
88.70000000000437	2
89.0	15
89.10000000000582	15
89.5	15
89.70000000000437	15
90.10000000000582	15
90.10000000000582	15
91.70000000000437	15
92.30000000000291	15
92.70000000000437	15
93.40000000000146	15
93.40000000000146	15
93.5	15
92.90000000000146	15
93.10000000000582	15
93.10000000000582	15
93.10000000000582	15
93.10000000000582	15
93.20000000000437	15
93.30000000000291	13
93.30000000000291	15
93.30000000000291	1
93.30000000000291	15
93.30000000000291	15
93.30000000000291	12
93.30000000000291	15
93.30000000000291	14
93.30000000000291	15
93.30000000000291	15
93.30000000000291	3
93.30000000000291	7
93.40000000000146	15
93.40000000000146	15
93.40000000000146	15
93.40000000000146	15
93.40000000000146	8
93.40000000000146	9
93.40000000000146	5
93.5	11
93.5	15
93.5	15
93.5	15
93.5	10
93.5	15
93.5	6
93.5	15
93.5	15
93.5	2
93.5	15
93.60000000000582	4
93.60000000000582	15
93.60000000000582	15
93.60000000000582	15
93.70000000000437	15
93.70000000000437	15
93.70000000000437	15
93.70000000000437	15
94.10000000000582	15
94.20000000000437	15
94.40000000000146	15
94.40000000000146	15
94.5	15
94.60000000000582	15
94.60000000000582	15
95.60000000000582	15
95.60000000000582	15
95.60000000000582	15
96.20000000000437	15
96.20000000000437	15
96.40000000000146	15
96.40000000000146	15
97.20000000000437	15
98.0	15
98.0	15
98.5	9
98.5	8
98.5	15
98.5	15
98.5	15
98.5	7
98.5	15
98.5	1
98.5	15
98.5	15
98.5	15
98.5	5
98.5	15
98.5	15
98.5	15
98.5	15
98.60000000000582	12
98.60000000000582	15
98.60000000000582	4
98.60000000000582	15
98.60000000000582	15
98.60000000000582	15
98.60000000000582	3
98.70000000000437	10
98.70000000000437	6
98.70000000000437	15
98.70000000000437	15
98.70000000000437	15
98.70000000000437	15
98.70000000000437	15
98.70000000000437	15
98.70000000000437	13
98.70000000000437	2
98.70000000000437	15
98.70000000000437	15
98.70000000000437	15
98.70000000000437	15
98.70000000000437	15
98.70000000000437	15
98.90000000000146	11
99.0	15
99.0	15
99.0	14
99.30000000000291	15
99.30000000000291	15
98.90000000000146	15
98.90000000000146	15
99.0	15
99.0	15
99.20000000000437	15
99.20000000000437	15
99.5	15
100.20000000000437	15
100.20000000000437	15
100.30000000000291	15
100.40000000000146	15
101.0	15
101.0	15
101.5	15
101.90000000000146	15
102.70000000000437	15
103.10000000000582	15
103.10000000000582	15
103.20000000000437	15
103.20000000000437	15
103.20000000000437	15
103.30000000000291	15
103.40000000000146	15
103.40000000000146	15
103.40000000000146	14
103.40000000000146	15
103.40000000000146	15
103.40000000000146	8
103.40000000000146	15
103.40000000000146	15
103.5	15
103.5	15
103.5	12
103.5	1
103.5	15
103.5	13
103.60000000000582	7
103.60000000000582	11
103.60000000000582	9
103.60000000000582	15
103.60000000000582	15
103.70000000000437	5
103.70000000000437	15
103.70000000000437	15
103.70000000000437	15
103.70000000000437	15
103.70000000000437	10
103.70000000000437	15
103.70000000000437	3
103.70000000000437	15
103.70000000000437	15
104.20000000000437	2
103.90000000000146	15
103.90000000000146	15
104.0	6
104.40000000000146	15
104.60000000000582	4
104.70000000000437	15
103.90000000000146	15
103.90000000000146	15
103.90000000000146	15
103.90000000000146	15
104.0	15
104.0	15
104.0	15
104.10000000000582	15
104.20000000000437	15
104.20000000000437	15
104.30000000000291	15
104.90000000000146	15
105.20000000000437	15
105.30000000000291	15
105.70000000000437	15
106.5	15
107.10000000000582	15
107.10000000000582	15
107.10000000000582	15
108.30000000000291	15
108.30000000000291	15
108.40000000000146	15
108.5	15
108.60000000000582	15
108.60000000000582	15
108.60000000000582	15
108.60000000000582	15
108.60000000000582	15
108.70000000000437	1
108.70000000000437	8
108.70000000000437	15
108.70000000000437	15
108.70000000000437	12
108.70000000000437	15
108.70000000000437	5
108.70000000000437	13
108.70000000000437	9
108.70000000000437	15
108.70000000000437	14
108.70000000000437	15
108.70000000000437	11
109.0	15
109.10000000000582	15
109.20000000000437	4
109.30000000000291	15
109.30000000000291	6
108.90000000000146	15
108.90000000000146	15
108.90000000000146	15
108.90000000000146	15
108.90000000000146	15
108.90000000000146	15
108.90000000000146	3
108.90000000000146	15
108.90000000000146	15
108.90000000000146	10
109.0	15
109.0	15
109.0	15
109.0	2
109.0	15
109.0	15
109.0	7
109.0	15
109.0	15
109.10000000000582	15
109.10000000000582	15
109.10000000000582	15
109.10000000000582	15
109.10000000000582	15
109.10000000000582	15
109.20000000000437	15
109.40000000000146	15
109.60000000000582	15
110.5	15
110.5	15
110.60000000000582	15
111.70000000000437	15
113.10000000000582	15
113.30000000000291	15
113.0	15
113.20000000000437	15
113.20000000000437	15
113.90000000000146	15
113.90000000000146	12
113.90000000000146	15
113.90000000000146	15
113.90000000000146	15
113.90000000000146	15
113.90000000000146	15
113.90000000000146	15
113.90000000000146	15
113.90000000000146	15
113.90000000000146	15
113.90000000000146	11
113.90000000000146	15
113.90000000000146	14
113.90000000000146	15
113.90000000000146	5
113.90000000000146	1
113.90000000000146	7
113.90000000000146	15
113.90000000000146	15
113.90000000000146	15
113.90000000000146	15
113.90000000000146	9
113.90000000000146	15
113.90000000000146	15
114.0	8
114.0	13
114.0	10
114.0	15
114.0	15
114.0	15
114.0	15
114.10000000000582	15
114.10000000000582	3
114.10000000000582	15
114.10000000000582	15
114.10000000000582	15
114.10000000000582	15
114.10000000000582	15
114.20000000000437	15
114.20000000000437	2
114.20000000000437	15
114.20000000000437	15
114.20000000000437	15
114.20000000000437	15
114.20000000000437	15
114.30000000000291	15
114.30000000000291	15
114.30000000000291	15
114.30000000000291	15
114.30000000000291	15
114.30000000000291	6
114.40000000000146	15
114.5	4
114.5	15
114.5	15
115.10000000000582	15
115.0	15
115.20000000000437	15
115.40000000000146	15
115.40000000000146	15
117.0	15
117.60000000000582	15
117.70000000000437	15
117.90000000000146	15
118.5	15
118.5	15
118.70000000000437	15
118.90000000000146	15
118.90000000000146	15
118.90000000000146	15
118.90000000000146	15
118.90000000000146	15
118.90000000000146	15
118.90000000000146	12
118.90000000000146	15
118.90000000000146	15
118.90000000000146	15
118.90000000000146	4
118.90000000000146	15
119.0	15
119.0	13
119.0	6
119.10000000000582	1
119.10000000000582	15
119.10000000000582	5
119.10000000000582	15
119.10000000000582	15
119.10000000000582	15
119.10000000000582	15
119.10000000000582	11
119.10000000000582	15
119.10000000000582	15
119.10000000000582	15
119.10000000000582	15
119.10000000000582	15
119.10000000000582	14
119.10000000000582	10
119.10000000000582	15
119.10000000000582	7
119.10000000000582	3
119.10000000000582	2
119.10000000000582	15
119.10000000000582	15
119.10000000000582	15
119.20000000000437	15
119.20000000000437	15
119.20000000000437	15
119.20000000000437	8
119.20000000000437	15
119.20000000000437	15
119.30000000000291	15
119.30000000000291	9
119.30000000000291	15
119.30000000000291	15
119.30000000000291	15
119.40000000000146	15
119.40000000000146	15
119.40000000000146	15
119.40000000000146	15
119.40000000000146	15
119.70000000000437	15
120.70000000000437	15
120.0	15
120.10000000000582	15
122.40000000000146	15
123.0	15
123.10000000000582	15
123.30000000000291	15
124.40000000000146	15
123.90000000000146	15
123.90000000000146	15
123.90000000000146	15
123.90000000000146	15
123.90000000000146	15
124.0	15
124.0	15
124.10000000000582	15
124.10000000000582	15
124.10000000000582	15
124.10000000000582	15
124.10000000000582	15
124.10000000000582	7
124.20000000000437	10
124.20000000000437	8
124.20000000000437	15
124.20000000000437	15
124.20000000000437	15
124.20000000000437	15
124.20000000000437	6
124.20000000000437	15
124.20000000000437	13
124.20000000000437	1
124.30000000000291	12
124.30000000000291	15
124.30000000000291	15
124.30000000000291	15
124.30000000000291	11
124.30000000000291	4
124.30000000000291	15
124.40000000000146	15
124.40000000000146	15
124.40000000000146	15
124.40000000000146	15
124.40000000000146	15
124.40000000000146	15
124.40000000000146	15
124.40000000000146	14
124.40000000000146	15
124.40000000000146	15
124.40000000000146	15
124.40000000000146	15
124.40000000000146	15
124.40000000000146	5
124.40000000000146	15
124.5	9
124.5	15
124.5	15
124.5	15
124.5	15
124.5	15
124.5	15
124.60000000000582	3
124.60000000000582	15
124.60000000000582	15
124.70000000000437	15
124.70000000000437	15
125.10000000000582	2
124.90000000000146	15
128.40000000000146	15
128.40000000000146	15
129.0	15
129.10000000000582	15
129.60000000000582	15
129.0	15
129.0	15
129.0	15
129.10000000000582	15
129.10000000000582	15
129.10000000000582	15
129.20000000000437	15
129.20000000000437	15
129.20000000000437	15
129.20000000000437	8
129.20000000000437	6
129.20000000000437	15
129.20000000000437	1
129.3000000000029	2
129.3000000000029	15
129.3000000000029	15
129.3000000000029	15
129.3000000000029	15
129.3000000000029	15
129.3000000000029	15
129.3000000000029	7
129.3000000000029	15
129.3000000000029	10
129.3000000000029	15
129.3000000000029	15
129.3000000000029	11
129.40000000000146	13
129.40000000000146	15
129.40000000000146	15
129.40000000000146	15
129.40000000000146	15
129.40000000000146	15
129.40000000000146	3
129.40000000000146	15
129.40000000000146	15
129.40000000000146	15
129.40000000000146	15
129.5	15
129.5	15
129.5	14
129.5	15
129.5	15
129.5	15
129.5	4
129.5	15
129.5	15
129.5	15
129.5	15
129.5	12
129.5	15
129.5	5
129.60000000000582	15
129.60000000000582	15
129.60000000000582	15
129.70000000000437	15
129.70000000000437	9
129.70000000000437	15
129.70000000000437	15
129.90000000000146	15
133.3000000000029	15
133.60000000000582	15
134.0	15
134.0	15
134.10000000000582	15
134.20000000000437	15
134.3000000000029	15
134.3000000000029	15
134.3000000000029	15
134.3000000000029	7
134.3000000000029	15
134.3000000000029	15
134.3000000000029	15
134.3000000000029	1
134.3000000000029	15
134.3000000000029	15
134.3000000000029	15
134.3000000000029	15
134.3000000000029	11
134.3000000000029	15
134.40000000000146	15
134.40000000000146	3
134.40000000000146	8
134.40000000000146	2
134.40000000000146	15
134.40000000000146	15
134.5	15
134.5	6
134.5	10
134.5	15
134.5	15
134.5	15
134.5	4
134.5	15
134.5	15
134.5	15
134.5	15
134.5	15
134.5	15
134.5	15
134.5	15
134.5	15
134.60000000000582	15
134.60000000000582	15
134.60000000000582	15
134.60000000000582	9
134.60000000000582	15
134.60000000000582	15
134.60000000000582	15
134.60000000000582	15
134.60000000000582	15
134.70000000000437	13
134.70000000000437	15
134.70000000000437	15
134.70000000000437	5
134.70000000000437	15
134.70000000000437	15
134.70000000000437	15
134.70000000000437	12
135.0	14
135.0	15
135.10000000000582	15
135.60000000000582	15
134.90000000000146	15
139.0	15
139.10000000000582	15
139.20000000000437	15
139.3000000000029	15
139.3000000000029	15
139.3000000000029	15
139.3000000000029	15
139.3000000000029	15
139.3000000000029	15
139.3000000000029	15
139.3000000000029	15
139.40000000000146	15
139.40000000000146	15
139.40000000000146	2
139.40000000000146	8
139.40000000000146	15
139.40000000000146	15
139.40000000000146	15
139.40000000000146	13
139.5	15
139.5	15
139.5	15
139.5	15
139.5	15
139.5	1
139.5	15
139.5	9
139.5	11
139.5	15
139.5	15
139.5	15
139.5	3
139.5	15
139.5	15
139.60000000000582	5
139.60000000000582	12
139.60000000000582	4
139.60000000000582	7
139.60000000000582	15
139.60000000000582	15
139.60000000000582	15
139.60000000000582	15
139.60000000000582	15
139.60000000000582	15
139.60000000000582	15
139.60000000000582	15
139.60000000000582	10
139.60000000000582	15
139.60000000000582	15
139.60000000000582	15
139.70000000000437	15
139.70000000000437	15
139.70000000000437	6
139.70000000000437	15
139.70000000000437	15
139.70000000000437	15
139.70000000000437	15
139.70000000000437	15
139.70000000000437	14
140.3000000000029	15
140.40000000000146	15
140.40000000000146	15
140.40000000000146	15
140.5	15
144.10000000000582	15
144.3000000000029	9
144.3000000000029	15
144.3000000000029	15
144.40000000000146	15
144.40000000000146	15
144.40000000000146	15
144.40000000000146	15
144.40000000000146	13
144.5	15
144.5	15
144.5	15
144.5	15
144.5	15
144.5	15
144.5	15
144.5	15
144.5	15
144.60000000000582	15
144.60000000000582	15
144.60000000000582	15
144.60000000000582	15
144.60000000000582	12
144.60000000000582	14
144.60000000000582	15
144.60000000000582	15
144.60000000000582	15
144.60000000000582	5
144.60000000000582	15
144.60000000000582	8
144.60000000000582	1
144.60000000000582	15
144.60000000000582	3
144.60000000000582	15
144.60000000000582	2
144.60000000000582	4
144.60000000000582	15
144.70000000000437	15
144.70000000000437	15
144.70000000000437	15
144.70000000000437	15
144.70000000000437	11
144.70000000000437	15
144.70000000000437	15
144.70000000000437	15
144.70000000000437	15
145.0	15
145.10000000000582	7
145.3000000000029	15
145.70000000000437	15
144.90000000000146	15
145.0	15
145.20000000000437	15
145.20000000000437	15
144.90000000000146	15
144.90000000000146	15
144.90000000000146	6
144.90000000000146	10
144.90000000000146	15
144.90000000000146	15
144.90000000000146	15
145.0	15
145.0	15
145.0	15
149.20000000000437	15
149.40000000000146	15
149.40000000000146	15
149.40000000000146	9
149.5	15
149.5	15
149.5	15
149.5	15
149.60000000000582	15
149.60000000000582	13
149.60000000000582	15
149.60000000000582	15
149.60000000000582	15
149.60000000000582	3
149.60000000000582	15
149.60000000000582	15
149.60000000000582	15
149.60000000000582	15
149.60000000000582	15
149.60000000000582	15
149.70000000000437	15
149.70000000000437	2
149.70000000000437	6
149.70000000000437	4
149.70000000000437	12
149.70000000000437	15
149.90000000000146	7
149.90000000000146	15
150.0	1
150.0	11
150.0	15
150.10000000000582	15
150.20000000000437	8
150.20000000000437	15
150.3000000000029	15
150.3000000000029	15
150.3000000000029	10
150.3000000000029	15
150.3000000000029	15
150.3000000000029	14
150.40000000000146	15
150.40000000000146	15
150.5	15
150.5	15
150.5	15
150.5	15
150.60000000000582	15
150.60000000000582	15
150.70000000000437	15
149.90000000000146	15
149.90000000000146	15
149.90000000000146	15
149.90000000000146	15
149.90000000000146	15
149.90000000000146	15
149.90000000000146	15
149.90000000000146	15
149.90000000000146	15
149.90000000000146	5
149.90000000000146	15
150.0	15
150.0	15
150.0	15
150.10000000000582	15
154.60000000000582	15
154.60000000000582	15
154.60000000000582	15
154.60000000000582	15
154.60000000000582	15
154.70000000000437	15
154.70000000000437	15
154.70000000000437	9
154.70000000000437	15
154.70000000000437	15
154.70000000000437	15
154.70000000000437	15
154.70000000000437	15
154.70000000000437	15
154.70000000000437	15
154.70000000000437	15
154.70000000000437	15
154.70000000000437	15
154.70000000000437	15
154.70000000000437	2
154.90000000000146	15
154.90000000000146	15
154.90000000000146	13
154.90000000000146	15
154.90000000000146	4
154.90000000000146	15
154.90000000000146	15
154.90000000000146	15
154.90000000000146	15
154.90000000000146	10
154.90000000000146	15
154.90000000000146	14
154.90000000000146	6
154.90000000000146	15
154.90000000000146	15
154.90000000000146	15
154.90000000000146	15
154.90000000000146	15
154.90000000000146	15
154.90000000000146	15
154.90000000000146	1
154.90000000000146	15
154.90000000000146	15
154.90000000000146	11
154.90000000000146	15
154.90000000000146	3
155.0	15
155.0	7
155.0	15
155.0	8
155.0	15
155.0	15
155.0	15
155.0	5
155.0	15
155.0	15
155.0	15
155.0	15
155.10000000000582	15
155.10000000000582	15
155.10000000000582	15
155.20000000000437	12
155.20000000000437	15
155.20000000000437	15
159.70000000000437	15
160.0	15
160.0	15
160.10000000000582	15
159.90000000000146	15
160.0	15
160.20000000000437	15
160.70000000000437	2
159.90000000000146	15
159.90000000000146	15
159.90000000000146	15
159.90000000000146	15
159.90000000000146	15
160.0	15
160.0	15
160.0	15
160.0	15
160.0	14
160.0	15
160.0	7
160.0	6
160.0	15
160.0	15
160.0	15
160.0	15
160.0	15
160.0	15
160.10000000000582	15
160.10000000000582	15
160.10000000000582	15
160.10000000000582	15
160.10000000000582	5
160.10000000000582	12
160.20000000000437	4
160.20000000000437	15
160.20000000000437	9
160.20000000000437	15
160.20000000000437	15
160.20000000000437	15
160.20000000000437	15
160.20000000000437	15
160.20000000000437	15
160.20000000000437	8
160.20000000000437	10
160.20000000000437	3
160.20000000000437	15
160.20000000000437	15
160.3000000000029	13
160.3000000000029	15
160.3000000000029	15
160.3000000000029	15
160.3000000000029	15
160.3000000000029	15
160.3000000000029	15
160.3000000000029	11
160.3000000000029	15
160.3000000000029	15
160.3000000000029	15
160.3000000000029	15
160.40000000000146	15
160.40000000000146	15
160.5	15
160.5	1
160.60000000000582	15
164.70000000000437	15
164.90000000000146	15
164.90000000000146	15
164.90000000000146	15
164.90000000000146	15
164.90000000000146	15
165.0	15
165.0	15
165.0	15
165.0	15
165.10000000000582	15
165.10000000000582	15
165.10000000000582	7
165.10000000000582	15
165.10000000000582	15
165.10000000000582	15
165.10000000000582	13
165.10000000000582	15
165.10000000000582	12
165.10000000000582	15
165.20000000000437	15
165.20000000000437	15
165.20000000000437	15
165.20000000000437	15
165.20000000000437	15
165.20000000000437	15
165.20000000000437	15
165.20000000000437	15
165.3000000000029	15
165.3000000000029	11
165.3000000000029	9
165.3000000000029	15
165.3000000000029	15
165.3000000000029	15
165.3000000000029	15
165.3000000000029	15
165.3000000000029	15
165.3000000000029	15
165.3000000000029	15
165.3000000000029	15
165.3000000000029	15
165.3000000000029	15
165.3000000000029	15
165.3000000000029	5
165.3000000000029	15
165.3000000000029	15
165.3000000000029	1
165.3000000000029	15
165.3000000000029	15
165.3000000000029	15
165.40000000000146	14
165.40000000000146	15
165.40000000000146	8
165.40000000000146	15
165.5	15
165.5	15
165.5	15
165.5	2
165.5	15
165.5	10
165.60000000000582	3
165.60000000000582	6
165.70000000000437	4
166.60000000000582	15
169.90000000000146	15
170.0	15
170.10000000000582	15
170.10000000000582	15
170.10000000000582	15
170.10000000000582	7
170.20000000000437	15
170.20000000000437	8
170.20000000000437	15
170.20000000000437	15
170.20000000000437	15
170.20000000000437	13
170.20000000000437	15
170.20000000000437	15
170.20000000000437	15
170.20000000000437	15
170.20000000000437	11
170.20000000000437	15
170.20000000000437	15
170.3000000000029	15
170.3000000000029	15
170.3000000000029	15
170.3000000000029	15
170.3000000000029	15
170.3000000000029	4
170.3000000000029	15
170.3000000000029	15
170.3000000000029	15
170.3000000000029	15
170.3000000000029	15
170.3000000000029	15
170.3000000000029	15
170.3000000000029	15
170.3000000000029	15
170.3000000000029	15
170.3000000000029	10
170.3000000000029	15
170.3000000000029	15
170.3000000000029	5
170.40000000000146	15
170.40000000000146	1
170.40000000000146	15
170.40000000000146	6
170.40000000000146	12
170.40000000000146	15
170.40000000000146	15
170.40000000000146	14
170.40000000000146	15
170.40000000000146	15
170.40000000000146	2
170.40000000000146	3
170.40000000000146	15
170.40000000000146	9
170.40000000000146	15
170.40000000000146	15
170.40000000000146	15
170.40000000000146	15
170.40000000000146	15
170.40000000000146	15
170.40000000000146	15
170.40000000000146	15
170.40000000000146	15
170.5	15
170.5	15
175.0	15
175.10000000000582	15
175.3000000000029	15
175.3000000000029	15
175.3000000000029	15
175.3000000000029	15
175.3000000000029	15
175.3000000000029	15
175.3000000000029	13
175.3000000000029	15
175.3000000000029	15
175.3000000000029	15
175.40000000000146	7
175.40000000000146	8
175.40000000000146	15
175.40000000000146	15
175.40000000000146	15
175.40000000000146	15
175.40000000000146	15
175.40000000000146	15
175.40000000000146	10
175.40000000000146	15
175.40000000000146	15
175.40000000000146	15
175.5	15
175.5	15
175.5	15
175.5	15
175.5	15
175.5	1
175.5	15
175.5	15
175.5	15
175.5	15
175.5	15
175.5	9
175.5	15
175.5	15
175.5	15
175.60000000000582	15
175.60000000000582	15
175.60000000000582	2
175.60000000000582	15
175.60000000000582	12
175.60000000000582	15
175.60000000000582	15
175.60000000000582	15
175.60000000000582	5
175.60000000000582	15
175.60000000000582	15
175.60000000000582	15
175.70000000000437	6
175.70000000000437	15
175.70000000000437	15
175.70000000000437	15
175.70000000000437	15
175.70000000000437	15
175.70000000000437	14
175.70000000000437	11
176.0	4
176.0	15
176.3000000000029	3
176.70000000000437	15
175.90000000000146	15
180.40000000000146	15
180.5	15
180.5	15
180.5	15
180.5	15
180.5	7
180.5	1
180.5	15
180.5	15
180.5	15
180.5	15
180.60000000000582	15
180.60000000000582	15
180.60000000000582	15
180.60000000000582	15
180.60000000000582	15
180.60000000000582	8
180.60000000000582	15
180.60000000000582	15
180.60000000000582	15
180.60000000000582	15
180.60000000000582	15
180.60000000000582	15
180.60000000000582	15
180.60000000000582	14
180.60000000000582	9
180.60000000000582	15
180.60000000000582	4
180.60000000000582	15
180.60000000000582	15
180.60000000000582	15
180.60000000000582	15
180.70000000000437	15
180.70000000000437	13
180.70000000000437	15
180.70000000000437	15
180.70000000000437	15
180.70000000000437	15
180.70000000000437	15
180.70000000000437	15
180.70000000000437	15
180.70000000000437	15
180.70000000000437	15
180.70000000000437	15
180.70000000000437	15
180.70000000000437	15
180.70000000000437	2
180.70000000000437	15
180.70000000000437	15
180.70000000000437	15
180.70000000000437	5
180.90000000000146	15
181.20000000000437	11
181.3000000000029	15
180.90000000000146	15
181.60000000000582	15
181.60000000000582	15
180.90000000000146	15
180.90000000000146	12
180.90000000000146	15
181.0	3
181.0	10
181.0	15
181.0	6
187.10000000000582	15
187.10000000000582	3
187.10000000000582	15
187.10000000000582	15
187.10000000000582	15
187.10000000000582	15
187.10000000000582	15
187.20000000000437	15
187.20000000000437	15
187.20000000000437	15
187.20000000000437	15
187.20000000000437	15
187.20000000000437	15
187.20000000000437	15
187.20000000000437	15
187.20000000000437	15
187.20000000000437	15
187.20000000000437	15
187.20000000000437	12
187.20000000000437	15
187.20000000000437	15
187.20000000000437	15
187.20000000000437	6
187.20000000000437	15
187.20000000000437	5
187.20000000000437	14
187.20000000000437	15
187.3000000000029	10
187.3000000000029	15
187.3000000000029	15
187.3000000000029	15
187.3000000000029	15
187.3000000000029	15
187.3000000000029	15
187.3000000000029	15
187.3000000000029	15
187.3000000000029	15
187.3000000000029	2
187.3000000000029	11
187.3000000000029	4
187.3000000000029	15
187.3000000000029	15
187.3000000000029	13
187.3000000000029	8
187.3000000000029	15
187.3000000000029	15
187.3000000000029	15
187.3000000000029	15
187.3000000000029	7
187.60000000000582	15
187.70000000000437	1
187.70000000000437	15
187.70000000000437	15
187.70000000000437	15
187.70000000000437	15
187.70000000000437	15
187.70000000000437	15
188.40000000000146	15
188.40000000000146	9
188.40000000000146	15
188.40000000000146	15
188.40000000000146	15
188.5	15
188.5	15
191.0	15
191.0	15
191.0	15
191.40000000000146	15
191.40000000000146	15
190.90000000000146	15
190.90000000000146	15
190.90000000000146	15
190.90000000000146	15
190.90000000000146	15
190.90000000000146	15
190.90000000000146	15
190.90000000000146	15
190.90000000000146	15
190.90000000000146	1
191.0	15
191.0	6
191.0	15
191.0	15
191.0	15
191.0	5
191.0	15
191.0	15
191.0	13
191.0	8
191.0	15
191.0	9
191.0	15
191.0	15
191.0	15
191.0	7
191.0	15
191.0	15
191.0	15
191.0	15
191.10000000000582	15
191.10000000000582	15
191.20000000000437	15
191.20000000000437	15
191.20000000000437	15
191.20000000000437	15
191.20000000000437	15
191.20000000000437	14
191.20000000000437	10
191.20000000000437	15
191.20000000000437	15
191.3000000000029	15
191.3000000000029	15
191.3000000000029	15
191.3000000000029	11
191.3000000000029	15
191.3000000000029	3
191.3000000000029	4
191.3000000000029	15
191.3000000000029	15
191.3000000000029	15
191.3000000000029	15
191.3000000000029	15
191.40000000000146	2
191.40000000000146	15
191.40000000000146	12
191.5	15
191.5	15
191.60000000000582	15
196.0	15
196.0	14
196.10000000000582	15
196.10000000000582	15
196.10000000000582	15
196.10000000000582	11
196.10000000000582	15
196.10000000000582	15
196.20000000000437	15
196.20000000000437	15
196.20000000000437	15
196.20000000000437	6
196.3000000000029	15
196.3000000000029	15
196.3000000000029	1
196.40000000000146	15
196.40000000000146	15
196.5	15
201.3000000000029	15
201.3000000000029	15
201.3000000000029	15
201.3000000000029	15
201.3000000000029	15
201.3000000000029	1
201.5	14
201.70000000000437	15
201.70000000000437	15
206.5	15
206.5	15
206.60000000000582	2
206.60000000000582	15
206.60000000000582	15
211.60000000000582	15
211.70000000000437	15
211.70000000000437	2
212.10000000000582	15
212.70000000000437	15
217.5	2
217.20000000000437	15
217.20000000000437	15
217.40000000000146	15
222.0	1
222.10000000000582	2
222.10000000000582	15
222.10000000000582	15
222.60000000000582	15
227.3000000000029	15
227.3000000000029	15
227.3000000000029	1
228.60000000000582	15
233.10000000000582	1
233.10000000000582	15
233.20000000000437	15
236.0	10
236.0	15
236.0	15
236.10000000000582	2
236.10000000000582	15
236.20000000000437	15
236.20000000000437	5
236.20000000000437	7
236.20000000000437	15
236.3000000000029	3
236.3000000000029	15
236.3000000000029	15
237.40000000000146	15
237.40000000000146	1
237.5	15
237.60000000000582	15
237.70000000000437	14
241.20000000000437	15
241.20000000000437	11
241.20000000000437	15
241.3000000000029	2
241.3000000000029	15
241.3000000000029	15
241.3000000000029	15
241.3000000000029	15
241.3000000000029	15
241.3000000000029	15
241.3000000000029	5
241.3000000000029	7
241.40000000000146	15
241.40000000000146	15
241.40000000000146	15
241.40000000000146	15
242.3000000000029	15
242.40000000000146	15
242.5	1
242.5	15
242.70000000000437	15
242.90000000000146	14
246.3000000000029	15
246.40000000000146	11
246.40000000000146	15
246.40000000000146	15
246.40000000000146	15
246.5	5
246.5	15
246.5	15
246.5	15
246.5	15
246.5	15
246.5	15
246.60000000000582	15
246.60000000000582	7
247.10000000000582	1
247.10000000000582	15
247.20000000000437	15
247.3000000000029	15
247.3000000000029	15
247.5	15
247.5	1
247.70000000000437	15
247.70000000000437	15
248.0	15
248.0	15
248.0	15
251.40000000000146	15
251.60000000000582	15
251.60000000000582	15
251.60000000000582	15
251.60000000000582	7
251.60000000000582	15
251.60000000000582	15
251.60000000000582	15
251.60000000000582	11
251.60000000000582	15
251.60000000000582	15
252.10000000000582	15
252.20000000000437	5
252.20000000000437	15
252.3000000000029	15
252.3000000000029	15
252.5	15
252.70000000000437	15
252.5	15
252.5	15
252.5	15
252.60000000000582	15
252.60000000000582	15
252.60000000000582	15
252.60000000000582	15
252.60000000000582	15
252.60000000000582	15
252.60000000000582	15
252.70000000000437	15
252.90000000000146	15
252.90000000000146	15
256.6000000000058	15
256.6000000000058	15
256.70000000000437	7
256.70000000000437	15
256.70000000000437	15
256.70000000000437	15
257.20000000000437	15
256.90000000000146	15
256.90000000000146	15
256.90000000000146	15
256.90000000000146	15
256.90000000000146	15
256.90000000000146	15
256.90000000000146	11
256.90000000000146	15
257.0	14
257.0	15
257.0	15
257.0	15
257.0	15
257.1000000000058	15
257.1000000000058	15
257.1000000000058	15
257.20000000000437	15
257.20000000000437	14
257.20000000000437	15
257.3000000000029	15
257.3000000000029	15
257.3000000000029	15
257.3000000000029	15
257.40000000000146	10
257.5	15
257.5	15
257.6000000000058	15
257.70000000000437	15
257.70000000000437	15
257.70000000000437	2
257.70000000000437	15
257.70000000000437	15
262.20000000000437	15
262.5	7
261.90000000000146	15
261.90000000000146	15
262.0	15
262.0	15
262.0	15
262.0	15
262.1000000000058	15
262.1000000000058	15
262.1000000000058	15
262.1000000000058	14
262.1000000000058	15
262.1000000000058	15
262.3000000000029	15
262.70000000000437	15
267.20000000000437	15
267.20000000000437	15
267.20000000000437	15
267.20000000000437	15
267.5	15
267.5	15
267.5	15
267.5	15
267.5	15
267.5	15
267.5	15
267.5	15
267.6000000000058	15
267.6000000000058	10
267.6000000000058	14
267.6000000000058	15
267.6000000000058	15
267.70000000000437	15
272.6000000000058	15
272.20000000000437	15
272.3000000000029	15
272.3000000000029	15
272.3000000000029	15
272.3000000000029	15
272.40000000000146	15
272.40000000000146	15
272.40000000000146	15
272.5	15
272.5	3
272.6000000000058	15
272.6000000000058	15
273.20000000000437	15
276.0	15
276.0	15
276.0	15
276.1000000000058	15
276.1000000000058	15
276.1000000000058	15
277.40000000000146	15
277.40000000000146	15
277.5	15
277.70000000000437	15
278.40000000000146	15
281.20000000000437	15
281.3000000000029	15
281.3000000000029	15
281.3000000000029	15
281.40000000000146	15
282.6000000000058	4
282.6000000000058	15
282.70000000000437	15
282.70000000000437	15
286.40000000000146	15
286.70000000000437	15
286.70000000000437	15
287.3000000000029	15
287.5	4
287.6000000000058	14
287.6000000000058	15
287.90000000000146	15
292.6000000000058	15
291.90000000000146	15
292.20000000000437	15
292.20000000000437	4
292.3000000000029	15
292.40000000000146	14
293.40000000000146	15
297.3000000000029	5
297.70000000000437	15
296.90000000000146	12
296.90000000000146	10
297.0	4
297.0	15
297.0	15
297.20000000000437	15
298.5	15
298.70000000000437	15
302.0	5
302.0	15
302.0	15
302.0	12
302.1000000000058	15
302.20000000000437	15
302.20000000000437	15
302.20000000000437	15
302.20000000000437	15
302.20000000000437	10
302.20000000000437	15
302.40000000000146	15
302.40000000000146	15
302.40000000000146	15
302.6000000000058	15
302.70000000000437	15
307.5	15
306.90000000000146	15
307.0	7
307.0	14
307.0	15
307.20000000000437	15
307.20000000000437	15
307.20000000000437	15
307.20000000000437	15
307.3000000000029	15
307.3000000000029	15
307.3000000000029	15
307.3000000000029	15
307.3000000000029	15
307.3000000000029	5
307.40000000000146	15
307.6000000000058	15
311.90000000000146	15
311.90000000000146	7
312.0	15
312.0	15
312.40000000000146	5
312.40000000000146	15
312.40000000000146	15
312.40000000000146	15
312.40000000000146	15
312.40000000000146	14
312.40000000000146	15
312.40000000000146	15
316.0	12
316.1000000000058	15
316.1000000000058	15
316.70000000000437	15
317.1000000000058	7
317.1000000000058	15
317.1000000000058	15
317.1000000000058	15
317.20000000000437	14
317.40000000000146	15
317.40000000000146	15
317.40000000000146	15
317.5	15
317.5	15
317.70000000000437	15
321.20000000000437	15
321.20000000000437	12
321.20000000000437	4
321.3000000000029	15
321.3000000000029	15
321.3000000000029	15
322.0	15
322.1000000000058	11
322.20000000000437	15
322.3000000000029	14
322.3000000000029	15
322.3000000000029	15
322.40000000000146	15
322.40000000000146	15
322.40000000000146	15
322.6000000000058	15
322.70000000000437	15
322.70000000000437	15
323.40000000000146	15
326.40000000000146	4
326.40000000000146	15
326.5	15
326.5	12
326.5	14
326.6000000000058	15
326.6000000000058	15
327.1000000000058	14
327.1000000000058	7
327.20000000000437	15
327.3000000000029	15
327.3000000000029	15
327.3000000000029	15
327.3000000000029	7
327.3000000000029	15
327.3000000000029	15
327.40000000000146	15
327.40000000000146	15
327.5	15
327.5	11
327.6000000000058	15
327.6000000000058	15
327.70000000000437	15
328.0	15
328.1000000000058	15
331.6000000000058	4
331.70000000000437	15
331.70000000000437	15
331.70000000000437	15
331.70000000000437	14
331.70000000000437	12
331.70000000000437	15
332.1000000000058	15
331.90000000000146	15
332.0	15
332.0	14
332.1000000000058	7
332.20000000000437	15
332.3000000000029	15
332.3000000000029	15
332.3000000000029	15
332.3000000000029	15
332.3000000000029	15
332.5	15
332.5	7
332.6000000000058	11
332.6000000000058	15
332.6000000000058	15
332.70000000000437	15
333.70000000000437	15
335.5	15
335.6000000000058	15
335.70000000000437	15
335.70000000000437	15
335.90000000000146	10
335.90000000000146	12
336.6000000000058	5
336.90000000000146	15
337.5	15
337.70000000000437	15
336.90000000000146	4
336.90000000000146	15
336.90000000000146	15
337.0	15
337.0	15
337.1000000000058	14
337.1000000000058	15
337.1000000000058	15
337.20000000000437	15
337.20000000000437	15
337.20000000000437	15
337.20000000000437	7
337.20000000000437	12
337.20000000000437	15
337.3000000000029	15
337.3000000000029	15
337.3000000000029	15
337.3000000000029	15
337.3000000000029	15
337.3000000000029	15
337.5	15
337.5	15
337.5	15
337.5	15
337.5	15
337.5	10
337.5	7
337.6000000000058	11
337.6000000000058	15
337.6000000000058	12
337.6000000000058	12
337.6000000000058	15
337.70000000000437	15
337.90000000000146	5
339.70000000000437	15
339.90000000000146	15
340.6000000000058	15
340.6000000000058	15
340.6000000000058	15
340.70000000000437	15
340.70000000000437	15
341.6000000000058	12
341.1000000000058	10
342.1000000000058	14
342.1000000000058	15
342.20000000000437	15
342.20000000000437	15
342.20000000000437	7
342.20000000000437	15
342.20000000000437	15
342.20000000000437	15
342.20000000000437	15
342.20000000000437	12
342.20000000000437	15
342.20000000000437	15
342.20000000000437	15
342.20000000000437	15
342.20000000000437	15
342.20000000000437	14
342.20000000000437	15
342.3000000000029	15
342.3000000000029	15
342.3000000000029	15
342.3000000000029	15
342.3000000000029	15
342.40000000000146	5
342.40000000000146	15
342.40000000000146	15
342.40000000000146	15
342.40000000000146	15
342.40000000000146	15
342.40000000000146	15
342.40000000000146	15
342.40000000000146	11
342.40000000000146	15
342.6000000000058	15
342.6000000000058	7
342.6000000000058	12
342.6000000000058	15
342.70000000000437	5
342.90000000000146	15
344.90000000000146	15
345.0	15
345.1000000000058	15
345.40000000000146	15
345.5	15
345.70000000000437	15
345.70000000000437	15
346.20000000000437	15
346.6000000000058	12
347.70000000000437	5
346.90000000000146	15
347.0	15
347.0	15
347.1000000000058	15
347.1000000000058	7
347.1000000000058	15
347.1000000000058	15
347.1000000000058	15
347.1000000000058	12
347.1000000000058	15
347.20000000000437	15
347.20000000000437	15
347.20000000000437	15
347.20000000000437	12
347.20000000000437	7
347.20000000000437	15
347.20000000000437	15
347.3000000000029	15
347.3000000000029	15
347.3000000000029	14
347.3000000000029	15
347.3000000000029	15
347.3000000000029	15
347.3000000000029	15
347.3000000000029	15
347.3000000000029	15
347.40000000000146	15
347.40000000000146	15
347.40000000000146	15
347.40000000000146	15
347.40000000000146	7
347.40000000000146	11
347.40000000000146	11
347.40000000000146	15
347.40000000000146	15
347.40000000000146	15
347.6000000000058	15
347.6000000000058	15
347.6000000000058	5
347.6000000000058	15
347.6000000000058	15
347.70000000000437	15
347.70000000000437	15
351.90000000000146	15
352.0	11
352.0	15
352.0	15
352.0	15
352.1000000000058	15
352.1000000000058	5
352.1000000000058	15
352.1000000000058	15
352.1000000000058	15
352.20000000000437	15
352.20000000000437	15
352.20000000000437	7
352.20000000000437	7
352.3000000000029	15
352.3000000000029	15
352.3000000000029	15
352.3000000000029	15
352.3000000000029	15
352.3000000000029	15
352.3000000000029	15
352.3000000000029	15
352.3000000000029	15
352.40000000000146	14
352.40000000000146	15
352.40000000000146	7
352.40000000000146	15
352.40000000000146	15
352.40000000000146	5
352.40000000000146	15
352.40000000000146	15
352.5	11
352.5	15
352.5	15
352.6000000000058	15
352.6000000000058	15
352.6000000000058	15
352.6000000000058	15
352.6000000000058	15
352.6000000000058	15
352.6000000000058	15
352.6000000000058	15
352.6000000000058	15
352.6000000000058	15
352.6000000000058	15
352.6000000000058	15
352.70000000000437	15
356.0	15
356.0	15
356.1000000000058	4
357.20000000000437	5
357.20000000000437	15
357.20000000000437	15
357.20000000000437	15
357.20000000000437	15
357.20000000000437	15
357.20000000000437	15
357.20000000000437	15
357.20000000000437	15
357.20000000000437	15
357.20000000000437	15
357.20000000000437	15
357.20000000000437	15
357.20000000000437	15
357.20000000000437	15
357.20000000000437	15
357.20000000000437	7
357.20000000000437	11
357.3000000000029	5
357.3000000000029	15
357.3000000000029	7
357.3000000000029	15
357.3000000000029	15
357.3000000000029	15
357.3000000000029	15
357.3000000000029	15
357.3000000000029	15
357.3000000000029	15
357.40000000000146	15
357.40000000000146	5
357.40000000000146	15
357.40000000000146	15
357.40000000000146	15
357.40000000000146	15
357.40000000000146	15
357.40000000000146	7
357.40000000000146	15
357.40000000000146	14
357.40000000000146	15
357.5	15
357.5	15
357.5	15
357.5	11
357.5	15
357.5	15
357.5	15
357.5	15
357.6000000000058	15
357.6000000000058	15
357.6000000000058	15
357.6000000000058	15
357.6000000000058	15
357.6000000000058	15
358.0	15
358.0	15
361.3000000000029	15
361.3000000000029	15
361.90000000000146	15
362.0	5
362.0	15
362.0	15
362.1000000000058	15
362.1000000000058	15
362.1000000000058	4
362.20000000000437	5
362.20000000000437	7
362.20000000000437	15
362.20000000000437	15
362.20000000000437	15
362.20000000000437	7
362.3000000000029	15
362.3000000000029	15
362.40000000000146	15
362.40000000000146	15
362.40000000000146	15
362.40000000000146	15
362.40000000000146	7
362.40000000000146	15
362.40000000000146	15
362.40000000000146	15
362.5	15
362.5	15
362.5	15
362.5	15
362.5	15
362.5	15
362.5	15
362.5	15
362.5	14
362.5	15
362.5	15
362.5	15
362.5	15
362.5	15
362.5	5
362.5	15
362.5	4
362.5	4
362.5	15
362.5	15
362.6000000000058	7
362.6000000000058	15
362.6000000000058	15
362.6000000000058	15
362.6000000000058	15
362.70000000000437	15
362.70000000000437	15
362.70000000000437	15
363.70000000000437	15
366.6000000000058	15
367.5	15
367.0	4
367.0	5
367.0	15
367.0	15
367.1000000000058	15
367.1000000000058	15
367.1000000000058	15
367.1000000000058	15
367.20000000000437	15
367.20000000000437	15
367.20000000000437	15
367.20000000000437	5
367.20000000000437	15
367.3000000000029	15
367.3000000000029	15
367.3000000000029	15
367.40000000000146	15
367.40000000000146	15
367.40000000000146	15
367.40000000000146	15
367.40000000000146	15
367.5	15
367.5	15
367.5	15
367.5	15
367.5	15
367.5	15
367.5	15
367.5	15
367.5	7
367.5	15
367.5	15
367.5	15
367.5	15
367.5	15
367.5	15
367.6000000000058	15
367.6000000000058	15
367.6000000000058	4
367.6000000000058	4
367.6000000000058	15
367.70000000000437	5
367.70000000000437	15
367.70000000000437	7
367.70000000000437	15
367.70000000000437	15
367.70000000000437	15
368.20000000000437	15
367.90000000000146	15
372.70000000000437	15
372.70000000000437	15
372.70000000000437	15
372.70000000000437	15
372.70000000000437	15
372.70000000000437	15
372.70000000000437	15
372.70000000000437	15
372.70000000000437	15
372.70000000000437	15
372.70000000000437	15
372.70000000000437	15
372.70000000000437	4
372.70000000000437	4
372.70000000000437	4
372.70000000000437	15
372.70000000000437	15
372.70000000000437	15
372.70000000000437	15
372.70000000000437	15
372.70000000000437	15
372.70000000000437	15
372.70000000000437	15
372.70000000000437	15
372.70000000000437	15
372.70000000000437	15
372.70000000000437	15
372.70000000000437	15
372.70000000000437	15
372.70000000000437	15
372.70000000000437	15
372.70000000000437	15
372.70000000000437	15
372.70000000000437	15
372.70000000000437	15
372.70000000000437	15
372.70000000000437	7
372.70000000000437	7
373.5	15
373.5	15
373.6000000000058	15
373.0	15
373.0	15
373.0	15
373.1000000000058	15
373.1000000000058	15
373.1000000000058	15
373.1000000000058	15
373.1000000000058	5
373.1000000000058	5
373.1000000000058	5
373.1000000000058	15
373.1000000000058	15
373.1000000000058	15
373.1000000000058	15
373.1000000000058	15
373.1000000000058	15
375.5	15
376.90000000000146	15
377.0	4
377.1000000000058	15
377.1000000000058	15
377.20000000000437	15
377.20000000000437	15
377.20000000000437	15
377.20000000000437	15
377.20000000000437	15
377.20000000000437	15
377.20000000000437	15
377.3000000000029	15
377.3000000000029	15
377.3000000000029	15
377.3000000000029	7
377.40000000000146	5
377.40000000000146	15
377.40000000000146	15
377.40000000000146	15
377.40000000000146	15
377.40000000000146	15
377.5	15
377.5	15
377.5	15
377.5	15
377.5	15
377.5	15
377.5	15
377.5	15
377.5	15
377.5	15
377.5	15
377.5	7
377.5	15
377.5	15
377.5	15
377.5	15
377.5	15
377.5	15
377.6000000000058	15
377.6000000000058	15
377.6000000000058	15
377.6000000000058	15
377.6000000000058	15
377.6000000000058	15
377.6000000000058	15
377.6000000000058	15
377.6000000000058	15
377.6000000000058	15
377.70000000000437	5
377.70000000000437	15
377.70000000000437	15
377.70000000000437	15
377.70000000000437	15
377.70000000000437	15
377.70000000000437	15
377.70000000000437	4
378.0	15
380.5	15
380.6000000000058	15
381.6000000000058	15
381.70000000000437	15
381.90000000000146	15
382.0	15
382.0	15
382.1000000000058	15
382.1000000000058	15
382.1000000000058	15
382.1000000000058	7
382.1000000000058	15
382.20000000000437	15
382.20000000000437	15
382.3000000000029	15
382.40000000000146	15
382.40000000000146	15
382.40000000000146	15
382.40000000000146	5
382.40000000000146	15
382.40000000000146	15
382.40000000000146	15
382.40000000000146	15
382.40000000000146	15
382.40000000000146	15
382.40000000000146	15
382.40000000000146	15
382.40000000000146	15
382.40000000000146	15
382.40000000000146	15
382.40000000000146	15
382.40000000000146	15
382.5	15
382.5	15
382.5	15
382.5	15
382.5	15
382.5	15
382.6000000000058	15
382.6000000000058	15
382.6000000000058	15
382.6000000000058	15
382.6000000000058	15
382.6000000000058	15
382.6000000000058	15
382.6000000000058	15
382.6000000000058	15
382.6000000000058	15
382.6000000000058	15
382.6000000000058	7
382.6000000000058	15
382.6000000000058	15
382.6000000000058	15
382.6000000000058	15
382.6000000000058	15
382.6000000000058	5
382.70000000000437	15
382.70000000000437	15
382.70000000000437	15
382.70000000000437	15
383.1000000000058	15
383.1000000000058	15
385.6000000000058	15
385.6000000000058	15
386.70000000000437	15
387.40000000000146	15
386.90000000000146	15
387.0	15
387.1000000000058	15
387.1000000000058	15
387.1000000000058	15
387.20000000000437	15
387.20000000000437	15
387.20000000000437	15
387.20000000000437	15
387.20000000000437	15
387.3000000000029	15
387.3000000000029	15
387.3000000000029	15
387.3000000000029	15
387.3000000000029	15
387.3000000000029	15
387.40000000000146	15
387.40000000000146	15
387.40000000000146	15
387.40000000000146	15
387.40000000000146	15
387.40000000000146	15
387.40000000000146	15
387.40000000000146	15
387.40000000000146	15
387.40000000000146	15
387.40000000000146	5
387.70000000000437	15
387.70000000000437	15
387.70000000000437	15
387.70000000000437	15
387.70000000000437	15
387.70000000000437	15
387.70000000000437	15
387.70000000000437	15
387.70000000000437	15
387.70000000000437	15
387.70000000000437	15
388.20000000000437	15
388.5	15
388.5	15
388.6000000000058	15
387.90000000000146	15
387.90000000000146	15
387.90000000000146	15
387.90000000000146	15
387.90000000000146	7
388.0	15
388.1000000000058	15
388.20000000000437	15
388.20000000000437	15
388.3000000000029	15
388.3000000000029	15
388.3000000000029	15
388.3000000000029	5
388.40000000000146	15
388.40000000000146	15
391.70000000000437	15
392.40000000000146	15
391.90000000000146	15
392.0	15
392.0	15
392.1000000000058	15
392.20000000000437	5
392.20000000000437	15
392.20000000000437	15
392.20000000000437	15
392.20000000000437	15
392.20000000000437	15
392.20000000000437	15
392.20000000000437	15
392.20000000000437	15
392.20000000000437	15
392.20000000000437	15
392.20000000000437	15
392.3000000000029	15
392.3000000000029	15
392.3000000000029	15
392.3000000000029	15
392.3000000000029	15
392.3000000000029	15
392.3000000000029	15
392.3000000000029	15
392.3000000000029	15
392.3000000000029	15
392.40000000000146	15
392.40000000000146	15
392.40000000000146	15
392.40000000000146	15
392.40000000000146	15
392.40000000000146	5
392.40000000000146	15
392.40000000000146	15
392.40000000000146	15
392.40000000000146	15
392.40000000000146	15
392.40000000000146	15
392.5	15
392.5	15
392.5	15
392.5	15
392.5	15
392.5	15
392.6000000000058	15
392.6000000000058	15
392.6000000000058	15
392.6000000000058	15
392.6000000000058	15
392.6000000000058	15
392.6000000000058	15
392.6000000000058	15
392.6000000000058	15
392.6000000000058	7
392.6000000000058	15
392.6000000000058	15
392.70000000000437	15
392.70000000000437	15
392.70000000000437	15
393.40000000000146	15
396.5	15
397.3000000000029	15
396.90000000000146	15
397.0	15
397.0	15
397.0	15
397.1000000000058	15
397.20000000000437	15
397.20000000000437	15
397.3000000000029	15
397.3000000000029	15
397.3000000000029	15
397.3000000000029	15
397.3000000000029	15
397.40000000000146	15
397.40000000000146	15
397.40000000000146	15
397.40000000000146	15
397.40000000000146	15
397.40000000000146	15
397.40000000000146	15
397.40000000000146	15
397.40000000000146	15
397.40000000000146	15
397.40000000000146	15
397.40000000000146	15
397.5	15
397.5	15
397.5	15
397.5	15
397.5	15
397.5	15
397.5	15
397.5	15
397.6000000000058	15
397.6000000000058	15
397.6000000000058	15
397.6000000000058	15
397.6000000000058	15
397.6000000000058	15
397.6000000000058	15
397.6000000000058	15
397.6000000000058	15
397.70000000000437	15
397.70000000000437	15
397.70000000000437	15
397.70000000000437	15
397.70000000000437	15
397.70000000000437	15
397.70000000000437	15
397.70000000000437	15
397.70000000000437	15
397.90000000000146	7
401.1000000000058	15
401.5	15
402.5	15
402.5	15
401.90000000000146	15
402.0	15
402.1000000000058	15
402.1000000000058	15
402.20000000000437	15
402.20000000000437	15
402.20000000000437	15
402.3000000000029	15
402.3000000000029	15
402.3000000000029	15
402.3000000000029	15
402.3000000000029	15
402.40000000000146	15
402.40000000000146	15
402.40000000000146	15
402.40000000000146	15
402.40000000000146	15
402.40000000000146	15
402.40000000000146	15
402.40000000000146	15
402.5	15
402.5	15
402.5	15
402.5	15
402.5	15
402.5	15
402.5	15
402.5	15
402.5	15
402.5	15
402.5	15
402.5	15
402.5	15
402.5	15
402.5	15
402.5	15
402.5	15
402.5	15
402.5	15
402.5	15
402.5	15
402.5	15
402.5	15
402.6000000000058	15
402.6000000000058	15
402.6000000000058	15
402.70000000000437	15
402.70000000000437	7
406.20000000000437	15
406.40000000000146	15
406.70000000000437	15
406.90000000000146	15
407.0	15
407.1000000000058	15
407.20000000000437	15
407.20000000000437	15
407.20000000000437	15
407.3000000000029	15
407.3000000000029	15
407.3000000000029	15
407.3000000000029	15
407.40000000000146	15
407.40000000000146	15
407.40000000000146	15
407.40000000000146	15
407.5	15
407.5	15
407.5	15
407.5	15
407.5	15
407.5	15
407.5	15
407.5	15
407.5	15
407.5	15
407.5	15
407.6000000000058	15
407.6000000000058	15
407.6000000000058	15
407.6000000000058	15
407.6000000000058	15
407.6000000000058	15
407.6000000000058	15
407.6000000000058	15
407.6000000000058	15
407.6000000000058	15
407.6000000000058	15
407.6000000000058	15
407.6000000000058	15
407.6000000000058	15
407.6000000000058	15
407.6000000000058	15
407.6000000000058	15
407.6000000000058	15
407.6000000000058	15
407.70000000000437	15
407.90000000000146	7
408.20000000000437	15
411.40000000000146	15
411.40000000000146	15
411.70000000000437	15
412.1000000000058	15
412.20000000000437	15
412.20000000000437	15
412.20000000000437	15
412.20000000000437	15
412.20000000000437	15
412.3000000000029	15
412.40000000000146	15
412.40000000000146	15
412.40000000000146	15
412.5	15
412.5	15
412.5	15
412.6000000000058	15
412.6000000000058	15
412.6000000000058	15
412.6000000000058	15
412.6000000000058	15
412.6000000000058	15
412.6000000000058	15
412.6000000000058	15
412.6000000000058	15
412.6000000000058	15
412.6000000000058	15
412.6000000000058	15
412.6000000000058	15
412.6000000000058	15
412.70000000000437	15
412.70000000000437	15
412.70000000000437	15
412.70000000000437	15
412.70000000000437	15
412.70000000000437	7
412.70000000000437	15
412.70000000000437	15
412.70000000000437	15
413.1000000000058	15
412.90000000000146	15
413.0	15
415.40000000000146	15
415.5	15
415.5	15
415.6000000000058	15
416.6000000000058	15
417.0	15
417.0	15
417.0	15
417.0	15
417.1000000000058	15
417.1000000000058	15
417.20000000000437	15
417.20000000000437	15
417.40000000000146	15
417.40000000000146	15
417.5	15
417.5	15
417.5	15
417.6000000000058	15
417.6000000000058	15
417.6000000000058	15
417.6000000000058	15
417.6000000000058	15
417.6000000000058	15
417.70000000000437	15
417.70000000000437	15
417.70000000000437	15
417.70000000000437	7
417.70000000000437	15
417.70000000000437	15
417.70000000000437	15
417.70000000000437	15
417.70000000000437	15
417.70000000000437	15
417.70000000000437	15
417.70000000000437	15
417.70000000000437	15
417.70000000000437	15
417.70000000000437	15
418.6000000000058	15
418.1000000000058	15
418.3000000000029	15
418.40000000000146	15
418.6000000000058	15
420.5	15
422.3000000000029	35
422.3000000000029	35
422.3000000000029	15
422.0	15
422.1000000000058	15
422.20000000000437	15
422.20000000000437	15
422.20000000000437	15
422.20000000000437	15
422.20000000000437	15
422.20000000000437	15
422.3000000000029	15
422.5	15
422.5	15
422.5	15
422.5	15
422.5	15
422.6000000000058	15
422.70000000000437	15
422.70000000000437	15
422.70000000000437	7
422.70000000000437	15
422.70000000000437	15
422.70000000000437	15
422.70000000000437	15
422.70000000000437	15
423.1000000000058	15
423.20000000000437	15
423.3000000000029	15
423.3000000000029	15
423.3000000000029	15
423.40000000000146	15
423.40000000000146	15
423.5	15
423.5	15
423.5	15
422.90000000000146	15
422.90000000000146	15
422.90000000000146	15
422.90000000000146	15
422.90000000000146	15
423.0	15
425.5	15
426.0	15
427.0	15
427.1000000000058	15
427.1000000000058	15
427.3000000000029	15
427.3000000000029	35
427.3000000000029	15
427.3000000000029	15
427.40000000000146	15
427.40000000000146	15
427.5	7
427.5	15
427.6000000000058	15
427.6000000000058	15
427.70000000000437	15
427.70000000000437	15
427.70000000000437	15
427.70000000000437	15
427.70000000000437	15
427.90000000000146	15
427.90000000000146	15
428.0	15
428.0	15
428.5	15
428.5	15
428.70000000000437	15
428.70000000000437	15
427.90000000000146	15
427.90000000000146	15
427.90000000000146	15
427.90000000000146	15
427.90000000000146	15
427.90000000000146	15
428.0	15
428.0	15
428.0	15
432.1000000000058	15
432.1000000000058	15
432.3000000000029	7
432.3000000000029	35
432.3000000000029	35
432.3000000000029	15
432.3000000000029	15
432.3000000000029	15
432.40000000000146	15
432.5	15
432.5	15
432.6000000000058	15
432.70000000000437	15
432.70000000000437	15
432.70000000000437	15
433.0	15
433.0	15
433.0	15
433.0	15
433.20000000000437	15
433.20000000000437	15
433.20000000000437	15
433.20000000000437	15
432.90000000000146	15
432.90000000000146	15
432.90000000000146	15
432.90000000000146	15
432.90000000000146	15
432.90000000000146	15
433.20000000000437	15
433.20000000000437	15
433.20000000000437	15
433.20000000000437	35
433.20000000000437	15
433.3000000000029	15
434.70000000000437	35
434.70000000000437	35
435.0	35
435.0	35
437.1000000000058	15
437.1000000000058	15
437.1000000000058	15
437.20000000000437	7
437.20000000000437	15
437.3000000000029	15
437.3000000000029	15
437.3000000000029	35
437.3000000000029	15
437.40000000000146	15
437.40000000000146	15
437.5	15
437.5	15
437.6000000000058	15
437.70000000000437	15
437.70000000000437	15
437.90000000000146	15
438.0	15
438.0	15
438.0	15
438.0	15
438.0	15
438.20000000000437	15
438.3000000000029	15
438.40000000000146	15
438.40000000000146	15
437.90000000000146	15
437.90000000000146	15
437.90000000000146	15
437.90000000000146	15
437.90000000000146	15
437.90000000000146	15
438.0	15
438.0	35
438.0	15
438.0	15
438.0	15
438.0	15
438.0	15
438.70000000000437	35
440.0	35
442.0	7
442.1000000000058	15
442.1000000000058	15
442.1000000000058	15
442.20000000000437	35
442.20000000000437	35
442.3000000000029	15
442.40000000000146	15
442.40000000000146	15
442.40000000000146	15
442.6000000000058	15
442.6000000000058	35
442.70000000000437	15
442.70000000000437	15
442.70000000000437	15
443.40000000000146	15
443.40000000000146	15
443.5	15
443.6000000000058	15
442.90000000000146	15
442.90000000000146	15
442.90000000000146	15
442.90000000000146	15
442.90000000000146	15
442.90000000000146	15
442.90000000000146	15
442.90000000000146	15
442.90000000000146	15
442.90000000000146	15
442.90000000000146	15
443.0	15
443.0	15
443.0	15
443.0	15
443.0	15
443.1000000000058	15
443.1000000000058	15
443.1000000000058	15
443.1000000000058	35
443.5	35
444.90000000000146	35
446.90000000000146	7
447.0	15
447.0	15
447.1000000000058	15
447.1000000000058	15
447.3000000000029	15
447.40000000000146	15
447.40000000000146	35
447.5	15
447.6000000000058	15
447.70000000000437	15
448.20000000000437	15
448.3000000000029	35
448.40000000000146	15
448.5	15
448.70000000000437	15
447.90000000000146	15
447.90000000000146	15
447.90000000000146	15
447.90000000000146	15
447.90000000000146	15
448.0	15
448.0	15
448.0	15
448.20000000000437	15
448.20000000000437	15
448.20000000000437	15
448.20000000000437	15
448.20000000000437	15
448.20000000000437	15
448.20000000000437	15
448.20000000000437	35
448.20000000000437	35
448.20000000000437	15
448.20000000000437	15
448.20000000000437	15
448.20000000000437	15
448.3000000000029	15
449.1000000000058	35
449.6000000000058	35
452.3000000000029	7
452.1000000000058	15
452.3000000000029	15
452.40000000000146	15
452.5	15
452.6000000000058	15
452.6000000000058	15
452.6000000000058	15
452.70000000000437	15
453.3000000000029	35
452.90000000000146	15
452.90000000000146	35
453.0	15
453.0	15
453.0	15
453.0	15
453.0	15
453.1000000000058	15
453.1000000000058	15
453.1000000000058	15
453.1000000000058	15
453.1000000000058	15
453.1000000000058	15
453.20000000000437	35
453.20000000000437	35
453.20000000000437	15
453.20000000000437	15
453.20000000000437	15
453.20000000000437	15
453.3000000000029	15
453.3000000000029	15
453.3000000000029	15
453.3000000000029	15
453.3000000000029	15
453.3000000000029	15
453.3000000000029	15
453.40000000000146	15
454.40000000000146	35
454.70000000000437	35
454.3000000000029	35
456.70000000000437	7
457.0	15
457.40000000000146	15
457.5	15
457.70000000000437	15
457.70000000000437	15
457.70000000000437	15
458.0	35
458.1000000000058	15
458.20000000000437	15
458.20000000000437	35
458.20000000000437	15
458.20000000000437	15
458.20000000000437	35
458.20000000000437	15
458.20000000000437	15
458.3000000000029	15
458.3000000000029	15
458.3000000000029	15
458.3000000000029	15
458.3000000000029	15
458.3000000000029	15
458.40000000000146	15
458.40000000000146	15
458.40000000000146	15
458.40000000000146	15
458.40000000000146	15
458.40000000000146	15
458.40000000000146	15
458.40000000000146	15
458.40000000000146	15
458.40000000000146	15
458.40000000000146	15
458.5	15
458.5	35
458.6000000000058	35
459.0	35
461.6000000000058	7
462.0	15
462.1000000000058	15
462.5	15
462.5	15
463.1000000000058	35
463.90000000000146	15
463.90000000000146	35
463.90000000000146	15
463.90000000000146	35
463.90000000000146	15
463.90000000000146	15
463.90000000000146	15
463.90000000000146	15
463.90000000000146	15
463.90000000000146	15
463.90000000000146	15
463.90000000000146	15
463.90000000000146	15
463.90000000000146	15
463.90000000000146	15
463.90000000000146	15
463.90000000000146	15
463.90000000000146	15
463.90000000000146	35
463.90000000000146	15
463.90000000000146	15
463.90000000000146	15
463.90000000000146	35
463.90000000000146	15
463.90000000000146	15
464.0	15
464.0	15
464.0	15
464.1000000000058	35
466.5	7
467.1000000000058	15
468.3000000000029	35
468.40000000000146	15
468.40000000000146	15
468.40000000000146	35
468.40000000000146	15
468.40000000000146	15
468.40000000000146	35
468.5	35
468.5	15
468.5	15
468.6000000000058	15
468.6000000000058	15
468.6000000000058	15
468.6000000000058	15
468.6000000000058	15
468.6000000000058	15
468.6000000000058	15
468.6000000000058	15
468.6000000000058	35
468.6000000000058	15
468.6000000000058	15
468.70000000000437	15
468.70000000000437	15
468.70000000000437	15
468.70000000000437	15
468.70000000000437	15
468.70000000000437	15
468.70000000000437	15
469.1000000000058	35
471.5	7
472.20000000000437	15
473.20000000000437	35
473.5	15
473.5	15
473.6000000000058	15
473.6000000000058	35
473.6000000000058	15
473.6000000000058	15
473.6000000000058	35
473.6000000000058	15
473.70000000000437	15
473.70000000000437	15
473.70000000000437	15
473.70000000000437	15
473.70000000000437	15
473.70000000000437	15
473.70000000000437	15
473.90000000000146	15
473.90000000000146	15
473.90000000000146	15
473.90000000000146	15
474.0	15
474.0	35
474.20000000000437	15
474.20000000000437	35
473.90000000000146	15
473.90000000000146	15
473.90000000000146	35
474.0	15
476.40000000000146	7
477.1000000000058	15
477.20000000000437	15
478.5	35
478.6000000000058	15
478.6000000000058	35
478.6000000000058	15
478.70000000000437	15
478.70000000000437	15
478.70000000000437	15
478.70000000000437	15
478.70000000000437	15
478.90000000000146	15
479.0	35
479.0	15
479.3000000000029	15
479.3000000000029	15
479.3000000000029	15
479.70000000000437	15
478.90000000000146	35
478.90000000000146	15
478.90000000000146	35
478.90000000000146	15
479.0	15
479.0	15
479.0	15
479.0	15
479.0	15
479.3000000000029	15
479.3000000000029	35
481.3000000000029	7
482.0	15
483.70000000000437	35
483.70000000000437	15
484.40000000000146	15
484.70000000000437	35
484.70000000000437	15
483.90000000000146	15
483.90000000000146	15
483.90000000000146	15
483.90000000000146	15
483.90000000000146	35
483.90000000000146	15
483.90000000000146	15
483.90000000000146	15
483.90000000000146	15
483.90000000000146	15
484.0	15
484.0	15
484.0	35
484.0	15
484.0	15
484.0	15
484.1000000000058	15
484.1000000000058	35
484.1000000000058	15
484.1000000000058	35
484.1000000000058	15
484.20000000000437	15
486.20000000000437	7
487.1000000000058	15
489.40000000000146	35
489.6000000000058	15
488.90000000000146	15
489.0	15
489.1000000000058	15
489.1000000000058	15
489.1000000000058	15
489.1000000000058	15
489.1000000000058	15
489.1000000000058	15
489.1000000000058	35
489.1000000000058	35
489.1000000000058	15
489.1000000000058	15
489.1000000000058	15
489.1000000000058	15
489.1000000000058	15
489.1000000000058	15
489.1000000000058	15
489.1000000000058	15
489.20000000000437	15
489.20000000000437	15
489.20000000000437	15
489.20000000000437	35
489.20000000000437	35
489.3000000000029	35
489.3000000000029	15
491.1000000000058	7
492.1000000000058	15
494.1000000000058	15
494.1000000000058	35
494.20000000000437	15
494.20000000000437	15
494.20000000000437	15
494.20000000000437	15
494.20000000000437	15
494.20000000000437	15
494.20000000000437	15
494.20000000000437	15
494.20000000000437	15
494.20000000000437	35
494.20000000000437	15
494.20000000000437	15
494.20000000000437	15
494.3000000000029	15
494.3000000000029	35
494.3000000000029	35
494.3000000000029	15
494.3000000000029	15
494.3000000000029	35
494.3000000000029	35
494.3000000000029	15
494.3000000000029	15
494.40000000000146	15
494.40000000000146	15
496.0	7
497.20000000000437	15
497.20000000000437	15
499.3000000000029	15
499.3000000000029	35
499.3000000000029	15
499.3000000000029	15
499.3000000000029	15
499.3000000000029	15
499.3000000000029	15
499.3000000000029	15
499.40000000000146	15
499.40000000000146	15
499.40000000000146	35
499.40000000000146	15
499.40000000000146	15
499.40000000000146	35
499.5	15
499.5	15
499.5	15
499.6000000000058	15
499.6000000000058	15
499.6000000000058	35
499.6000000000058	35
499.6000000000058	15
499.6000000000058	15
499.6000000000058	15
499.6000000000058	15
499.70000000000437	35
500.90000000000146	7
504.40000000000146	15
504.40000000000146	15
504.40000000000146	35
504.40000000000146	15
504.40000000000146	15
504.40000000000146	15
504.40000000000146	15
504.5	15
504.5	35
504.5	15
504.6000000000058	15
504.6000000000058	15
504.6000000000058	15
504.6000000000058	15
504.6000000000058	35
504.6000000000058	35
504.6000000000058	15
504.6000000000058	15
504.6000000000058	15
504.6000000000058	35
504.70000000000437	35
504.70000000000437	15
504.70000000000437	15
504.70000000000437	15
505.90000000000146	7
509.40000000000146	35
509.5	35
509.6000000000058	35
509.6000000000058	15
509.6000000000058	15
509.6000000000058	15
509.6000000000058	15
509.6000000000058	15
509.70000000000437	15
509.70000000000437	15
509.70000000000437	35
509.70000000000437	15
509.70000000000437	15
509.70000000000437	35
509.70000000000437	35
509.70000000000437	15
509.70000000000437	15
509.70000000000437	15
510.40000000000146	15
509.90000000000146	15
510.1000000000058	15
511.0	7
514.6000000000058	35
514.7000000000044	35
514.7000000000044	35
515.1000000000058	35
515.1000000000058	15
515.2000000000044	15
515.5	15
514.9000000000015	15
514.9000000000015	15
514.9000000000015	15
514.9000000000015	15
515.0	15
515.0	15
515.0	15
515.0	15
515.0	35
515.0	15
515.1000000000058	15
515.1000000000058	15
515.1000000000058	35
515.7000000000044	7
520.0	35
520.0	15
520.0	35
520.0	15
520.0	15
520.0	35
520.0	15
520.0	15
520.0	35
520.1000000000058	15
520.1000000000058	15
520.1000000000058	35
520.1000000000058	15
520.1000000000058	15
520.1000000000058	35
520.2000000000044	15
520.2000000000044	15
520.3000000000029	15
520.3000000000029	15
520.6000000000058	7
525.1000000000058	15
525.1000000000058	15
525.1000000000058	15
525.2000000000044	15
525.2000000000044	15
525.2000000000044	35
525.2000000000044	35
525.2000000000044	35
525.2000000000044	15
525.2000000000044	15
525.2000000000044	35
525.9000000000015	15
525.9000000000015	15
526.0	15
530.4000000000015	15
530.4000000000015	15
530.4000000000015	15
530.4000000000015	15
530.4000000000015	15
530.5	35
530.6000000000058	15
535.7000000000044	15
540.6000000000058	15
