0	61
2	61
4	4
4	61
6	4
6	61
8	4
8	61
8	92
8	95
8	92
9	4
10	91
10	61
10	95
10	92
11	4
11	29
12	91
12	53
12	61
12	4
12	95
12	92
13	21
13	29
14	91
14	53
14	61
14	4
14	36
14	95
14	92
15	5
15	21
15	29
15	60
16	91
16	53
16	61
16	4
16	95
16	36
16	92
17	1
17	5
17	52
17	21
17	43
17	23
17	60
17	9
18	29
18	91
19	89
19	51
19	1
19	92
19	53
19	95
19	61
19	4
19	36
19	61
19	36
19	43
19	5
19	23
19	52
19	21
19	9
19	60
19	29
20	91
20	75
20	53
20	79
20	52
20	4
20	60
20	89
20	95
20	92
21	51
21	1
21	9
21	61
21	36
21	72
21	43
21	5
21	23
21	21
21	56
21	16
22	29
22	50
22	82
22	26
22	75
22	26
22	79
22	30
22	45
22	53
22	91
22	70
22	52
22	4
22	61
22	60
22	95
22	89
22	92
23	9
23	1
23	51
23	36
23	72
23	43
23	5
23	97
23	21
23	23
23	56
23	16
23	29
23	50
24	82
24	45
24	75
24	91
24	60
24	30
24	53
24	26
24	79
24	70
24	52
24	61
24	4
24	89
24	95
24	92
25	51
25	9
25	1
25	72
25	43
25	5
25	23
25	6
25	97
25	21
25	36
25	56
25	29
25	50
25	16
26	82
26	45
26	75
26	64
26	11
26	76
26	19
26	79
26	91
26	60
26	53
26	26
26	70
26	30
26	52
26	4
26	61
26	32
26	89
26	95
27	92
27	51
27	1
27	9
27	36
27	95
27	5
27	86
27	72
27	6
27	97
27	21
27	43
27	23
27	56
27	16
27	50
27	29
28	82
28	45
28	64
28	75
28	11
28	76
28	19
28	30
28	53
28	79
28	91
28	26
28	60
28	70
28	52
28	4
28	17
28	73
28	14
28	61
28	32
28	89
28	92
29	51
29	86
29	98
29	62
29	36
29	72
29	95
29	43
29	5
29	9
29	1
29	23
29	6
29	97
29	21
29	56
29	99
29	16
29	50
29	29
30	82
30	45
30	64
30	75
30	76
30	11
30	67
30	98
30	19
30	79
30	91
30	60
30	30
30	53
30	26
30	70
30	52
30	4
30	73
30	61
30	14
30	89
30	17
30	32
30	92
31	51
31	62
31	86
31	36
31	9
31	72
31	95
31	5
31	1
31	43
31	23
31	6
31	97
31	21
31	56
31	16
31	99
31	29
31	50
32	11
32	75
32	67
32	82
32	76
32	64
32	98
32	19
32	79
32	26
32	60
32	30
32	45
32	70
32	73
32	14
32	61
32	52
32	4
32	32
32	17
32	89
32	92
33	51
33	86
33	62
33	84
33	9
33	1
33	39
33	53
33	36
33	72
33	91
33	95
33	43
33	5
33	23
33	6
33	97
33	21
33	56
33	16
33	3
33	99
33	29
34	19
34	11
34	67
34	91
34	50
34	79
34	53
34	45
34	64
34	75
34	26
34	60
34	70
34	82
34	98
34	30
34	76
34	52
34	4
34	17
34	73
34	14
34	61
34	32
34	39
34	89
34	92
35	51
35	86
35	1
35	9
35	62
35	84
35	36
35	72
35	95
35	81
35	5
35	43
35	23
35	6
35	97
35	21
35	99
35	3
35	16
35	29
36	53
36	60
36	45
36	64
36	75
36	50
36	30
36	70
36	56
36	67
36	26
36	76
36	19
36	79
36	98
36	52
36	4
36	73
36	14
36	11
36	91
36	61
36	17
36	54
36	32
36	39
36	89
36	82
36	92
37	1
37	9
37	62
37	36
37	84
37	15
37	72
37	51
37	77
37	95
37	43
38	82
38	30
38	53
38	23
38	6
38	3
38	76
38	5
38	21
38	67
38	97
38	99
38	29
38	26
38	50
38	64
38	56
38	91
38	81
38	45
38	86
38	54
38	75
38	60
38	16
38	98
38	11
38	79
38	70
38	52
38	4
38	17
38	73
38	14
38	32
38	61
38	39
38	89
38	19
38	92
39	51
39	86
39	62
39	15
39	84
39	72
39	77
39	95
39	43
39	5
39	81
39	9
39	1
39	36
39	23
39	6
39	97
39	21
39	56
39	16
39	3
39	99
39	50
39	29
40	82
40	45
40	64
40	76
40	75
40	11
40	54
40	67
40	19
40	98
40	91
40	30
40	53
40	26
40	79
40	60
40	70
40	52
40	4
40	17
40	73
40	14
40	61
40	39
40	32
40	89
40	92
41	86
41	71
41	1
41	9
41	15
41	62
41	84
41	36
41	77
41	95
41	43
41	51
41	5
41	81
41	72
41	98
41	23
41	6
41	97
41	21
41	56
41	16
41	3
41	99
41	50
41	29
42	82
42	45
42	11
42	75
42	64
42	19
42	38
42	76
42	79
42	67
42	54
42	7
42	91
42	30
42	26
42	53
42	60
42	70
42	52
42	61
42	73
42	14
42	68
42	32
42	47
42	39
42	100
42	17
42	4
42	92
43	89
43	9
43	51
43	15
43	62
43	86
43	84
43	71
43	1
43	36
43	72
43	77
43	95
43	43
43	5
43	81
43	98
43	23
43	6
43	97
43	21
43	56
43	16
43	99
43	29
43	50
43	3
44	45
44	11
44	64
44	76
44	75
44	82
44	54
44	67
44	19
44	79
44	7
44	91
44	60
44	38
44	30
44	26
44	70
44	68
44	53
44	52
44	4
44	17
44	14
44	61
44	39
44	73
44	100
44	32
44	47
44	89
44	92
45	86
45	71
45	1
45	9
45	15
45	84
45	51
45	62
45	36
45	72
45	77
45	43
45	5
45	81
45	98
45	23
45	6
45	97
45	21
45	22
45	95
45	56
45	16
45	3
45	57
45	99
45	29
45	50
46	82
46	45
46	11
46	64
46	76
46	54
46	10
46	75
46	67
46	19
46	91
46	60
46	38
46	30
46	53
46	26
46	7
46	70
46	68
46	79
46	52
46	4
46	17
46	73
46	14
46	61
46	32
46	47
46	39
46	100
46	89
46	92
47	51
47	62
47	86
47	1
47	9
47	36
47	71
47	84
47	72
47	77
47	95
47	43
47	81
47	5
47	15
47	98
47	23
47	6
47	97
47	21
47	22
47	56
47	16
47	99
47	57
47	50
47	29
47	3
48	82
48	54
48	10
48	11
48	45
48	64
48	76
48	75
48	67
48	19
48	38
48	79
48	7
48	91
48	60
48	53
48	30
48	26
48	70
48	68
48	34
48	52
48	4
48	17
48	14
48	32
48	47
48	61
48	73
48	39
48	100
48	89
48	92
49	62
49	86
49	6
49	43
49	81
49	16
49	98
49	99
49	36
49	71
49	1
49	57
49	3
49	95
49	22
49	9
49	72
49	56
49	15
49	50
49	21
50	10
50	60
50	7
50	47
50	19
50	53
50	30
50	79
50	67
50	74
50	76
50	75
50	61
50	84
50	73
50	82
50	34
50	4
50	14
50	52
50	45
50	11
50	100
50	39
50	26
50	70
50	91
50	89
50	54
50	5
50	97
50	68
50	51
50	23
51	92
51	77
51	86
51	71
51	1
51	9
51	29
51	62
51	17
51	51
51	84
51	36
51	32
51	72
51	77
51	33
51	95
51	43
51	5
51	81
51	15
51	38
51	98
51	23
51	6
51	97
51	21
51	64
51	22
51	18
51	56
51	16
51	3
51	57
51	99
51	50
51	29
51	90
52	82
52	45
52	11
52	64
52	76
52	75
52	67
52	19
52	38
52	79
52	54
52	7
52	91
52	60
52	30
52	53
52	26
52	70
52	68
52	10
52	34
52	52
52	74
52	17
52	73
52	14
52	61
52	4
52	32
52	47
52	39
52	100
52	89
53	51
53	77
53	62
53	86
53	36
53	71
53	1
53	9
53	15
53	92
53	95
53	43
53	81
53	5
53	33
53	84
53	98
53	23
53	6
53	21
53	97
53	72
53	22
53	18
53	56
53	16
53	3
53	57
53	99
53	55
53	50
53	90
53	29
54	34
54	38
54	45
54	11
54	100
54	68
54	64
54	76
54	61
54	75
54	73
54	17
54	96
54	74
54	26
54	30
54	32
54	10
54	67
54	60
54	47
54	92
54	52
54	82
54	70
54	44
55	7
55	89
55	54
55	14
55	86
55	71
55	1
55	9
55	51
55	15
55	62
55	19
55	36
55	84
55	72
55	77
55	39
55	53
55	43
55	5
55	33
55	66
55	95
55	81
55	91
55	98
55	23
55	6
55	97
55	21
55	79
55	22
55	4
55	18
55	3
55	57
55	55
55	16
55	99
55	50
55	29
55	90
55	56
56	82
56	45
56	64
56	76
56	75
56	54
56	11
56	10
56	67
56	19
56	38
56	96
56	79
56	26
56	30
56	70
56	68
56	7
56	60
57	47
57	52
57	44
57	62
57	27
57	74
57	93
57	51
57	61
57	39
57	84
57	4
57	73
57	9
57	89
57	32
57	34
57	77
57	71
57	36
57	92
57	33
57	17
57	14
57	15
57	95
57	83
57	48
57	43
57	5
57	53
57	97
57	21
57	6
57	66
57	81
57	98
57	22
57	72
57	91
57	23
57	18
57	3
57	57
57	16
57	90
57	29
57	56
57	100
57	55
58	82
58	45
58	11
58	64
58	76
58	75
58	54
58	67
58	19
58	10
58	38
58	99
58	53
58	30
58	7
58	60
58	70
58	26
58	68
58	52
58	74
58	86
58	87
58	91
58	1
58	17
58	14
58	4
58	73
58	50
58	79
58	61
58	39
58	100
58	32
58	27
58	47
58	93
58	69
58	89
58	44
58	96
58	92
59	51
59	86
59	71
59	1
59	15
59	9
59	62
59	48
59	36
59	84
59	72
59	77
59	34
59	95
59	43
59	81
59	5
59	83
59	33
59	66
59	6
59	97
59	21
59	22
59	98
59	23
59	16
59	3
59	57
59	18
59	55
59	56
59	99
59	50
59	90
59	29
60	82
60	45
60	11
60	64
60	76
60	75
60	10
60	67
60	54
60	96
60	79
60	7
60	19
60	60
60	38
60	91
60	87
60	30
60	53
60	26
60	68
60	12
60	70
60	34
60	52
60	74
60	73
60	14
60	32
60	47
60	27
60	93
60	4
60	61
60	44
60	39
60	89
60	100
60	69
60	92
61	71
61	1
61	9
61	51
61	15
61	17
61	62
61	48
61	84
61	36
61	72
61	77
61	86
61	95
61	43
61	5
61	81
61	33
61	83
61	66
61	98
61	23
61	6
61	97
61	21
61	22
61	18
61	16
61	3
61	99
61	57
61	55
61	50
61	29
61	90
61	56
62	82
62	45
62	11
62	64
62	76
62	75
62	19
62	60
62	10
62	53
62	91
62	30
62	26
62	79
62	70
62	7
62	38
62	87
62	67
62	96
62	68
62	12
62	54
62	34
62	74
62	63
62	73
62	24
62	14
62	61
62	17
62	4
62	47
62	93
62	27
62	44
62	32
62	52
62	39
62	100
62	69
62	89
62	92
63	51
63	86
63	31
63	62
63	84
63	71
63	1
63	15
63	9
63	72
63	77
63	33
63	83
63	95
63	43
63	36
63	48
63	66
63	5
63	81
63	6
63	97
63	21
63	98
63	23
63	22
63	18
63	56
63	16
63	3
63	99
63	50
63	57
63	55
63	90
63	29
64	82
64	45
64	11
64	64
64	76
64	67
64	19
64	10
64	75
64	96
64	79
64	7
64	38
64	60
64	91
64	70
64	53
64	26
64	30
64	68
64	87
64	63
64	24
64	12
64	34
64	52
64	74
64	61
64	17
64	14
64	73
64	8
64	39
64	4
64	100
64	32
64	27
64	47
64	93
64	69
64	89
64	44
65	92
65	86
65	1
65	71
65	9
65	15
65	48
65	51
65	31
65	54
65	62
65	84
65	72
65	77
65	36
65	83
65	95
65	43
65	5
65	81
65	33
65	78
65	23
65	21
65	6
65	98
65	97
65	22
65	18
65	56
65	16
65	3
65	99
65	57
65	50
65	55
65	29
65	90
65	66
66	82
66	45
66	11
66	64
66	76
66	75
66	54
66	67
66	19
66	38
66	96
66	79
66	30
66	7
66	91
66	87
66	53
66	70
66	10
66	68
66	12
66	24
66	63
66	34
66	52
66	74
66	17
66	4
66	32
66	27
66	47
66	93
66	61
66	44
66	69
66	8
66	39
66	73
66	89
66	14
66	92
67	1
67	71
67	9
67	51
67	86
67	15
67	62
67	48
67	33
67	84
67	77
67	60
67	43
67	31
67	83
67	2
67	78
67	81
67	66
67	95
67	97
67	36
67	98
67	6
67	5
67	21
67	18
67	22
67	56
67	26
67	16
67	23
67	100
67	3
67	99
67	57
67	55
67	50
67	90
67	42
67	72
70	9
70	6
70	92
70	3
70	71
70	62
70	74
70	74
70	72
70	87
70	87
70	98
70	52
70	52
70	75
70	75
70	61
70	12
70	12
70	81
70	84
70	48
70	95
70	38
70	38
70	56
70	29
70	29
70	21
70	93
70	91
70	91
70	61
70	11
70	11
70	79
70	79
70	88
70	33
70	44
70	44
70	36
70	89
70	63
70	27
70	27
70	5
71	85
71	85
71	4
71	4
71	7
71	7
71	9
71	18
71	16
71	32
71	32
71	69
71	69
71	47
71	47
71	33
71	73
71	73
71	82
71	82
71	6
71	56
71	71
71	94
71	94
71	62
71	93
71	30
71	30
71	48
71	100
71	100
71	34
71	34
71	83
71	83
71	36
71	55
71	55
72	2
72	2
72	31
72	31
72	43
72	43
72	18
72	21
72	78
72	78
72	88
72	29
72	99
72	99
72	24
72	24
72	19
72	19
72	5
72	3
72	77
72	77
72	75
72	11
72	63
72	96
72	96
72	8
72	8
72	57
72	57
72	86
72	86
72	45
72	45
72	45
72	39
72	39
72	67
72	67
72	67
72	76
72	76
72	76
72	10
72	10
72	10
72	79
72	1
72	1
72	64
72	64
72	64
72	53
72	53
72	91
72	97
72	97
72	89
72	19
72	17
72	17
72	38
72	82
72	66
72	66
72	54
72	54
72	54
72	98
72	92
72	68
72	68
72	87
72	30
72	50
72	50
72	51
72	51
72	7
72	16
72	81
72	68
72	53
72	23
72	23
72	84
72	12
72	96
72	14
72	14
72	70
72	70
72	70
72	60
72	60
72	60
72	95
72	22
72	22
72	24
72	34
72	52
72	74
72	94
72	17
72	63
72	73
72	14
72	26
72	26
72	26
72	85
73	93
73	61
73	44
73	69
73	92
73	8
73	39
73	47
73	88
73	35
73	32
73	62
73	100
73	84
73	51
73	42
73	42
73	90
73	90
73	4
73	27
73	36
73	71
73	31
73	48
73	89
73	9
73	33
73	77
73	86
73	43
73	5
73	81
73	83
73	1
73	78
73	23
73	98
73	2
73	6
73	97
73	21
73	15
73	15
73	15
73	22
73	18
73	56
73	66
73	16
73	95
73	99
73	50
73	55
73	3
73	90
73	29
73	42
73	57
74	82
74	45
74	10
74	75
74	76
74	54
74	72
74	72
74	67
74	11
74	96
74	79
74	7
74	64
74	19
74	87
74	38
74	91
74	30
74	35
74	70
74	53
74	68
74	12
74	34
74	94
74	63
74	24
74	17
74	14
74	32
74	27
74	61
74	93
74	44
74	85
74	52
74	47
74	74
74	8
74	69
74	92
74	88
74	39
74	100
75	89
75	73
75	60
75	51
75	86
75	1
75	71
75	15
75	9
75	26
75	48
75	31
75	62
75	84
75	72
75	4
75	77
75	36
75	43
75	5
75	33
75	81
75	83
75	2
75	66
75	6
75	97
75	21
75	95
75	22
75	23
75	98
75	18
75	57
75	55
75	56
75	3
75	50
75	90
75	42
75	29
75	99
75	16
75	78
76	45
76	76
76	64
76	10
76	11
76	75
76	67
76	35
76	54
76	19
76	79
76	7
76	91
76	38
76	30
76	53
76	26
76	60
76	87
76	96
76	12
76	82
76	70
76	68
76	24
76	63
76	4
76	14
76	61
76	52
76	85
76	93
76	44
76	74
76	94
76	8
76	47
76	25
76	39
76	17
76	32
76	27
76	100
76	88
77	69
77	89
77	34
77	92
77	86
77	1
77	71
77	9
77	73
77	51
77	62
77	84
77	77
77	33
77	15
77	72
77	83
77	95
77	5
77	2
77	66
77	43
77	98
77	81
77	97
77	21
77	48
77	6
77	23
77	13
77	18
77	36
77	56
77	16
77	3
77	55
77	29
77	22
77	99
77	90
77	57
77	31
77	78
77	42
77	50
78	82
78	10
78	45
78	11
78	76
78	64
78	75
78	35
78	67
78	54
78	96
78	91
78	30
78	79
78	87
78	70
78	7
78	60
78	26
78	68
78	25
78	63
78	12
78	34
78	94
78	52
78	38
78	17
78	24
78	14
78	73
78	61
78	32
78	47
78	93
78	44
78	74
78	85
78	27
78	8
78	39
78	53
78	100
78	89
78	69
78	92
78	88
79	19
79	51
79	9
79	31
79	62
79	86
79	84
79	1
79	71
79	36
79	48
79	33
79	83
79	43
79	15
79	5
79	72
79	66
79	77
79	2
79	95
79	4
79	23
79	98
79	6
79	78
79	81
79	22
79	13
79	16
79	3
79	57
79	21
79	55
79	50
79	99
79	18
79	29
79	90
79	97
79	56
79	42
80	82
80	11
80	76
80	75
80	64
80	54
80	45
80	10
80	35
80	67
80	96
80	79
80	91
80	38
80	60
80	30
80	87
80	26
80	7
80	12
80	19
80	70
80	53
80	25
80	63
80	24
80	68
80	34
80	52
80	14
80	73
80	61
80	94
80	47
80	93
80	74
80	85
80	8
80	44
80	39
80	32
80	100
80	69
80	89
80	4
80	92
80	17
80	88
81	86
81	27
81	71
81	15
81	9
81	51
81	48
81	31
81	62
81	84
81	36
81	33
81	83
81	72
81	77
81	43
81	1
81	2
81	5
81	66
81	78
81	81
81	23
81	98
81	6
81	13
81	18
81	22
81	57
81	55
81	97
81	56
81	21
81	16
81	3
81	95
81	99
81	29
81	42
81	90
82	82
82	45
82	64
82	75
82	50
82	76
82	11
82	54
82	67
82	19
82	38
82	7
82	30
82	26
82	96
82	79
82	87
82	10
82	12
82	91
82	60
82	53
82	24
82	25
82	63
82	52
82	74
82	94
82	4
82	73
82	14
82	35
82	68
82	70
82	85
82	47
82	93
82	61
82	34
82	44
82	8
82	17
82	100
82	39
82	89
82	32
82	27
82	69
83	88
83	51
83	86
83	71
83	15
83	9
83	92
83	31
83	48
83	62
83	72
83	33
83	77
83	83
83	95
83	84
83	43
83	36
83	81
83	5
83	2
83	1
83	23
83	98
84	42
84	16
84	18
84	29
84	11
84	17
84	78
84	38
84	55
84	25
84	32
84	70
84	85
84	94
84	39
84	69
84	10
84	14
84	52
84	19
84	8
84	35
84	21
84	54
84	76
84	53
84	87
84	13
84	50
84	61
84	82
84	99
84	92
84	93
85	88
85	12
85	6
85	100
85	97
85	30
85	45
85	74
85	91
85	75
85	60
85	96
85	86
85	71
85	1
85	15
85	9
85	57
85	79
85	7
85	64
85	31
85	26
85	48
85	44
85	4
85	27
85	51
85	62
85	36
85	72
85	67
85	77
85	33
85	83
85	47
85	34
85	63
85	95
85	43
85	5
85	56
85	24
85	89
85	66
85	66
85	2
85	78
85	3
85	22
85	68
85	98
85	97
85	23
85	22
85	6
85	13
85	18
85	29
85	90
85	42
85	56
86	75
86	79
86	82
86	54
86	3
86	90
86	96
86	11
86	12
86	26
86	10
86	19
86	35
86	57
86	30
86	99
86	68
86	55
86	87
86	84
86	50
86	24
86	91
86	53
86	76
86	63
86	81
86	34
86	94
86	73
86	60
86	38
86	52
86	74
86	4
86	73
86	14
86	70
86	65
86	61
86	64
86	47
86	93
86	21
86	8
86	27
87	86
87	62
87	45
87	1
87	9
87	92
87	71
87	88
87	84
87	5
87	33
87	97
87	48
87	23
87	83
87	69
87	77
87	31
87	17
87	43
87	15
87	66
87	13
87	65
87	7
87	78
87	67
87	44
87	32
87	3
87	22
87	51
87	57
87	40
87	89
87	29
87	18
87	81
87	50
87	25
87	90
87	98
87	42
87	55
87	2
87	16
87	16
88	56
88	39
88	21
88	95
88	45
88	11
88	76
88	64
88	54
88	85
88	10
88	19
88	38
88	35
88	67
88	7
88	100
88	60
88	53
88	87
88	68
88	70
88	6
88	12
88	96
88	24
88	91
88	99
88	25
88	79
88	52
88	74
88	63
88	34
88	73
88	14
88	61
88	8
88	39
88	26
88	20
88	4
88	44
88	27
88	47
88	93
88	32
88	72
88	36
88	75
88	92
89	88
89	82
89	17
89	85
89	89
89	51
89	71
89	15
89	9
89	48
89	84
89	94
89	69
89	62
89	36
89	86
89	77
89	30
89	33
89	100
89	83
89	72
89	95
89	43
89	31
89	81
89	5
89	2
89	1
89	23
89	98
89	78
89	21
89	65
89	66
89	6
89	97
89	13
89	18
89	16
89	3
89	57
89	99
89	29
89	42
89	40
89	56
89	50
90	45
90	76
90	64
90	75
90	82
90	54
90	11
90	22
90	58
90	10
90	19
90	38
90	35
90	96
90	79
90	7
90	91
90	67
90	60
90	30
90	26
90	90
90	68
90	24
90	55
90	25
90	63
90	12
90	53
90	70
90	34
90	87
90	94
90	17
90	4
90	14
90	73
90	61
90	52
90	74
90	32
90	27
90	47
90	93
90	85
90	20
90	8
90	39
90	89
90	69
91	88
91	100
91	44
91	92
91	86
91	1
91	71
91	15
91	51
91	48
91	31
91	36
91	72
91	77
91	62
91	9
91	33
91	43
91	84
91	83
91	40
91	5
91	23
91	98
91	6
91	65
91	78
91	66
91	21
91	2
91	13
91	22
91	18
91	56
91	16
91	3
91	95
91	99
91	55
91	50
91	29
91	42
91	90
91	57
91	81
92	97
92	82
92	76
92	64
92	75
92	58
92	45
92	11
92	19
92	54
92	79
92	7
92	91
92	38
92	30
92	26
92	67
92	87
92	68
92	53
92	60
92	12
92	96
92	70
92	24
92	34
92	94
92	63
92	52
92	74
92	25
92	61
92	85
92	35
92	17
92	4
92	14
92	44
92	20
92	8
92	10
92	73
92	32
92	69
92	89
92	39
92	47
92	93
92	100
92	27
92	92
93	88
93	51
93	86
93	31
93	62
93	15
93	71
93	1
93	9
93	36
93	48
93	84
93	33
93	83
93	72
93	77
93	95
93	66
93	2
93	40
93	5
93	78
93	23
93	98
93	81
93	6
93	97
93	43
93	22
93	65
93	13
93	21
93	18
93	56
93	16
93	3
93	99
93	57
93	55
93	50
93	29
93	42
93	90
94	82
94	45
94	76
94	64
94	75
94	54
94	58
94	11
94	10
94	67
94	19
94	38
94	35
94	60
94	30
94	53
94	96
94	26
94	79
94	7
94	59
94	87
94	70
94	12
94	91
94	25
94	68
94	63
94	24
94	34
94	52
94	74
94	17
94	4
94	14
94	73
94	85
94	94
94	32
94	27
94	47
94	93
94	8
94	20
94	61
94	44
94	100
94	69
94	39
94	89
95	88
95	51
95	92
95	86
95	1
95	71
95	15
95	31
95	62
95	84
95	48
95	72
95	77
95	95
95	40
95	43
95	9
95	5
95	81
95	33
95	36
95	78
95	83
95	66
95	97
95	21
95	23
95	65
95	22
95	6
95	13
95	98
95	2
95	18
95	3
95	99
95	57
95	55
95	56
95	16
95	50
95	90
95	29
95	42
96	82
96	58
96	45
96	11
96	76
96	75
96	54
96	10
96	67
96	35
96	64
96	19
96	79
96	7
96	91
96	60
96	38
96	30
96	96
96	26
96	68
96	59
96	70
96	87
96	12
96	25
96	63
96	24
96	52
96	74
96	14
96	73
96	61
96	94
96	17
96	27
96	47
96	93
96	53
96	44
96	85
96	20
96	100
96	8
96	89
96	4
96	39
96	69
96	34
96	46
96	92
97	88
97	32
97	86
97	71
97	1
97	9
97	51
97	62
97	84
97	36
97	95
97	43
97	31
97	5
97	40
97	72
97	83
97	66
97	48
97	33
97	78
97	81
97	15
97	97
97	21
97	77
97	23
97	2
97	98
97	6
97	65
97	22
97	13
97	18
97	3
97	99
97	57
97	56
97	16
97	50
97	29
97	90
97	55
97	42
98	82
98	58
98	45
98	11
98	76
98	75
98	64
98	54
98	10
98	67
98	35
98	19
98	38
98	96
98	79
98	7
98	91
98	60
98	30
98	53
98	26
98	87
98	70
98	59
98	68
98	12
98	25
99	33
99	77
99	89
99	9
99	17
99	50
99	92
99	4
99	15
99	8
99	29
99	55
99	13
99	88
99	72
99	42
99	81
99	5
99	32
99	86
99	47
99	27
99	18
99	46
99	56
99	34
99	61
99	71
99	84
99	98
100	23
100	73
100	22
100	21
100	95
100	57
100	16
100	3
100	97
100	14
100	1
100	48
100	6
100	65
100	58
100	43
100	62
100	2
100	52
100	20
100	90
100	99
100	51
100	85
100	69
100	45
100	11
100	39
100	83
100	44
100	76
100	64
100	40
100	63
100	54
100	67
100	24
100	66
100	74
100	100
100	93
100	35
100	10
100	94
100	38
100	19
100	96
100	79
100	7
100	91
100	36
100	60
100	53
100	87
100	75
100	28
100	26
100	70
100	59
100	82
100	68
100	12
100	30
100	25
100	24
100	31
100	63
100	34
100	78
100	94
100	4
100	14
100	32
100	73
100	47
100	27
100	93
100	85
100	52
100	20
100	8
100	39
100	89
100	69
100	100
101	88
101	61
101	46
101	92
101	51
101	86
101	71
101	97
101	15
101	36
101	33
101	23
101	78
101	48
101	31
101	13
102	43
102	75
102	54
102	1
102	11
102	57
102	66
102	3
102	16
102	81
102	44
102	45
102	38
102	96
102	56
102	2
102	64
102	77
102	87
102	7
102	53
102	70
102	59
102	82
102	5
102	6
102	62
102	67
102	50
102	84
102	12
102	9
102	49
102	74
102	17
102	91
102	76
102	60
102	93
102	18
102	20
102	17
102	69
102	27
102	68
102	89
102	21
102	29
102	30
102	92
102	73
102	10
103	47
103	98
103	39
103	44
103	79
103	14
103	63
103	52
103	74
103	46
103	9
103	58
103	32
103	86
103	88
103	31
103	4
103	95
103	61
103	84
103	71
103	51
103	36
103	25
103	1
103	42
103	8
103	26
103	49
103	95
103	5
103	81
103	66
103	62
103	2
103	43
103	40
103	40
103	72
103	72
103	6
103	33
103	35
103	83
103	83
103	23
103	34
103	13
103	48
103	24
103	28
103	98
103	15
103	78
103	97
103	56
103	22
103	22
103	18
103	77
103	3
103	16
103	50
103	57
103	90
103	65
103	65
103	90
103	29
103	42
103	55
103	55
103	19
103	85
103	21
104	94
104	82
104	58
104	76
104	64
104	75
104	54
104	100
104	10
104	45
104	11
104	99
104	99
104	19
104	38
104	35
104	96
104	60
104	67
104	53
104	26
104	79
104	7
104	91
104	28
104	59
104	70
104	87
104	25
104	68
104	30
104	24
104	12
104	94
104	63
104	34
104	4
104	14
104	61
104	52
104	74
104	17
104	85
104	20
104	8
104	39
104	32
104	69
104	47
104	27
104	44
104	100
105	88
105	89
105	51
105	86
105	93
105	71
105	15
105	46
105	84
105	48
105	73
105	62
105	36
105	9
105	92
105	72
105	77
105	31
105	83
105	95
105	5
105	40
105	81
105	43
105	2
105	66
105	33
105	78
105	98
105	49
105	6
105	97
105	1
105	21
105	22
105	23
105	3
105	65
105	99
105	55
105	18
105	13
105	56
105	50
105	29
105	16
105	42
105	90
105	57
106	82
106	76
106	64
106	75
106	54
106	58
106	67
106	45
106	11
106	10
106	38
106	19
106	96
106	79
106	53
106	7
106	30
106	91
106	87
106	26
106	60
106	35
106	12
106	25
106	68
106	59
106	70
106	28
106	80
106	63
106	24
106	94
106	14
106	73
106	61
106	34
106	17
106	52
106	85
106	74
106	8
106	4
106	100
106	32
106	39
106	20
106	69
106	47
106	89
106	27
106	93
106	46
106	44
106	92
107	88
107	71
107	9
107	1
107	51
107	62
107	86
107	15
107	84
107	36
107	72
107	33
107	83
107	48
107	31
107	95
107	43
107	49
107	5
107	66
107	77
107	2
107	21
107	23
107	98
107	6
107	40
107	97
107	78
107	22
107	65
107	18
107	3
107	99
107	57
107	13
107	81
107	55
107	50
107	29
107	16
107	90
107	56
108	82
108	11
108	45
108	76
108	64
108	75
108	54
108	58
108	10
108	42
108	67
108	38
108	35
108	19
108	91
108	60
108	30
108	53
108	28
108	79
108	96
108	26
108	87
108	68
108	7
108	12
108	25
108	80
108	63
108	59
108	34
108	70
108	52
108	24
108	74
108	94
108	17
108	4
108	14
108	73
108	47
108	27
108	93
108	61
108	20
108	85
108	8
108	44
108	100
108	32
108	89
108	39
108	69
109	46
109	86
109	71
109	15
109	1
109	9
109	92
109	48
109	88
109	51
109	31
109	36
109	72
109	77
109	62
109	84
109	95
109	43
109	49
109	5
109	81
109	33
109	83
109	66
109	2
109	40
109	78
109	23
109	98
109	65
109	97
109	13
109	21
109	6
109	22
109	18
109	56
109	16
109	3
109	99
109	50
109	55
109	57
109	42
110	90
110	82
110	11
110	45
110	76
110	64
110	75
110	29
110	54
110	67
110	58
110	10
110	38
110	35
110	19
110	7
110	91
110	30
110	79
110	53
110	28
110	96
110	59
110	41
110	70
110	87
110	12
110	25
110	60
110	24
110	26
110	68
110	80
110	63
110	94
110	34
110	4
110	14
110	73
110	61
110	52
110	74
110	17
110	27
110	93
110	20
110	44
110	47
110	85
110	8
110	39
110	89
110	32
110	69
110	100
110	46
110	92
111	88
111	51
111	9
111	62
111	84
111	86
111	48
111	31
111	36
111	71
111	1
111	15
111	33
111	83
111	72
111	77
111	81
111	2
111	66
111	43
111	49
111	78
111	23
111	6
111	97
111	21
111	5
111	98
111	22
111	13
111	95
111	56
111	16
111	3
111	99
111	57
111	65
111	40
111	50
111	29
111	55
111	90
111	18
111	42
111	37
112	82
112	58
112	64
112	75
112	54
112	11
112	45
112	10
112	67
112	38
112	19
112	76
112	96
112	79
112	7
112	91
112	26
112	87
112	41
112	60
112	30
112	28
112	53
112	68
112	12
112	70
112	59
112	24
112	34
112	63
112	4
112	80
112	14
112	73
112	25
112	52
112	74
112	17
112	85
112	35
112	20
112	93
112	32
112	89
112	39
112	27
112	61
112	69
112	44
112	92
113	8
113	88
113	94
113	100
113	47
113	71
113	1
113	15
113	9
113	51
113	31
113	62
113	84
113	48
113	46
113	36
113	72
113	77
113	83
113	95
113	40
113	43
113	49
113	33
113	5
113	81
113	86
113	78
113	97
113	21
113	2
113	23
113	98
113	22
114	57
114	50
114	13
114	18
114	64
114	29
114	10
114	65
114	56
114	54
114	58
114	3
114	99
114	38
114	70
114	59
114	8
114	28
114	75
114	93
114	14
114	17
114	42
114	12
114	73
114	100
114	7
114	87
114	32
114	27
114	63
114	19
114	37
114	94
114	47
114	89
114	96
114	82
114	26
114	66
114	16
114	80
114	61
114	52
114	46
114	39
114	41
114	20
114	92
115	30
115	11
115	74
115	69
115	85
115	60
115	53
115	88
115	44
115	67
115	68
115	86
115	1
115	71
115	6
115	9
115	45
115	76
115	62
115	84
115	48
115	34
115	51
115	31
115	36
115	91
115	77
115	79
115	33
115	95
115	40
115	43
115	72
115	49
115	4
115	5
115	81
115	25
115	66
115	2
115	24
115	35
115	23
115	98
115	6
115	97
115	90
115	83
115	21
115	65
115	55
115	78
115	15
115	22
115	13
115	18
115	56
115	16
115	3
115	99
115	57
115	55
115	50
115	29
115	90
116	25
116	91
116	30
116	24
116	68
116	28
116	63
116	53
116	67
116	11
116	19
116	37
116	41
116	59
116	76
116	75
116	82
116	87
116	42
116	26
116	35
116	10
116	70
116	80
116	52
116	74
116	17
116	4
116	54
116	12
116	14
116	73
116	96
116	7
116	32
116	61
116	20
116	47
116	27
116	93
116	44
116	8
116	79
116	39
116	100
116	58
116	60
116	89
116	38
116	69
116	64
116	85
116	46
116	92
116	34
117	88
117	45
117	94
117	51
117	86
117	1
117	9
117	62
117	84
117	36
117	48
117	72
117	77
117	15
117	33
117	83
117	2
117	71
117	66
117	43
117	49
117	31
117	5
117	78
117	95
117	97
117	40
117	65
117	23
117	98
117	22
117	6
117	18
117	21
117	81
117	56
117	16
117	3
117	99
117	57
117	13
117	29
117	90
117	42
118	11
118	30
118	91
118	45
118	67
118	19
118	37
118	50
118	35
118	76
118	53
118	64
118	75
118	79
118	7
118	82
118	96
118	54
118	28
118	55
118	60
118	38
118	87
118	26
118	70
118	59
118	41
118	58
118	12
118	68
118	63
118	80
118	25
118	34
118	24
118	52
118	74
118	17
118	4
118	14
118	73
118	10
118	61
118	20
118	47
118	93
118	8
118	85
118	100
118	32
118	44
118	27
118	89
118	69
118	46
118	92
119	39
119	88
119	94
119	51
119	62
119	71
119	84
119	1
119	15
119	9
119	36
119	31
119	33
119	72
119	83
119	95
119	40
119	43
119	48
119	49
119	5
119	78
119	77
119	66
119	81
119	2
119	98
119	86
119	21
119	22
119	97
119	6
119	23
119	13
119	18
119	57
119	55
119	65
119	56
119	3
119	29
119	90
119	99
119	42
119	50
119	37
120	82
120	11
120	45
120	75
120	54
120	67
120	76
120	64
120	58
120	10
120	16
120	35
120	19
120	7
120	91
120	96
120	26
120	41
120	87
120	60
120	53
120	79
120	30
120	28
120	59
120	38
120	68
120	25
120	70
120	24
120	12
120	34
120	94
120	80
120	63
120	17
120	4
120	14
120	73
120	32
120	20
120	47
120	27
120	44
120	85
120	8
120	39
120	69
120	93
120	52
120	46
120	92
121	100
121	88
121	71
121	15
121	1
121	9
121	51
121	31
121	62
121	86
121	74
121	84
121	36
121	89
121	72
121	77
121	33
121	83
121	95
121	48
121	66
121	40
121	61
121	49
121	5
121	2
121	78
121	6
121	97
121	23
121	81
121	65
121	98
121	13
121	21
121	43
121	18
121	22
121	56
121	99
121	57
121	55
121	16
121	3
121	50
121	29
121	90
121	37
122	58
122	11
122	45
122	76
122	64
122	82
122	42
122	75
122	79
122	19
122	96
122	7
122	26
122	38
122	54
122	53
122	60
122	30
122	28
122	10
122	67
122	70
122	59
122	41
122	24
122	87
122	12
122	91
122	80
122	63
122	74
122	14
122	73
122	4
122	61
122	17
122	94
122	32
122	20
122	93
122	34
122	44
122	100
122	39
122	25
122	8
122	47
122	89
122	69
122	27
122	68
122	46
122	35
122	92
122	52
123	86
123	1
123	88
123	62
123	84
123	71
123	15
123	31
123	48
123	9
123	36
123	51
123	33
123	83
123	72
123	95
123	40
123	85
123	43
123	5
123	49
123	78
123	2
123	77
123	81
123	98
123	65
123	6
123	66
123	97
123	13
123	21
123	18
123	99
123	57
123	22
123	16
123	50
123	56
123	23
123	90
123	55
123	29
123	42
123	3
123	37
124	58
124	11
124	45
124	76
124	64
124	82
124	75
124	10
124	54
124	67
124	38
124	19
124	53
124	35
124	96
124	26
124	7
124	87
124	30
124	60
124	91
124	70
124	28
124	59
124	68
124	79
124	41
124	24
124	80
124	63
124	34
124	12
124	25
124	52
124	74
124	94
124	17
124	85
124	4
124	32
124	8
124	39
124	14
124	73
124	20
124	61
124	44
124	100
124	89
124	69
124	47
124	27
124	46
125	92
125	93
125	1
125	71
125	9
125	88
125	51
125	31
125	62
125	84
125	15
125	72
125	33
125	83
125	77
125	95
125	40
125	48
125	43
125	66
125	86
125	49
125	78
125	6
125	81
125	21
125	22
125	2
125	65
125	98
125	5
125	36
125	13
125	18
125	56
125	16
125	55
125	3
125	99
125	57
125	97
125	29
125	90
125	42
125	50
125	23
125	37
126	82
126	76
126	64
126	75
126	54
126	58
126	10
126	11
126	67
126	45
126	35
126	38
126	19
126	96
126	79
126	7
126	91
126	60
126	53
126	30
126	28
126	26
126	70
126	59
126	41
126	12
126	25
126	68
126	24
126	34
126	94
126	87
126	80
126	63
126	4
126	14
126	73
126	20
126	47
126	93
126	27
126	61
126	85
126	39
126	52
126	69
126	8
126	89
126	32
126	100
126	46
126	17
127	92
127	88
127	51
127	86
127	62
127	9
127	71
127	84
127	72
127	36
127	43
127	33
127	15
127	5
127	49
127	48
127	83
127	66
127	2
127	1
127	78
127	74
127	77
127	31
127	23
127	6
127	22
127	81
127	97
127	44
127	21
127	98
127	95
127	40
127	65
127	18
127	56
127	3
127	13
127	99
127	57
127	55
127	16
127	29
127	90
127	42
127	50
127	37
128	82
128	58
128	11
128	45
128	67
128	76
128	64
128	75
128	54
128	10
128	35
128	38
128	96
128	7
128	91
128	79
128	60
128	19
128	30
128	28
128	53
128	59
128	87
128	41
128	12
128	25
128	68
128	80
128	63
128	70
128	24
128	34
128	94
128	26
128	52
128	74
128	17
128	85
128	4
128	32
128	73
128	47
128	27
128	61
128	93
128	44
128	14
128	8
128	39
128	89
128	69
128	20
128	46
128	92
129	88
129	100
129	86
129	1
129	71
129	15
129	9
129	51
129	31
129	62
129	84
129	48
129	36
129	72
129	77
129	33
129	83
129	95
129	40
129	43
129	49
129	5
129	81
129	66
129	2
129	78
129	23
129	98
129	21
129	65
129	6
129	97
129	22
129	13
129	18
129	56
129	99
129	57
129	16
129	3
130	38
130	11
130	10
130	60
130	87
130	50
130	19
130	37
130	30
130	55
130	28
130	29
130	82
130	76
130	54
130	91
130	7
130	79
130	64
130	70
130	41
130	26
130	90
130	96
130	59
130	68
130	75
130	42
130	53
130	45
130	12
130	67
130	24
130	80
130	63
130	58
130	34
130	94
130	25
130	52
130	74
130	17
130	35
130	14
130	73
130	61
130	85
130	4
130	32
130	20
130	93
130	27
130	44
130	8
130	39
130	100
130	69
130	47
130	89
130	46
130	92
131	88
131	51
131	86
131	1
131	71
131	9
131	31
131	62
131	84
131	48
131	15
131	36
131	72
131	77
131	33
131	83
131	95
131	40
131	43
131	49
131	81
131	5
131	66
131	78
131	2
131	23
131	6
131	97
131	21
131	65
131	90
131	57
131	55
131	29
131	37
131	22
131	18
131	56
132	42
132	82
132	58
132	3
132	13
132	75
132	11
132	64
132	45
132	98
132	99
132	54
132	67
132	35
132	76
132	79
132	7
132	91
132	38
132	10
132	30
132	16
132	8
132	59
132	24
132	63
132	20
132	32
132	93
132	73
132	27
132	87
132	12
132	74
132	85
133	50
133	100
133	1
133	46
133	89
133	94
133	62
133	2
133	47
133	9
133	71
133	92
133	77
133	95
133	81
133	5
133	61
133	31
133	68
133	4
133	43
133	33
133	97
133	21
133	19
133	65
133	14
133	88
133	49
133	98
133	40
133	34
133	60
133	6
135	87
135	44
135	44
135	45
135	42
135	37
135	91
135	94
135	52
135	52
135	99
135	96
135	46
135	96
135	100
135	63
135	20
135	12
135	85
135	88
135	11
135	71
135	59
135	47
135	92
135	3
135	75
135	32
135	1
135	31
135	51
135	51
135	41
135	41
135	79
135	93
135	26
135	26
135	16
135	89
135	70
135	70
135	48
135	48
135	9
135	61
135	67
135	73
135	30
135	33
135	10
135	77
135	8
135	23
135	81
135	5
135	74
135	95
135	13
135	4
135	68
135	72
135	72
135	27
135	66
135	66
135	58
135	40
135	23
135	43
135	98
135	84
135	84
135	6
135	18
135	97
135	50
135	21
135	57
135	65
135	25
135	25
135	34
135	14
135	28
135	28
135	35
135	62
135	69
135	69
135	13
135	76
135	83
135	83
135	24
135	16
135	7
135	15
135	15
135	22
135	22
135	80
135	80
135	99
135	18
135	56
135	56
135	57
135	50
135	49
135	38
135	54
135	64
135	90
135	90
135	60
135	78
135	78
135	2
135	55
135	55
135	86
135	86
136	19
136	37
136	76
136	75
136	54
136	58
136	29
136	29
136	10
136	11
136	45
136	64
136	36
136	36
136	67
136	82
136	82
136	35
136	42
136	17
136	17
136	38
136	19
136	39
136	39
136	96
136	7
136	91
136	30
136	3
136	60
136	53
136	53
136	53
136	28
136	26
136	59
136	41
136	12
136	70
136	79
136	68
136	80
136	63
136	87
136	25
136	52
136	74
136	94
136	61
136	4
136	24
136	85
136	17
136	32
136	14
136	73
136	47
136	93
136	27
136	44
136	34
136	8
136	39
136	20
136	69
136	89
136	100
137	88
137	92
137	46
137	71
137	9
137	51
137	62
137	1
137	15
137	84
137	36
137	33
137	5
137	78
137	49
137	31
137	77
137	81
137	66
137	2
137	72
137	23
137	83
137	98
137	6
137	97
137	48
137	21
137	86
137	43
137	40
137	22
137	13
137	57
137	18
137	55
137	56
137	95
137	16
137	3
137	99
137	29
137	42
137	50
137	90
137	37
137	65
138	82
138	76
138	75
138	54
138	58
138	10
138	64
138	11
138	45
138	67
138	35
138	38
138	91
138	79
138	19
138	60
138	30
138	53
138	96
138	28
138	87
138	26
138	70
138	59
138	7
138	41
138	24
138	12
138	25
138	68
138	63
138	4
138	14
138	73
138	61
138	34
138	74
138	85
138	39
138	20
138	32
138	80
138	93
138	27
138	69
138	94
138	8
138	17
138	89
138	100
138	46
138	92
139	44
139	9
139	47
139	88
139	51
139	31
139	62
139	84
139	86
139	52
139	36
139	48
139	71
139	1
139	77
139	33
139	72
139	83
139	95
139	49
139	15
139	81
139	5
139	66
139	2
139	40
139	23
139	43
139	98
139	65
139	6
139	97
139	78
139	21
139	22
139	13
139	3
139	99
139	57
139	18
139	55
139	56
139	50
139	29
139	16
139	90
139	42
139	37
140	82
140	76
140	75
140	54
140	58
140	10
140	64
140	11
140	45
140	38
140	19
140	35
140	96
140	26
140	7
140	87
140	79
140	30
140	53
140	60
140	91
140	28
140	68
140	59
140	70
140	41
140	24
140	12
140	25
140	63
140	34
140	52
140	74
140	94
140	80
140	61
140	17
140	85
140	39
140	100
140	32
140	14
140	20
140	93
140	27
140	69
140	8
140	89
140	47
140	44
140	46
141	88
141	67
141	86
141	1
141	15
141	71
141	9
141	51
141	31
141	62
141	84
141	36
141	48
141	4
141	92
141	83
141	77
141	95
141	49
141	5
141	66
141	72
141	2
141	81
141	43
141	23
141	40
141	33
141	97
141	78
141	21
141	65
141	6
141	13
141	22
141	98
141	56
141	3
141	99
141	16
141	50
141	57
141	18
141	55
141	90
141	42
142	37
142	29
142	82
142	58
142	11
142	45
142	54
142	76
142	64
142	75
142	10
142	67
142	38
142	19
142	35
142	79
142	96
142	53
142	26
142	7
142	91
142	87
142	30
142	28
142	59
142	41
142	12
142	24
142	25
142	70
142	68
142	80
142	60
142	63
142	34
142	52
142	74
142	94
142	4
142	61
142	85
142	17
142	32
142	14
142	93
142	27
142	20
142	8
142	100
142	39
142	69
142	47
142	46
142	89
142	92
143	88
143	51
143	86
143	71
143	15
143	9
143	48
143	1
143	72
143	77
143	36
143	31
143	62
143	84
143	33
143	83
143	2
143	43
143	81
143	5
143	49
143	78
143	66
143	97
143	21
143	98
143	65
143	6
143	22
143	23
143	40
143	44
143	16
143	3
143	99
143	57
143	18
143	55
143	29
143	95
143	90
143	42
143	56
144	50
144	82
144	58
144	11
144	45
144	37
144	10
144	76
144	64
144	35
144	75
144	67
144	79
144	96
144	54
144	7
144	26
144	70
144	13
144	30
144	60
144	19
144	28
144	41
144	59
144	87
144	12
144	25
144	38
144	24
144	80
144	63
144	34
144	94
144	74
144	68
144	17
144	53
144	14
144	4
144	61
144	52
144	93
144	27
144	44
144	8
144	85
144	91
144	20
144	89
144	47
144	32
144	69
144	46
144	92
145	100
145	39
145	88
145	51
145	31
145	62
145	86
145	84
145	48
145	36
145	72
145	71
145	15
145	77
145	9
145	1
145	43
145	5
145	33
145	95
145	78
145	83
145	2
145	49
145	97
145	21
145	66
145	65
145	6
145	23
145	81
145	98
146	3
146	45
146	99
146	67
146	13
146	64
146	37
146	42
146	54
146	41
146	94
146	69
146	24
146	14
146	87
146	8
146	16
146	30
146	7
146	85
146	47
146	10
146	34
146	60
146	68
146	12
147	57
147	89
147	52
147	59
147	35
147	93
147	44
147	20
147	70
147	61
147	46
147	22
147	27
147	100
147	18
147	76
147	96
147	56
147	51
147	58
147	74
147	90
147	1
147	71
147	9
147	11
147	63
147	75
147	15
147	26
147	84
147	55
147	88
147	82
147	62
147	25
147	19
147	36
147	72
147	28
147	48
147	39
147	31
147	33
147	83
147	95
147	80
147	38
147	53
147	43
147	49
147	5
147	66
147	2
147	86
147	81
147	77
147	78
147	50
147	29
147	91
147	23
147	98
147	6
147	97
147	17
147	79
147	22
147	32
147	4
147	92
147	21
147	40
147	40
147	65
147	13
147	18
147	56
147	16
147	3
147	99
147	57
147	55
147	50
147	29
147	90
147	42
147	37
148	82
148	58
148	45
148	76
148	64
148	75
148	54
148	10
148	67
148	35
148	38
148	19
148	79
148	96
148	7
148	91
148	60
148	30
148	53
148	26
148	87
148	28
148	70
148	59
148	41
148	68
148	12
148	25
148	24
148	80
148	63
148	34
148	94
148	52
148	74
148	17
148	4
148	27
148	47
148	44
148	8
148	39
148	32
148	93
148	20
148	14
148	69
149	62
149	31
149	84
149	46
149	88
149	36
149	61
149	9
149	1
149	15
149	92
149	48
149	72
149	77
149	71
149	33
149	51
149	13
149	49
149	5
149	90
149	43
149	78
149	55
149	21
149	57
149	3
149	83
149	66
149	95
149	56
149	81
149	16
149	97
149	22
149	6
150	50
150	23
150	2
150	82
150	65
150	40
150	18
150	58
150	45
150	76
150	64
150	42
150	85
150	75
150	29
150	10
150	35
150	100
150	54
150	38
150	19
150	99
150	96
150	7
150	91
150	60
150	53
150	67
150	79
150	86
150	26
150	37
150	87
150	30
150	89
150	28
150	70
150	41
150	98
150	68
150	12
150	25
150	24
150	80
150	63
150	59
150	94
150	52
150	74
150	17
150	14
150	4
150	34
150	61
150	85
150	8
150	100
150	32
150	39
150	20
150	47
150	93
150	27
150	44
150	69
151	71
151	15
151	9
151	1
151	88
151	92
151	51
151	62
151	86
151	31
151	46
151	84
151	72
151	36
151	83
151	48
151	95
151	40
151	33
151	49
151	81
151	5
151	78
151	66
151	77
151	2
151	23
151	98
151	43
151	6
151	97
151	22
151	56
151	65
151	3
151	18
151	42
151	16
151	29
151	50
151	57
151	90
152	13
152	99
152	21
152	45
152	76
152	37
152	82
152	55
152	75
152	58
152	64
152	35
152	38
152	19
152	54
152	96
152	67
152	60
152	30
152	53
152	26
152	7
152	87
152	10
152	28
152	59
152	41
152	91
152	70
152	12
152	24
152	68
152	80
152	63
152	79
152	52
152	74
152	17
152	4
152	14
152	93
152	94
152	27
152	44
152	61
152	47
152	8
152	100
152	32
152	20
152	39
152	85
152	69
152	46
153	88
153	34
153	86
153	1
153	71
153	9
153	92
153	51
153	48
153	31
153	62
153	84
153	25
153	36
153	77
153	72
153	95
153	83
153	43
153	40
153	33
153	49
153	5
153	81
153	78
153	66
153	21
153	97
153	15
153	23
153	98
153	22
153	2
153	13
153	18
153	56
153	16
153	3
153	99
153	57
153	55
153	42
153	50
153	90
153	29
154	6
154	37
154	82
154	54
154	75
154	65
154	58
154	76
154	45
154	64
154	38
154	19
154	10
154	35
154	79
154	96
154	60
154	30
154	53
154	26
154	87
154	91
154	70
154	59
154	7
154	41
154	12
154	25
154	28
154	68
154	24
154	94
154	80
154	63
154	34
154	52
154	74
154	14
154	61
154	85
154	4
154	39
154	20
154	47
154	27
154	44
154	100
154	8
154	17
154	93
155	46
155	32
155	88
155	51
155	86
155	1
155	71
155	15
155	62
155	31
155	92
155	69
155	9
155	48
155	72
155	77
155	84
155	36
155	83
155	95
155	40
155	43
155	2
155	49
155	5
155	33
155	23
155	98
155	6
155	97
155	78
155	21
155	66
155	22
155	13
155	18
155	16
155	3
155	57
155	55
155	99
155	50
155	29
155	56
155	65
155	90
155	37
155	42
156	82
156	54
156	75
156	64
156	76
156	45
156	58
156	35
156	7
156	91
156	38
156	19
156	30
156	79
156	53
156	60
156	26
156	10
156	70
156	59
156	28
156	41
156	96
156	87
156	68
156	12
156	25
156	24
156	63
156	80
156	34
156	52
156	4
156	74
156	14
156	61
156	44
156	8
156	17
156	27
156	39
156	20
156	69
156	47
156	32
157	92
157	46
157	71
157	15
157	9
157	88
157	51
157	62
157	36
157	1
157	84
157	72
157	77
157	33
157	31
157	49
157	48
157	5
157	83
157	2
157	40
157	66
157	43
157	93
157	85
157	78
157	23
157	98
157	94
157	6
157	97
157	100
157	18
157	22
157	56
157	21
157	16
157	95
157	3
157	57
157	55
157	99
157	13
157	65
157	29
157	90
157	86
157	37
157	42
158	50
158	82
158	58
158	45
158	76
158	64
158	54
158	75
158	35
158	10
158	38
158	19
158	79
158	53
158	96
158	26
158	7
158	87
158	28
158	70
158	59
158	41
158	30
158	60
158	12
158	25
158	91
158	24
158	68
158	80
158	63
158	34
158	94
158	52
158	17
158	74
158	4
158	14
158	61
158	85
158	32
158	20
158	47
158	93
158	44
158	8
158	39
158	100
158	69
158	46
159	88
159	27
159	51
159	86
159	1
159	71
159	15
159	9
159	62
159	84
159	36
159	48
159	72
159	77
159	31
159	43
159	95
159	49
159	5
159	33
159	92
159	83
159	2
159	40
159	66
159	23
159	98
159	6
159	97
159	22
159	78
159	21
159	16
159	3
159	18
159	57
159	99
159	13
159	29
159	55
159	56
159	50
159	90
159	42
160	37
160	45
160	76
160	64
160	82
160	75
160	58
160	10
160	65
160	54
160	35
160	38
160	19
160	79
160	96
160	7
160	91
160	60
160	30
160	28
160	26
160	59
160	70
160	68
160	24
160	41
160	12
160	25
160	87
160	80
160	63
160	94
160	52
160	74
160	17
160	4
160	14
160	53
160	47
160	93
160	27
160	44
160	61
160	20
160	85
160	39
160	69
160	34
160	8
160	100
161	92
161	88
161	51
161	86
161	71
161	15
161	9
161	31
161	84
161	48
161	72
161	62
161	83
161	40
161	77
161	43
161	32
161	49
161	5
161	33
161	66
161	2
161	36
161	23
161	98
161	6
161	78
161	65
161	46
161	13
161	22
161	18
161	21
161	56
161	57
161	55
161	97
161	95
161	16
161	3
161	99
161	50
161	29
161	90
161	42
162	37
162	1
162	82
162	75
162	64
162	76
162	45
162	54
162	35
162	58
162	19
162	30
162	96
162	79
162	26
162	7
162	87
162	53
162	38
162	60
162	10
162	28
162	59
162	41
162	12
162	68
162	63
162	70
162	24
162	34
162	91
162	80
162	52
162	74
162	4
162	14
162	17
162	85
162	100
162	39
162	32
162	47
162	93
162	69
162	8
162	25
162	44
162	61
162	94
162	46
163	92
163	88
163	51
163	71
163	20
163	15
163	9
163	62
163	31
163	86
163	84
163	48
163	36
163	1
163	77
163	72
163	27
163	33
163	95
163	83
163	40
163	43
163	49
163	5
163	66
163	2
163	78
163	23
163	98
163	97
163	21
163	6
163	65
163	22
163	13
163	18
164	37
164	75
164	96
164	79
164	38
164	58
164	19
164	55
164	68
164	91
164	26
164	54
164	90
164	35
164	59
164	30
164	16
164	41
164	7
164	12
164	25
165	88
165	2
165	83
165	31
165	84
165	100
165	92
165	36
165	97
165	10
165	47
165	70
165	20
165	71
165	93
165	49
165	42
165	33
165	46
165	14
165	52
165	29
165	45
165	95
165	53
165	5
165	4
165	82
165	15
165	48
165	21
165	27
165	86
165	87
165	8
165	50
165	43
165	85
165	78
165	98
165	40
165	23
165	66
165	64
165	17
165	76
165	51
165	72
165	32
165	63
165	13
165	69
165	74
165	24
165	39
165	62
165	28
165	1
165	18
165	56
165	56
165	34
165	16
165	9
165	80
165	22
165	3
165	3
165	65
165	50
165	29
165	55
165	61
165	94
166	57
166	57
166	58
166	82
166	45
166	90
166	37
166	42
166	76
166	64
166	44
166	54
166	75
166	10
166	99
166	35
166	38
166	79
166	96
166	7
166	91
166	30
166	53
166	87
166	28
166	26
166	59
166	41
166	70
166	12
166	25
167	80
167	9
167	63
167	71
167	46
167	88
167	51
167	20
167	32
167	100
167	14
167	52
167	92
167	24
167	4
167	34
167	8
167	27
167	47
167	62
167	39
167	61
167	17
167	85
167	1
167	94
167	68
167	69
167	84
167	86
167	74
167	72
167	15
167	44
167	33
167	93
167	48
167	95
167	83
167	40
167	43
167	49
167	5
167	66
167	2
167	36
167	23
167	98
167	97
167	21
167	65
167	22
167	13
167	31
167	18
167	56
167	16
167	3
167	57
167	55
167	90
167	78
167	29
167	42
167	37
167	50
168	82
168	75
168	58
168	76
168	30
168	25
168	59
168	28
168	17
168	52
168	79
168	74
168	35
168	96
168	27
168	8
168	32
168	7
168	26
168	87
168	20
168	80
168	69
168	85
168	12
168	14
168	39
168	91
168	44
168	41
168	100
168	4
168	47
168	46
169	10
169	34
169	88
169	92
169	61
169	54
169	71
169	15
169	9
169	38
169	94
169	31
169	24
169	86
169	93
169	48
169	62
169	63
169	64
169	33
169	83
169	43
169	68
169	40
169	5
169	78
169	45
169	66
169	95
169	36
169	2
169	23
169	98
169	49
169	1
169	84
169	70
169	21
169	65
169	22
169	97
169	51
169	18
169	56
169	16
169	3
169	72
169	13
169	29
169	55
169	90
169	50
169	57
169	42
169	37
170	58
170	82
170	45
170	76
170	64
170	75
170	10
170	35
170	7
170	91
170	79
170	96
170	26
170	38
170	87
170	30
170	28
170	59
170	41
170	68
170	12
170	70
170	25
170	24
170	80
170	63
170	34
170	17
170	4
170	52
170	74
170	61
170	85
170	32
170	20
170	69
170	47
170	93
170	27
170	39
170	8
170	44
170	46
171	92
171	88
171	51
171	48
171	62
171	1
171	71
171	31
171	9
171	15
171	84
171	36
171	94
171	5
171	95
171	72
171	83
171	2
171	40
171	43
171	49
171	33
171	78
171	66
171	23
171	100
171	21
171	65
171	86
171	97
171	22
171	13
171	98
171	18
171	56
171	16
171	3
171	50
171	57
171	29
171	42
171	90
171	37
172	55
172	82
172	58
172	45
172	76
172	35
172	64
172	10
172	38
172	7
172	91
172	96
172	87
172	59
172	68
172	70
172	12
172	41
172	28
172	24
172	80
172	63
172	25
172	34
172	74
172	94
172	17
172	75
172	4
172	85
172	61
172	8
172	30
172	39
172	32
172	20
172	47
172	93
172	27
172	100
172	69
173	92
173	44
173	52
173	71
173	15
173	9
173	88
173	51
173	62
173	31
173	36
173	46
173	86
173	1
173	33
173	48
173	72
173	40
173	5
173	2
173	43
173	95
173	83
173	98
173	23
173	49
173	97
173	66
173	21
173	22
173	78
173	16
173	3
173	13
173	18
173	55
173	50
173	57
173	29
173	90
173	42
173	56
173	37
174	82
174	45
174	76
174	75
174	10
174	64
174	91
174	35
174	96
174	30
174	58
174	28
174	59
174	7
174	87
174	41
174	68
174	25
174	12
174	70
174	24
174	34
174	94
174	80
174	63
174	17
174	4
174	20
174	47
174	93
174	27
174	52
174	74
174	32
174	8
174	100
174	61
174	39
174	69
174	46
175	92
175	44
175	71
175	15
175	88
175	1
175	51
175	31
175	86
175	85
175	62
175	48
175	33
175	72
175	83
175	40
175	95
175	2
175	5
175	49
175	78
175	23
175	98
175	97
175	22
175	66
175	18
175	56
175	3
175	21
175	90
175	55
175	29
175	42
175	37
176	57
176	45
176	82
176	75
176	58
176	76
176	10
176	35
176	64
176	7
176	91
176	96
176	59
176	87
176	41
176	25
176	28
176	68
176	24
176	12
176	70
176	80
176	63
176	34
176	52
176	74
176	17
176	4
176	61
176	20
176	94
176	8
176	39
176	100
176	93
176	85
176	69
176	27
176	44
176	46
177	92
177	88
177	86
177	47
177	1
177	62
177	71
177	72
177	31
177	33
177	95
177	83
177	40
177	49
177	5
177	98
177	97
177	78
177	23
177	48
177	2
177	22
177	21
177	56
177	18
177	57
177	29
177	55
177	3
177	90
177	42
177	37
178	82
178	45
178	76
178	75
178	58
178	64
178	10
178	96
178	35
178	7
178	91
178	59
178	41
178	28
178	68
178	70
178	24
178	12
178	25
178	34
178	80
178	63
178	74
178	17
178	87
178	94
178	4
178	93
178	27
178	52
178	61
178	20
178	69
178	44
178	47
178	100
178	8
178	39
178	85
179	88
179	46
179	86
179	71
179	48
179	1
179	92
179	62
179	31
179	21
179	3
179	29
179	90
179	95
179	56
179	18
179	49
179	55
179	2
179	5
179	78
179	97
180	33
180	70
180	23
180	37
180	82
180	35
180	72
180	91
180	83
180	96
180	34
180	75
180	7
180	58
180	41
180	12
180	52
180	68
180	76
180	45
180	17
180	64
180	28
180	4
180	25
180	98
180	63
180	80
180	40
180	59
180	87
180	61
180	93
180	27
180	8
180	39
180	85
180	24
180	20
180	74
180	69
180	94
180	42
180	57
180	100
180	44
180	46
181	92
181	88
181	47
181	86
181	1
181	71
181	31
181	48
181	72
181	33
181	95
181	83
181	40
181	2
181	49
181	78
181	23
181	98
181	21
181	55
182	82
182	42
182	75
182	58
182	97
182	64
182	45
182	76
182	90
182	56
182	29
182	35
182	3
182	37
182	96
182	7
182	91
182	57
182	28
182	68
182	17
182	94
182	24
182	59
182	34
182	85
182	41
182	80
182	93
182	4
182	44
182	8
182	39
182	25
182	20
183	2
183	92
183	31
183	48
183	78
183	63
183	49
183	86
183	72
183	46
183	83
183	88
183	69
183	23
183	71
183	70
183	95
183	18
183	27
183	98
183	97
183	21
183	47
183	52
183	18
183	3
183	57
183	55
183	61
183	29
183	12
183	40
183	90
183	42
183	74
183	37
184	82
184	75
184	58
184	45
184	76
184	64
184	35
184	28
184	96
184	59
184	7
184	41
184	91
184	68
184	70
184	12
184	24
184	80
184	94
184	63
184	47
184	93
184	52
184	74
184	20
184	39
184	44
184	61
184	85
184	27
184	8
184	69
184	17
185	46
185	92
185	4
185	88
185	71
185	34
185	31
185	86
185	48
185	72
185	95
185	49
185	83
185	40
185	2
185	23
185	98
185	97
185	78
185	21
185	18
185	55
185	3
185	57
185	90
185	42
186	37
186	82
186	58
186	45
186	76
186	64
186	29
186	75
186	96
186	91
186	35
186	28
186	59
186	41
186	7
186	12
186	68
186	24
186	94
186	80
186	34
186	4
186	17
186	47
186	93
186	27
186	8
186	85
186	74
186	20
186	44
187	46
187	92
187	52
187	88
187	86
187	71
187	72
187	40
187	95
187	23
187	98
187	49
187	78
187	83
187	2
187	97
187	21
187	48
187	31
187	3
187	18
187	57
187	55
187	42
187	37
188	82
188	58
188	76
188	45
188	64
188	75
188	35
188	96
188	7
188	91
188	59
188	68
188	41
188	12
188	24
188	34
188	52
188	28
188	17
188	4
188	85
188	94
188	80
188	20
188	44
188	8
188	93
188	74
188	27
188	47
189	88
189	46
189	71
189	92
189	86
189	31
189	48
189	40
189	83
189	2
189	23
189	21
189	98
189	97
189	78
189	49
189	3
189	57
189	55
189	18
189	42
189	37
190	82
190	58
190	45
190	64
190	75
190	35
190	96
190	7
190	91
190	28
190	68
190	59
190	12
190	24
190	41
190	80
190	34
190	52
190	94
190	74
190	85
190	20
190	93
190	44
190	27
190	47
190	8
190	46
191	92
191	86
191	71
191	88
191	31
191	48
191	83
191	40
191	49
191	78
191	2
191	23
191	98
191	97
191	21
191	18
191	57
191	3
191	55
191	37
192	82
192	58
192	45
192	64
192	75
192	96
192	35
192	7
192	91
192	28
192	68
192	59
192	41
192	12
192	24
192	80
192	52
192	74
192	94
192	34
192	85
192	47
192	93
192	44
192	27
192	8
192	20
193	46
193	92
193	88
193	86
193	71
193	31
193	49
193	83
193	2
193	40
193	78
193	97
193	23
193	21
193	98
193	3
193	18
193	55
193	57
193	37
194	82
194	58
194	75
194	64
194	35
194	96
194	7
194	28
194	91
194	45
194	59
194	41
194	68
194	24
194	80
194	34
194	12
194	85
194	94
194	74
194	20
194	93
194	44
194	27
194	8
194	47
195	46
195	88
195	92
195	52
195	86
195	31
195	71
195	83
195	40
195	49
195	78
195	23
195	98
195	21
195	18
195	3
195	57
195	55
195	37
196	28
196	58
196	24
196	80
196	44
196	68
196	94
196	74
196	8
196	59
196	91
196	82
196	93
196	47
196	27
196	64
196	96
196	34
196	35
196	41
196	52
196	85
196	75
196	12
197	46
197	88
197	40
197	83
197	71
197	49
197	92
197	31
197	23
197	21
197	18
197	3
197	57
197	37
198	82
198	94
198	24
199	80
199	83
199	49
199	71
199	8
199	27
199	40
199	64
199	91
199	12
199	23
199	41
199	88
199	68
199	31
199	58
199	74
199	92
199	85
199	59
199	34
199	46
199	18
199	35
199	93
199	21
199	47
199	37
199	28
200	75
200	75
200	35
200	12
200	41
200	58
200	94
200	74
200	59
200	28
200	91
200	85
200	82
200	8
200	68
200	27
200	57
200	80
200	93
200	44
200	44
201	46
201	88
201	92
201	3
201	31
201	40
201	83
201	49
201	23
201	21
201	18
201	3
201	57
201	37
202	82
202	75
202	58
202	35
202	28
202	91
202	59
202	41
202	68
202	12
202	80
202	74
202	94
202	85
202	93
202	27
202	44
202	8
203	46
203	92
203	31
203	40
203	83
203	49
203	23
203	21
203	18
203	3
203	57
204	82
204	75
204	58
204	35
204	91
204	59
204	41
204	28
204	68
204	12
204	80
204	94
204	74
204	85
204	93
204	44
204	27
204	8
205	92
205	31
205	40
205	83
205	23
205	21
205	3
205	57
206	82
206	58
206	75
206	35
206	28
206	59
206	41
206	12
206	80
206	94
206	74
206	85
206	8
206	93
206	44
206	27
207	92
207	31
207	40
207	83
207	23
207	3
207	57
208	58
208	75
208	35
208	59
208	12
208	41
208	28
208	80
208	74
208	27
208	85
208	8
209	92
209	31
209	40
209	83
209	23
209	3
209	57
210	58
210	75
210	35
210	28
210	41
210	59
210	12
210	80
210	27
210	8
210	85
211	92
211	31
211	40
211	83
211	23
211	3
211	57
212	59
212	12
212	75
212	28
212	58
212	41
212	80
212	27
213	92
213	31
213	40
213	83
213	23
213	3
214	57
214	58
214	75
214	12
215	27
215	28
215	59
215	41
215	31
215	23
215	40
216	3
216	83
216	58
216	75
216	59
216	41
216	12
216	27
217	31
217	40
217	83
217	23
217	3
218	58
218	75
218	41
218	59
218	12
218	27
219	40
219	83
220	58
220	59
220	41
220	12
220	27
221	40
221	83
222	58
222	59
222	41
222	12
222	27
223	40
223	83
224	59
224	41
224	12
224	27
225	40
225	83
226	41
226	12
226	59
226	27
227	83
227	40
228	59
228	41
228	12
229	27
229	83
229	40
230	12
230	59
230	41
230	27
231	40
231	83
232	59
232	41
232	12
233	27
233	40
233	83
234	59
234	12
234	27
235	40
235	83
236	59
236	12
236	27
237	40
237	83
238	27
239	40
239	83
240	27
241	40
241	83
242	27
243	83
243	40
245	40
247	40
249	40
251	40
253	40
255	40
257	40
259	40
261	40
263	40
265	40
