0.0	91
3.5	13
4.099999999998545	12
9.700000000004366	76
10.0	91
12.099999999998545	24
13.5	13
14.099999999998545	12
14.700000000004366	18
16.0	93
17.200000000004366	54
17.400000000001455	82
17.80000000000291	5
18.5	43
19.700000000004366	76
19.80000000000291	27
19.80000000000291	95
19.80000000000291	72
19.80000000000291	61
20.0	91
20.200000000004366	84
20.700000000004366	3
22.099999999998545	21
22.200000000004366	24
22.400000000001455	1
23.5	13
23.599999999998545	94
24.599999999998545	10
24.80000000000291	33
24.80000000000291	18
25.80000000000291	26
25.0	83
25.400000000001455	92
25.5	29
26.200000000004366	47
26.30000000000291	11
27.30000000000291	54
27.400000000001455	82
28.5	78
28.700000000004366	51
28.80000000000291	43
29.200000000004366	88
29.80000000000291	66
30.5	50
30.0	7
30.400000000001455	19
30.400000000001455	84
30.5	5
30.5	4
30.700000000004366	83
30.700000000004366	3
32.099999999998545	75
32.099999999998545	14
32.099999999998545	21
32.5	80
33.5	13
33.599999999998545	17
33.599999999998545	91
33.599999999998545	93
33.599999999998545	27
34.099999999998545	10
34.30000000000291	94
34.80000000000291	95
35.099999999998545	28
35.099999999998545	45
35.099999999998545	25
35.30000000000291	37
35.400000000001455	49
35.599999999998545	29
37.599999999998545	11
37.80000000000291	100
37.200000000004366	72
37.599999999998545	34
39.200000000004366	56
39.200000000004366	36
39.200000000004366	18
39.30000000000291	61
39.400000000001455	64
40.099999999998545	43
40.30000000000291	9
40.30000000000291	47
40.30000000000291	55
40.80000000000291	3
40.80000000000291	97
41.700000000004366	5
41.700000000004366	42
41.0	59
41.200000000004366	19
42.099999999998545	24
42.099999999998545	17
42.099999999998545	75
43.200000000004366	16
43.5	13
43.700000000004366	66
43.700000000004366	80
43.700000000004366	41
44.0	50
44.0	27
45.599999999998545	95
45.200000000004366	94
45.30000000000291	84
45.400000000001455	40
45.400000000001455	89
45.400000000001455	45
45.400000000001455	25
45.700000000004366	21
45.700000000004366	76
45.80000000000291	58
45.80000000000291	82
47.0	59
47.099999999998545	37
47.099999999998545	11
47.80000000000291	61
48.80000000000291	2
49.200000000004366	1
49.80000000000291	66
50.0	7
50.200000000004366	99
50.30000000000291	12
50.30000000000291	22
50.30000000000291	49
50.400000000001455	9
50.400000000001455	100
50.5	70
50.700000000004366	3
51.0	5
51.099999999998545	36
51.80000000000291	16
51.0	48
51.200000000004366	17
52.200000000004366	10
52.400000000001455	82
52.80000000000291	18
52.80000000000291	45
53.200000000004366	51
54.200000000004366	29
55.30000000000291	56
55.30000000000291	76
55.400000000001455	84
55.400000000001455	46
55.400000000001455	42
55.400000000001455	78
55.5	25
55.5	75
55.700000000004366	98
55.700000000004366	95
56.200000000004366	58
56.200000000004366	37
56.200000000004366	54
56.200000000004366	53
57.200000000004366	44
57.200000000004366	74
57.5	60
57.599999999998545	69
58.0	13
58.0	50
58.0	28
58.5	89
58.599999999998545	62
58.700000000004366	61
60.0	19
60.400000000001455	87
60.5	88
60.5	36
60.5	9
60.599999999998545	47
60.599999999998545	26
60.599999999998545	33
61.0	5
61.099999999998545	7
61.200000000004366	17
62.0	42
62.80000000000291	75
62.30000000000291	92
62.5	100
62.599999999998545	94
62.599999999998545	97
62.700000000004366	58
62.80000000000291	45
63.0	56
63.700000000004366	90
64.70000000000437	76
64.80000000000291	2
65.30000000000291	37
65.5	82
65.5	49
65.5	10
65.59999999999854	86
65.70000000000437	16
65.70000000000437	46
65.80000000000291	33
65.80000000000291	32
67.80000000000291	1
67.30000000000291	25
67.40000000000146	84
67.59999999999854	27
67.59999999999854	68
67.80000000000291	5
68.20000000000437	28
68.40000000000146	98
68.0	65
70.30000000000291	14
70.59999999999854	80
70.59999999999854	13
70.59999999999854	2
70.59999999999854	66
70.59999999999854	11
70.59999999999854	71
70.70000000000437	88
70.70000000000437	97
70.80000000000291	87
72.40000000000146	31
72.40000000000146	47
72.5	16
72.80000000000291	91
72.80000000000291	96
72.80000000000291	17
73.0	94
73.0	6
73.0	93
73.09999999999854	45
73.70000000000437	90
74.70000000000437	76
74.80000000000291	65
75.0	20
75.40000000000146	26
75.59999999999854	58
75.59999999999854	9
75.59999999999854	21
75.59999999999854	77
75.70000000000437	15
75.70000000000437	95
75.70000000000437	32
75.70000000000437	99
75.80000000000291	69
77.5	37
77.5	79
77.59999999999854	82
77.70000000000437	36
77.80000000000291	68
77.80000000000291	10
78.30000000000291	24
78.09999999999854	61
78.80000000000291	50
78.80000000000291	31
80.20000000000437	56
80.09999999999854	2
80.09999999999854	75
80.5	80
80.5	34
80.5	40
80.70000000000437	42
80.70000000000437	41
80.80000000000291	25
80.80000000000291	54
81.30000000000291	13
81.0	93
81.20000000000437	17
82.59999999999854	16
82.59999999999854	97
82.59999999999854	86
82.80000000000291	94
83.5	43
83.5	57
83.0	74
83.09999999999854	45
83.09999999999854	22
83.80000000000291	90
84.0	88
84.59999999999854	72
84.70000000000437	95
85.80000000000291	66
86.0	85
86.0	30
86.09999999999854	28
86.09999999999854	7
86.20000000000437	58
86.20000000000437	46
86.30000000000291	92
87.59999999999854	54
87.59999999999854	71
87.59999999999854	34
87.70000000000437	89
87.70000000000437	79
88.09999999999854	63
88.40000000000146	68
88.5	15
88.5	33
88.5	67
88.70000000000437	29
88.70000000000437	13
89.0	31
89.09999999999854	21
90.20000000000437	94
90.20000000000437	10
90.20000000000437	25
90.20000000000437	56
90.20000000000437	23
90.59999999999854	1
90.70000000000437	12
91.0	16
91.40000000000146	57
92.70000000000437	70
92.70000000000437	36
92.70000000000437	65
93.0	19
93.09999999999854	40
93.09999999999854	86
93.20000000000437	2
93.20000000000437	20
93.20000000000437	45
93.5	61
93.70000000000437	90
94.0	85
94.09999999999854	42
94.09999999999854	35
94.70000000000437	95
95.20000000000437	68
95.20000000000437	93
95.20000000000437	11
95.30000000000291	48
96.09999999999854	37
96.40000000000146	76
97.09999999999854	54
97.80000000000291	38
98.0	7
98.0	91
98.0	46
98.09999999999854	21
98.09999999999854	29
98.09999999999854	39
98.09999999999854	15
98.20000000000437	82
98.30000000000291	98
98.30000000000291	84
98.80000000000291	50
99.0	63
99.09999999999854	79
100.20000000000437	94
100.30000000000291	27
100.30000000000291	25
100.30000000000291	75
101.09999999999854	69
101.5	33
101.80000000000291	8
102.5	77
102.5	48
102.80000000000291	65
102.80000000000291	61
103.09999999999854	32
103.09999999999854	10
103.09999999999854	92
103.09999999999854	74
103.09999999999854	49
103.20000000000437	16
103.80000000000291	83
104.5	90
104.09999999999854	45
105.40000000000146	31
105.20000000000437	18
105.30000000000291	22
105.30000000000291	37
105.40000000000146	93
105.40000000000146	59
105.40000000000146	38
105.40000000000146	4
106.5	19
106.59999999999854	2
106.59999999999854	95
106.59999999999854	36
107.09999999999854	21
107.20000000000437	30
108.5	69
108.09999999999854	12
108.20000000000437	28
108.20000000000437	17
108.20000000000437	76
108.30000000000291	91
109.59999999999854	99
109.09999999999854	10
109.20000000000437	97
109.80000000000291	94
110.30000000000291	89
110.0	15
110.40000000000146	66
110.5	71
111.0	16
111.59999999999854	77
111.59999999999854	32
111.59999999999854	29
111.80000000000291	65
112.0	19
112.80000000000291	45
113.30000000000291	5
113.30000000000291	57
113.30000000000291	79
113.30000000000291	49
113.30000000000291	96
114.0	3
115.09999999999854	73
115.09999999999854	11
115.09999999999854	68
115.09999999999854	6
115.09999999999854	74
115.5	62
115.5	7
116.59999999999854	36
116.59999999999854	35
116.70000000000437	39
116.70000000000437	63
116.70000000000437	70
117.70000000000437	86
117.5	69
118.09999999999854	55
118.30000000000291	90
118.30000000000291	31
118.30000000000291	97
118.40000000000146	1
118.40000000000146	95
119.5	76
119.0	37
119.09999999999854	21
120.0	49
120.70000000000437	65
120.0	14
120.0	75
120.0	92
120.09999999999854	2
120.59999999999854	27
120.59999999999854	24
120.59999999999854	30
120.70000000000437	11
121.70000000000437	54
121.70000000000437	16
121.80000000000291	84
122.0	33
122.5	13
122.80000000000291	45
123.40000000000146	73
123.40000000000146	71
123.5	57
123.5	79
123.5	48
123.59999999999854	66
123.70000000000437	31
125.59999999999854	5
125.09999999999854	17
125.09999999999854	56
125.09999999999854	74
125.20000000000437	22
125.30000000000291	37
125.59999999999854	12
126.09999999999854	70
126.09999999999854	39
126.80000000000291	35
126.80000000000291	92
126.80000000000291	46
127.09999999999854	95
127.09999999999854	63
127.59999999999854	69
128.5	18
128.5	97
128.5	19
128.59999999999854	59
128.70000000000437	14
128.70000000000437	28
128.8000000000029	94
129.3000000000029	30
130.0	62
130.0	65
130.09999999999854	21
130.09999999999854	91
131.09999999999854	76
131.09999999999854	20
131.20000000000437	50
131.3000000000029	55
131.8000000000029	16
131.8000000000029	25
132.40000000000146	56
132.5	67
132.8000000000029	45
133.59999999999854	1
133.59999999999854	48
133.59999999999854	71
133.59999999999854	86
133.70000000000437	24
133.8000000000029	35
134.70000000000437	95
134.8000000000029	94
135.09999999999854	83
135.09999999999854	54
135.09999999999854	34
135.09999999999854	49
135.3000000000029	18
136.20000000000437	5
136.20000000000437	2
136.20000000000437	12
136.3000000000029	52
137.40000000000146	92
137.09999999999854	51
137.20000000000437	36
137.20000000000437	6
137.3000000000029	70
138.70000000000437	38
138.70000000000437	99
138.8000000000029	93
139.20000000000437	89
139.8000000000029	76
140.20000000000437	30
140.09999999999854	64
140.20000000000437	42
140.20000000000437	82
140.20000000000437	32
140.8000000000029	73
141.0	16
141.20000000000437	41
141.20000000000437	20
141.20000000000437	22
141.3000000000029	86
141.40000000000146	68
141.40000000000146	63
142.0	14
142.20000000000437	17
142.20000000000437	65
142.3000000000029	97
143.70000000000437	75
143.8000000000029	11
144.8000000000029	61
145.70000000000437	90
145.70000000000437	37
145.70000000000437	25
145.70000000000437	23
145.70000000000437	59
145.70000000000437	94
145.70000000000437	44
145.70000000000437	62
145.70000000000437	38
146.3000000000029	47
146.3000000000029	45
146.3000000000029	54
146.3000000000029	2
146.3000000000029	39
146.3000000000029	83
146.3000000000029	84
147.09999999999854	42
147.0	57
147.09999999999854	21
147.5	19
148.8000000000029	12
148.8000000000029	15
149.8000000000029	72
149.8000000000029	74
150.8000000000029	30
150.09999999999854	13
150.3000000000029	95
150.3000000000029	93
150.3000000000029	63
150.3000000000029	97
150.70000000000437	11
151.20000000000437	17
151.3000000000029	24
151.40000000000146	55
151.40000000000146	22
151.40000000000146	70
151.8000000000029	44
152.8000000000029	53
152.0	62
152.09999999999854	16
152.20000000000437	76
152.40000000000146	86
154.40000000000146	36
154.09999999999854	12
155.09999999999854	71
155.09999999999854	94
155.20000000000437	81
155.20000000000437	52
155.3000000000029	100
155.40000000000146	92
156.3000000000029	77
156.3000000000029	65
156.40000000000146	54
156.5	90
156.59999999999854	39
157.09999999999854	93
157.5	32
157.0	10
157.0	23
157.0	6
157.0	51
157.09999999999854	99
157.20000000000437	57
157.20000000000437	96
157.20000000000437	46
157.40000000000146	83
157.40000000000146	41
160.40000000000146	73
160.40000000000146	45
160.40000000000146	97
160.40000000000146	69
161.5	11
161.5	28
161.5	56
161.5	16
161.5	24
161.5	14
161.5	22
161.59999999999854	79
162.40000000000146	44
162.40000000000146	62
162.3000000000029	63
162.3000000000029	95
162.3000000000029	76
162.40000000000146	18
162.40000000000146	13
163.0	26
163.0	34
164.8000000000029	94
165.3000000000029	50
165.40000000000146	21
165.40000000000146	36
165.40000000000146	38
165.40000000000146	92
165.59999999999854	1
166.40000000000146	30
166.40000000000146	20
166.40000000000146	17
166.5	12
166.5	83
167.0	49
167.09999999999854	54
167.09999999999854	53
167.20000000000437	56
167.20000000000437	24
167.3000000000029	57
167.40000000000146	73
167.59999999999854	10
169.59999999999854	63
169.8000000000029	71
170.40000000000146	5
170.40000000000146	41
170.5	89
170.59999999999854	13
170.59999999999854	97
170.59999999999854	98
170.70000000000437	91
170.70000000000437	11
171.0	46
171.5	77
171.5	50
171.8000000000029	68
171.8000000000029	31
172.09999999999854	22
172.20000000000437	28
172.20000000000437	75
173.5	57
174.8000000000029	32
175.5	86
175.5	65
175.5	26
175.5	59
175.59999999999854	39
175.59999999999854	48
175.59999999999854	33
175.59999999999854	43
175.59999999999854	92
176.0	16
176.5	18
176.59999999999854	60
176.59999999999854	45
176.70000000000437	12
176.70000000000437	94
176.8000000000029	62
177.20000000000437	2
178.5	96
178.59999999999854	46
178.0	71
179.09999999999854	54
179.70000000000437	23
179.70000000000437	49
179.70000000000437	84
179.70000000000437	13
179.8000000000029	82
180.40000000000146	47
180.40000000000146	95
180.40000000000146	14
180.40000000000146	87
180.59999999999854	100
180.59999999999854	17
180.59999999999854	97
181.59999999999854	11
181.59999999999854	73
181.70000000000437	56
181.8000000000029	42
182.59999999999854	31
182.3000000000029	15
182.40000000000146	76
183.59999999999854	22
184.0	32
184.8000000000029	7
184.8000000000029	50
184.8000000000029	20
185.09999999999854	16
185.70000000000437	38
185.5	89
185.59999999999854	39
185.70000000000437	48
185.70000000000437	26
185.70000000000437	35
185.70000000000437	49
185.70000000000437	63
186.3000000000029	30
186.70000000000437	4
186.8000000000029	37
186.8000000000029	87
186.8000000000029	12
186.8000000000029	47
187.40000000000146	57
187.40000000000146	73
188.70000000000437	40
189.09999999999854	55
189.8000000000029	45
190.70000000000437	93
190.70000000000437	69
190.09999999999854	17
190.09999999999854	42
190.8000000000029	2
190.8000000000029	14
190.8000000000029	9
190.8000000000029	33
190.8000000000029	66
190.8000000000029	5
190.8000000000029	41
190.8000000000029	38
191.59999999999854	99
191.20000000000437	70
191.20000000000437	15
192.5	94
192.5	62
192.5	39
192.59999999999854	89
193.70000000000437	43
194.09999999999854	12
194.09999999999854	65
194.3000000000029	32
195.3000000000029	50
195.59999999999854	63
195.70000000000437	11
195.0	97
195.0	81
195.0	49
195.0	16
195.8000000000029	91
195.8000000000029	71
195.8000000000029	86
195.8000000000029	3
195.8000000000029	57
195.8000000000029	9
195.8000000000029	47
196.0	22
196.8000000000029	27
197.5	73
198.8000000000029	82
199.3000000000029	23
200.0	92
200.0	21
200.0	88
200.0	56
200.0	99
200.0	37
200.09999999999854	10
200.09999999999854	38
200.09999999999854	78
200.09999999999854	28
200.09999999999854	24
201.8000000000029	94
201.3000000000029	54
201.40000000000146	42
201.5	17
201.5	77
201.5	66
201.09999999999854	95
201.09999999999854	7
201.09999999999854	1
201.3000000000029	15
201.59999999999854	16
202.20000000000437	46
202.3000000000029	14
204.09999999999854	5
204.09999999999854	12
205.40000000000146	41
205.40000000000146	13
205.40000000000146	51
205.40000000000146	50
205.40000000000146	57
205.40000000000146	11
205.59999999999854	39
205.70000000000437	47
206.8000000000029	2
206.8000000000029	22
206.0	96
206.0	65
206.0	23
206.0	62
206.0	97
206.0	32
206.0	4
206.0	49
206.09999999999854	43
206.40000000000146	70
207.8000000000029	63
208.8000000000029	46
209.70000000000437	42
209.8000000000029	66
210.09999999999854	31
210.09999999999854	17
210.09999999999854	91
210.20000000000437	85
210.20000000000437	38
210.20000000000437	21
210.20000000000437	73
210.20000000000437	45
210.3000000000029	52
211.0	76
211.0	11
211.09999999999854	10
211.09999999999854	1
211.09999999999854	77
211.09999999999854	58
211.5	60
212.0	26
212.0	29
215.0	65
215.09999999999854	49
215.20000000000437	53
215.70000000000437	22
215.20000000000437	12
215.20000000000437	35
215.20000000000437	7
215.3000000000029	24
215.3000000000029	6
215.3000000000029	13
215.3000000000029	36
215.3000000000029	82
215.3000000000029	63
215.3000000000029	16
215.40000000000146	78
215.8000000000029	47
216.09999999999854	96
216.09999999999854	83
216.09999999999854	98
216.20000000000437	57
217.20000000000437	42
217.40000000000146	73
217.40000000000146	1
217.8000000000029	45
220.0	68
220.0	62
221.20000000000437	17
221.3000000000029	40
221.40000000000146	30
221.40000000000146	38
221.40000000000146	23
221.5	15
221.5	34
221.5	9
221.5	2
221.59999999999854	29
221.8000000000029	14
221.0	69
221.20000000000437	76
221.20000000000437	5
221.20000000000437	39
221.20000000000437	61
222.8000000000029	4
222.70000000000437	66
222.70000000000437	25
222.70000000000437	19
223.3000000000029	50
223.5	57
224.59999999999854	63
225.09999999999854	75
225.40000000000146	43
225.40000000000146	37
225.40000000000146	51
225.40000000000146	78
225.5	35
225.5	89
225.5	96
225.5	95
225.5	36
225.5	12
225.5	27
226.3000000000029	65
226.5	24
227.20000000000437	42
227.0	62
227.40000000000146	1
227.59999999999854	11
227.59999999999854	10
227.59999999999854	52
228.5	31
228.59999999999854	86
228.59999999999854	17
229.70000000000437	33
230.40000000000146	9
230.5	90
230.5	47
230.5	23
230.5	97
230.59999999999854	22
230.59999999999854	92
230.59999999999854	76
230.59999999999854	20
230.59999999999854	99
230.59999999999854	45
231.3000000000029	51
231.59999999999854	87
232.09999999999854	56
232.20000000000437	24
232.5	32
232.5	35
232.5	88
232.59999999999854	19
232.59999999999854	28
233.59999999999854	82
233.59999999999854	57
233.59999999999854	66
235.5	39
235.59999999999854	60
235.59999999999854	78
235.59999999999854	93
235.59999999999854	65
235.59999999999854	37
235.59999999999854	95
235.59999999999854	53
235.59999999999854	73
235.59999999999854	16
235.70000000000437	79
235.70000000000437	41
237.3000000000029	42
237.09999999999854	62
237.20000000000437	14
237.59999999999854	12
238.3000000000029	71
238.3000000000029	72
238.5	55
238.70000000000437	5
238.70000000000437	31
238.70000000000437	43
238.70000000000437	17
240.5	22
240.40000000000146	97
240.59999999999854	3
240.70000000000437	11
240.70000000000437	32
240.70000000000437	10
240.70000000000437	45
240.8000000000029	76
241.70000000000437	4
241.70000000000437	29
241.70000000000437	21
241.70000000000437	47
241.0	46
242.0	81
242.20000000000437	28
242.5	35
242.70000000000437	66
242.8000000000029	49
243.0	73
243.70000000000437	16
243.8000000000029	9
245.3000000000029	41
245.40000000000146	72
245.70000000000437	87
245.70000000000437	78
245.70000000000437	74
245.70000000000437	34
245.70000000000437	19
245.8000000000029	60
245.8000000000029	59
246.09999999999854	37
246.20000000000437	30
247.20000000000437	42
247.40000000000146	14
247.0	88
247.0	62
248.5	57
248.20000000000437	98
248.5	45
248.70000000000437	55
248.8000000000029	79
249.3000000000029	3
249.0	96
250.8000000000029	97
250.8000000000029	9
250.8000000000029	1
250.8000000000029	8
250.8000000000029	51
250.8000000000029	28
250.8000000000029	90
251.40000000000146	83
251.20000000000437	54
251.3000000000029	71
251.3000000000029	20
251.0	58
251.0	46
252.70000000000437	19
252.70000000000437	15
252.70000000000437	75
252.70000000000437	29
253.40000000000146	12
253.40000000000146	31
254.09999999999854	84
254.09999999999854	74
254.70000000000437	56
254.8000000000029	92
255.40000000000146	96
255.40000000000146	49
255.5	50
255.70000000000437	3
255.8000000000029	17
256.3000000000029	81
256.0	61
256.0	93
256.0	13
256.0	99
257.0	4
257.0	6
257.0	85
257.0	10
257.09999999999854	38
258.0	70
259.40000000000146	79
259.0	34
259.09999999999854	95
259.09999999999854	73
259.09999999999854	24
260.3000000000029	29
260.5	32
260.70000000000437	28
260.70000000000437	83
260.8000000000029	9
260.8000000000029	57
261.5	45
261.59999999999854	78
261.0	5
261.0	42
262.09999999999854	75
262.09999999999854	63
262.09999999999854	77
262.09999999999854	19
262.20000000000437	97
263.0	22
264.0	20
264.0	25
264.0	16
264.09999999999854	84
264.09999999999854	40
265.40000000000146	35
265.70000000000437	13
265.8000000000029	66
265.8000000000029	31
266.3000000000029	30
266.5	53
267.20000000000437	60
267.20000000000437	49
267.20000000000437	52
267.20000000000437	46
267.20000000000437	48
267.20000000000437	99
267.20000000000437	62
267.3000000000029	24
267.40000000000146	6
268.09999999999854	50
269.40000000000146	73
269.40000000000146	12
269.40000000000146	64
269.40000000000146	47
269.40000000000146	96
269.5	56
269.5	94
269.59999999999854	39
270.8000000000029	27
271.40000000000146	10
271.0	81
271.09999999999854	34
271.09999999999854	45
271.09999999999854	97
271.09999999999854	51
271.20000000000437	42
271.20000000000437	54
272.20000000000437	95
272.20000000000437	70
272.3000000000029	83
272.3000000000029	82
272.3000000000029	11
272.59999999999854	57
273.09999999999854	78
274.09999999999854	59
274.09999999999854	79
274.09999999999854	92
274.09999999999854	74
274.09999999999854	29
274.20000000000437	22
274.20000000000437	90
274.20000000000437	85
274.20000000000437	77
274.3000000000029	28
275.70000000000437	19
276.09999999999854	36
276.20000000000437	66
276.20000000000437	53
276.3000000000029	14
277.40000000000146	81
277.3000000000029	18
277.3000000000029	30
277.40000000000146	25
277.40000000000146	49
277.5	63
277.59999999999854	48
277.70000000000437	73
277.70000000000437	23
279.09999999999854	86
279.20000000000437	20
279.20000000000437	17
279.3000000000029	75
279.40000000000146	64
279.40000000000146	50
280.3000000000029	29
280.70000000000437	94
281.20000000000437	71
281.20000000000437	28
281.3000000000029	93
281.3000000000029	67
281.3000000000029	27
282.0	13
282.70000000000437	24
282.70000000000437	85
282.70000000000437	40
282.70000000000437	9
282.70000000000437	19
282.8000000000029	44
282.8000000000029	65
284.5	31
284.59999999999854	74
284.59999999999854	14
284.8000000000029	46
285.20000000000437	49
285.40000000000146	39
285.40000000000146	84
286.09999999999854	2
286.3000000000029	34
286.3000000000029	25
286.40000000000146	22
286.40000000000146	83
287.0	81
287.0	78
287.0	42
287.09999999999854	6
287.40000000000146	61
287.5	41
287.70000000000437	57
289.3000000000029	53
289.40000000000146	23
289.59999999999854	75
289.59999999999854	64
290.3000000000029	87
290.70000000000437	11
290.09999999999854	97
290.5	29
291.09999999999854	4
291.0	51
291.3000000000029	89
291.40000000000146	10
291.40000000000146	73
291.5	21
292.8000000000029	38
292.09999999999854	50
292.20000000000437	56
292.20000000000437	1
292.59999999999854	44
293.8000000000029	31
294.40000000000146	14
294.40000000000146	28
294.5	65
294.5	85
294.5	36
295.0	22
295.0	9
295.0	74
295.0	60
295.0	49
295.0	80
295.59999999999854	37
295.59999999999854	84
296.59999999999854	92
296.0	57
296.40000000000146	19
296.5	16
296.5	2
297.0	17
297.0	96
297.09999999999854	24
297.20000000000437	21
297.20000000000437	42
297.20000000000437	13
298.0	73
299.40000000000146	100
299.40000000000146	34
299.5	83
299.59999999999854	10
300.09999999999854	63
300.09999999999854	86
300.09999999999854	87
301.09999999999854	70
301.09999999999854	53
301.09999999999854	52
301.09999999999854	3
301.20000000000437	47
301.59999999999854	4
302.09999999999854	38
302.09999999999854	24
302.20000000000437	75
302.20000000000437	85
302.20000000000437	81
302.20000000000437	91
302.3000000000029	35
304.5	89
304.5	93
304.5	65
304.59999999999854	5
304.70000000000437	11
304.8000000000029	27
305.20000000000437	19
305.59999999999854	49
305.20000000000437	60
305.70000000000437	23
305.8000000000029	39
305.8000000000029	45
306.09999999999854	82
306.09999999999854	56
306.20000000000437	18
306.59999999999854	61
307.5	34
307.09999999999854	6
307.20000000000437	88
307.20000000000437	28
307.20000000000437	78
307.40000000000146	37
309.59999999999854	51
309.59999999999854	31
309.59999999999854	53
309.70000000000437	29
309.70000000000437	96
309.8000000000029	64
309.8000000000029	50
310.0	73
310.70000000000437	11
310.8000000000029	86
310.8000000000029	36
311.20000000000437	65
311.59999999999854	17
311.70000000000437	38
312.5	81
312.0	27
312.09999999999854	24
312.20000000000437	47
312.70000000000437	97
312.8000000000029	14
312.8000000000029	71
313.5	82
313.5	40
313.8000000000029	19
314.70000000000437	8
314.70000000000437	45
314.70000000000437	84
314.70000000000437	39
314.70000000000437	56
314.70000000000437	13
315.3000000000029	49
315.5	16
316.0	63
316.20000000000437	60
316.20000000000437	57
316.70000000000437	18
317.09999999999854	1
317.09999999999854	85
317.20000000000437	66
317.20000000000437	99
317.20000000000437	78
317.3000000000029	43
317.40000000000146	50
317.40000000000146	95
317.5	34
317.59999999999854	100
317.59999999999854	73
317.59999999999854	62
319.70000000000437	51
319.8000000000029	75
319.8000000000029	25
319.8000000000029	22
320.0	91
320.0	74
320.3000000000029	84
321.40000000000146	23
321.0	36
321.3000000000029	9
321.3000000000029	31
321.70000000000437	83
321.8000000000029	61
321.8000000000029	35
321.8000000000029	76
322.09999999999854	86
322.3000000000029	10
322.40000000000146	37
322.5	98
322.8000000000029	89
324.8000000000029	2
324.8000000000029	88
325.3000000000029	56
325.09999999999854	41
325.09999999999854	16
325.09999999999854	97
325.09999999999854	96
325.40000000000146	27
326.0	63
326.0	39
326.40000000000146	87
326.40000000000146	29
326.8000000000029	54
326.8000000000029	11
327.40000000000146	99
327.5	24
327.59999999999854	34
328.20000000000437	73
328.20000000000437	45
328.20000000000437	7
328.20000000000437	40
328.20000000000437	85
329.3000000000029	18
330.40000000000146	51
330.5	17
330.59999999999854	81
330.59999999999854	14
330.59999999999854	75
330.8000000000029	94
330.0	78
330.09999999999854	100
331.3000000000029	23
331.3000000000029	84
331.59999999999854	49
332.0	97
332.09999999999854	77
332.3000000000029	31
332.3000000000029	38
332.0	5
332.0	65
332.09999999999854	54
332.5	35
332.5	36
332.5	10
332.70000000000437	67
334.3000000000029	88
335.0	53
335.0	79
335.0	25
335.0	41
335.0	91
335.0	24
335.8000000000029	51
336.09999999999854	63
336.09999999999854	87
336.5	3
337.70000000000437	40
337.70000000000437	55
337.0	62
337.09999999999854	56
337.20000000000437	20
337.59999999999854	69
337.70000000000437	50
337.70000000000437	27
338.59999999999854	36
339.3000000000029	71
339.3000000000029	75
340.09999999999854	61
340.09999999999854	78
340.09999999999854	1
340.09999999999854	42
340.09999999999854	98
340.09999999999854	29
340.09999999999854	4
340.09999999999854	85
340.40000000000146	97
340.8000000000029	34
341.20000000000437	11
342.0	82
342.20000000000437	21
342.20000000000437	65
342.8000000000029	93
342.8000000000029	45
343.09999999999854	14
343.09999999999854	37
343.40000000000146	79
343.5	67
343.59999999999854	41
344.40000000000146	15
344.59999999999854	63
345.0	16
345.0	73
345.09999999999854	28
345.20000000000437	24
345.20000000000437	91
345.3000000000029	43
345.5	100
345.5	96
345.5	60
346.59999999999854	83
347.0	75
347.09999999999854	40
347.20000000000437	72
347.20000000000437	56
347.20000000000437	76
347.3000000000029	87
347.70000000000437	17
347.8000000000029	50
347.8000000000029	38
348.09999999999854	45
348.59999999999854	13
349.5	8
349.5	39
349.5	62
349.5	25
350.3000000000029	26
350.40000000000146	97
350.40000000000146	27
350.40000000000146	29
350.40000000000146	35
350.5	6
350.59999999999854	55
352.0	46
352.09999999999854	49
352.09999999999854	24
352.20000000000437	1
352.3000000000029	41
352.40000000000146	65
352.8000000000029	93
353.70000000000437	10
353.0	86
353.0	71
354.5	85
354.5	69
354.59999999999854	57
355.0	16
355.0	40
355.3000000000029	20
355.40000000000146	100
355.5	60
355.5	38
355.59999999999854	21
355.59999999999854	73
357.5	75
357.09999999999854	56
357.20000000000437	66
357.20000000000437	91
357.3000000000029	26
357.3000000000029	14
357.3000000000029	61
357.40000000000146	42
358.0	82
358.0	17
358.0	33
359.8000000000029	64
359.8000000000029	39
359.8000000000029	11
360.20000000000437	25
360.09999999999854	44
360.09999999999854	89
360.20000000000437	10
360.70000000000437	4
360.70000000000437	54
360.70000000000437	72
360.70000000000437	12
360.70000000000437	3
361.40000000000146	18
361.40000000000146	55
361.70000000000437	48
362.0	52
362.0	16
362.0	46
362.3000000000029	85
363.20000000000437	27
363.20000000000437	49
363.20000000000437	28
363.20000000000437	50
363.5	57
364.70000000000437	61
364.70000000000437	69
364.70000000000437	45
365.40000000000146	91
365.20000000000437	40
365.40000000000146	35
365.40000000000146	74
365.40000000000146	8
365.70000000000437	100
365.8000000000029	78
365.8000000000029	11
365.8000000000029	15
365.8000000000029	86
365.8000000000029	73
366.0	81
367.5	75
367.0	41
368.09999999999854	84
368.09999999999854	66
369.20000000000437	10
369.40000000000146	55
369.8000000000029	36
370.40000000000146	49
370.0	26
370.5	51
370.5	48
370.59999999999854	72
370.70000000000437	28
370.8000000000029	92
370.8000000000029	65
370.8000000000029	62
370.8000000000029	56
370.8000000000029	18
371.40000000000146	97
371.0	24
371.3000000000029	86
372.09999999999854	16
372.20000000000437	85
372.8000000000029	61
373.20000000000437	54
373.3000000000029	31
374.5	73
375.3000000000029	45
375.0	14
375.3000000000029	41
375.40000000000146	46
375.5	67
375.5	7
375.5	84
375.5	5
375.59999999999854	19
375.70000000000437	37
376.09999999999854	66
376.20000000000437	43
376.20000000000437	59
376.20000000000437	78
376.3000000000029	40
377.0	81
377.20000000000437	58
377.3000000000029	82
377.59999999999854	76
378.20000000000437	100
379.5	93
379.59999999999854	29
380.09999999999854	94
380.09999999999854	9
380.40000000000146	52
380.70000000000437	20
380.70000000000437	23
380.8000000000029	75
380.8000000000029	11
380.8000000000029	50
380.8000000000029	26
381.0	27
381.40000000000146	8
381.8000000000029	4
381.8000000000029	56
381.0	31
381.0	16
381.09999999999854	64
381.09999999999854	38
381.20000000000437	86
382.3000000000029	49
382.3000000000029	79
382.5	73
383.0	1
384.0	40
384.59999999999854	60
385.09999999999854	35
385.20000000000437	7
385.40000000000146	41
385.5	97
385.70000000000437	44
385.8000000000029	72
386.0	24
386.0	78
386.0	98
386.0	39
386.0	81
386.0	36
386.0	11
386.09999999999854	91
386.09999999999854	15
387.20000000000437	56
387.40000000000146	9
387.5	17
387.59999999999854	18
388.59999999999854	8
390.5	52
390.5	28
390.59999999999854	66
390.59999999999854	59
390.59999999999854	47
391.3000000000029	48
391.3000000000029	5
391.5	71
391.0	43
391.0	79
391.09999999999854	19
391.59999999999854	27
391.59999999999854	31
392.20000000000437	64
392.20000000000437	81
392.3000000000029	22
392.3000000000029	24
392.3000000000029	75
392.3000000000029	14
392.59999999999854	73
392.59999999999854	65
393.70000000000437	63
394.3000000000029	1
394.5	38
394.59999999999854	16
394.70000000000437	49
394.70000000000437	87
394.8000000000029	83
395.0	91
395.59999999999854	86
396.5	41
396.5	7
396.59999999999854	61
396.59999999999854	35
396.09999999999854	11
396.20000000000437	77
396.20000000000437	69
396.20000000000437	44
396.20000000000437	72
397.0	75
397.20000000000437	58
397.20000000000437	97
397.3000000000029	36
397.59999999999854	25
397.59999999999854	17
397.59999999999854	21
397.70000000000437	88
397.70000000000437	18
398.70000000000437	8
399.09999999999854	98
399.20000000000437	57
399.20000000000437	89
399.3000000000029	39
399.8000000000029	59
399.8000000000029	5
401.0	37
401.0	49
401.20000000000437	71
401.20000000000437	56
401.20000000000437	86
401.40000000000146	48
401.5	46
402.3000000000029	44
402.3000000000029	50
402.70000000000437	31
402.70000000000437	93
402.70000000000437	24
402.70000000000437	16
402.70000000000437	45
403.70000000000437	27
404.3000000000029	28
404.3000000000029	64
404.3000000000029	73
404.8000000000029	1
405.3000000000029	41
405.40000000000146	97
407.0	75
407.0	61
407.0	63
407.0	81
407.0	65
407.0	59
407.0	11
407.09999999999854	54
407.40000000000146	56
408.3000000000029	21
408.40000000000146	47
408.5	39
408.59999999999854	15
408.59999999999854	14
408.70000000000437	19
408.59999999999854	26
408.59999999999854	9
408.8000000000029	36
409.40000000000146	58
410.8000000000029	7
410.8000000000029	83
411.3000000000029	33
411.09999999999854	45
411.09999999999854	20
411.3000000000029	18
411.3000000000029	4
411.3000000000029	50
411.3000000000029	68
412.0	31
412.09999999999854	54
412.5	73
412.8000000000029	46
412.8000000000029	16
413.8000000000029	38
413.0	92
414.40000000000146	87
414.40000000000146	5
415.40000000000146	97
415.8000000000029	72
416.09999999999854	10
416.5	86
416.09999999999854	29
416.20000000000437	44
416.20000000000437	76
416.5	98
416.5	61
416.5	11
416.5	37
417.09999999999854	56
417.40000000000146	7
418.70000000000437	14
418.0	40
418.0	64
418.0	63
418.5	36
419.0	31
419.5	66
420.5	45
420.5	34
421.20000000000437	16
421.20000000000437	27
421.20000000000437	71
421.20000000000437	75
421.20000000000437	17
421.20000000000437	82
421.40000000000146	9
421.5	19
421.5	33
421.5	20
421.5	58
421.5	21
421.5	4
422.20000000000437	81
423.0	73
423.40000000000146	83
423.5	22
423.0	12
424.0	64
424.5	46
425.70000000000437	63
425.5	95
425.5	18
425.59999999999854	88
426.59999999999854	11
426.0	57
426.20000000000437	26
426.3000000000029	37
426.3000000000029	67
426.5	97
426.5	80
426.5	8
426.59999999999854	98
426.59999999999854	44
426.59999999999854	49
426.59999999999854	84
426.59999999999854	5
427.3000000000029	55
427.3000000000029	86
428.0	75
428.0	29
428.09999999999854	13
428.59999999999854	51
428.59999999999854	89
429.70000000000437	24
429.70000000000437	52
429.70000000000437	66
430.5	61
430.59999999999854	28
431.0	48
431.3000000000029	15
431.3000000000029	92
431.59999999999854	12
431.59999999999854	36
431.59999999999854	23
431.70000000000437	19
431.70000000000437	91
432.40000000000146	83
433.0	70
433.0	77
433.09999999999854	65
433.20000000000437	40
433.20000000000437	56
433.20000000000437	50
433.70000000000437	99
433.70000000000437	44
434.70000000000437	63
434.70000000000437	25
434.8000000000029	55
434.8000000000029	4
436.09999999999854	49
436.09999999999854	8
436.09999999999854	11
437.09999999999854	31
437.09999999999854	28
437.09999999999854	67
437.09999999999854	5
437.09999999999854	66
437.09999999999854	80
437.70000000000437	89
437.8000000000029	61
438.09999999999854	84
438.09999999999854	58
438.09999999999854	57
438.3000000000029	78
438.3000000000029	37
438.3000000000029	27
439.0	16
439.70000000000437	53
439.70000000000437	73
439.70000000000437	100
439.70000000000437	18
439.8000000000029	52
439.8000000000029	24
440.0	91
440.0	21
440.8000000000029	9
441.40000000000146	48
441.40000000000146	75
441.5	97
441.8000000000029	19
441.8000000000029	10
442.70000000000437	44
442.70000000000437	71
443.09999999999854	36
443.09999999999854	1
443.09999999999854	15
443.20000000000437	79
443.3000000000029	23
443.40000000000146	87
443.8000000000029	29
444.8000000000029	7
444.8000000000029	34
444.8000000000029	54
445.20000000000437	47
445.59999999999854	33
445.0	77
445.0	17
445.09999999999854	85
446.70000000000437	8
446.8000000000029	51
446.8000000000029	93
447.0	80
447.0	96
447.40000000000146	55
447.70000000000437	89
447.8000000000029	68
448.20000000000437	20
448.20000000000437	27
448.20000000000437	32
448.20000000000437	45
448.20000000000437	73
448.20000000000437	49
448.20000000000437	48
448.40000000000146	40
448.40000000000146	14
448.40000000000146	92
448.5	36
449.3000000000029	25
450.0	35
450.0	74
450.0	98
450.0	79
450.0	2
450.09999999999854	30
452.20000000000437	77
452.20000000000437	39
452.20000000000437	52
452.3000000000029	66
452.3000000000029	71
453.0	38
453.20000000000437	90
453.20000000000437	63
453.3000000000029	31
453.3000000000029	44
453.3000000000029	69
453.3000000000029	56
453.3000000000029	16
453.3000000000029	87
453.8000000000029	22
453.8000000000029	60
453.8000000000029	84
455.8000000000029	23
455.0	53
455.20000000000437	88
457.8000000000029	86
457.8000000000029	81
458.20000000000437	57
458.3000000000029	15
458.3000000000029	9
458.3000000000029	62
458.5	67
459.0	70
463.09999999999854	6
463.5	46
