0.0	98
1.3000000000029104	98
2.400000000001455	96
2.400000000001455	98
3.6000000000058208	96
4.0	98
4.900000000001455	96
5.100000000005821	98
5.100000000005821	91
6.0	96
6.100000000005821	98
6.100000000005821	91
7.200000000004366	96
7.200000000004366	56
7.30000000000291	91
7.30000000000291	98
7.600000000005821	41
7.900000000001455	80
8.400000000001455	96
8.400000000001455	56
8.5	98
8.5	91
9.10000000000582	41
9.30000000000291	80
9.60000000000582	96
9.60000000000582	98
9.700000000004366	91
9.700000000004366	56
9.900000000001455	41
10.30000000000291	80
11.700000000004366	96
11.700000000004366	91
11.700000000004366	98
11.0	56
11.30000000000291	41
11.400000000001455	45
11.5	69
11.5	80
12.0	56
12.10000000000582	98
12.10000000000582	91
12.200000000004366	99
12.5	96
12.5	90
12.60000000000582	45
12.700000000004366	69
12.900000000001455	80
13.200000000004366	56
13.200000000004366	91
13.200000000004366	98
13.400000000001455	99
13.400000000001455	41
13.700000000004366	19
13.700000000004366	96
13.700000000004366	90
14.0	45
13.900000000001455	69
14.0	80
14.400000000001455	56
14.5	91
14.60000000000582	98
14.60000000000582	41
14.900000000001455	99
15.60000000000582	19
14.900000000001455	90
15.0	96
15.0	5
15.0	45
15.10000000000582	69
15.200000000004366	80
15.700000000004366	91
15.700000000004366	56
16.0	98
16.60000000000582	31
16.700000000004366	99
16.0	90
16.10000000000582	41
16.200000000004366	96
16.200000000004366	45
16.200000000004366	5
16.30000000000291	33
16.30000000000291	69
16.400000000001455	80
16.400000000001455	25
17.0	61
17.5	56
16.900000000001455	98
16.900000000001455	91
17.60000000000582	41
17.60000000000582	33
17.60000000000582	5
17.60000000000582	80
17.60000000000582	45
17.60000000000582	90
17.60000000000582	69
17.60000000000582	64
17.60000000000582	31
17.60000000000582	99
17.60000000000582	25
17.700000000004366	92
18.0	61
18.0	56
18.10000000000582	98
18.10000000000582	91
18.200000000004366	31
18.30000000000291	41
18.30000000000291	3
18.5	5
18.60000000000582	45
18.60000000000582	16
18.700000000004366	33
18.700000000004366	92
19.30000000000291	80
19.30000000000291	91
19.30000000000291	98
19.30000000000291	25
19.30000000000291	69
19.30000000000291	64
19.400000000001455	56
19.400000000001455	61
19.5	19
19.5	31
19.5	41
19.5	3
20.10000000000582	5
20.200000000004366	45
20.30000000000291	80
20.30000000000291	25
20.30000000000291	11
20.30000000000291	69
20.30000000000291	33
20.700000000004366	61
21.10000000000582	64
20.900000000001455	3
21.0	91
21.0	98
21.10000000000582	41
21.10000000000582	31
20.900000000001455	56
20.900000000001455	16
21.200000000004366	11
21.200000000004366	100
21.200000000004366	80
21.200000000004366	19
21.200000000004366	45
21.200000000004366	22
21.200000000004366	33
21.200000000004366	5
21.200000000004366	69
21.60000000000582	17
21.60000000000582	29
21.60000000000582	56
21.700000000004366	64
22.10000000000582	91
22.10000000000582	98
22.5	1
21.900000000001455	25
21.900000000001455	31
21.900000000001455	19
21.900000000001455	41
22.200000000004366	45
22.200000000004366	5
22.200000000004366	100
22.30000000000291	11
22.30000000000291	22
22.400000000001455	33
22.400000000001455	69
22.400000000001455	80
22.5	25
22.5	50
23.30000000000291	17
23.5	29
22.900000000001455	98
22.900000000001455	56
22.900000000001455	99
22.900000000001455	91
23.0	71
23.10000000000582	31
23.10000000000582	19
23.10000000000582	6
23.200000000004366	41
23.400000000001455	45
23.400000000001455	5
23.5	16
23.5	33
23.60000000000582	1
23.60000000000582	80
23.700000000004366	25
24.10000000000582	20
24.10000000000582	50
24.10000000000582	61
24.10000000000582	99
24.10000000000582	91
24.10000000000582	56
24.10000000000582	98
24.200000000004366	66
24.200000000004366	11
24.30000000000291	31
24.30000000000291	41
24.60000000000582	17
24.700000000004366	45
25.30000000000291	33
24.900000000001455	80
24.900000000001455	25
25.200000000004366	71
25.200000000004366	20
25.200000000004366	1
25.30000000000291	50
25.30000000000291	99
25.30000000000291	98
25.30000000000291	5
25.400000000001455	24
25.400000000001455	61
25.5	31
25.5	6
25.5	66
26.200000000004366	16
25.900000000001455	47
26.0	69
26.10000000000582	25
26.10000000000582	80
26.200000000004366	28
26.400000000001455	56
26.400000000001455	22
26.400000000001455	45
26.400000000001455	71
26.400000000001455	33
26.5	18
26.5	1
26.5	99
26.5	3
26.5	20
26.5	98
26.60000000000582	50
26.60000000000582	66
26.60000000000582	41
26.700000000004366	8
26.700000000004366	31
26.700000000004366	35
27.400000000001455	17
27.200000000004366	69
27.200000000004366	28
27.200000000004366	83
27.5	61
27.60000000000582	91
27.60000000000582	22
27.700000000004366	33
27.700000000004366	99
27.700000000004366	64
27.700000000004366	25
27.700000000004366	98
27.700000000004366	35
27.700000000004366	1
27.700000000004366	45
27.700000000004366	71
28.10000000000582	41
27.900000000001455	31
27.900000000001455	18
27.900000000001455	66
28.0	59
28.0	19
28.200000000004366	13
28.30000000000291	68
28.5	28
29.0	20
29.400000000001455	22
29.400000000001455	17
29.700000000004366	83
28.900000000001455	35
28.900000000001455	56
28.900000000001455	80
28.900000000001455	61
28.900000000001455	99
28.900000000001455	98
29.0	41
29.0	8
29.10000000000582	31
29.200000000004366	18
29.200000000004366	66
29.5	13
29.60000000000582	73
29.700000000004366	28
30.0	71
30.0	20
30.0	91
30.0	62
30.0	40
30.10000000000582	80
30.10000000000582	33
30.10000000000582	17
30.10000000000582	83
30.10000000000582	43
30.10000000000582	99
30.10000000000582	35
30.200000000004366	98
30.30000000000291	18
30.30000000000291	78
30.30000000000291	41
30.30000000000291	22
30.30000000000291	25
30.400000000001455	31
30.400000000001455	66
30.900000000001455	28
31.10000000000582	61
31.200000000004366	4
31.200000000004366	71
31.200000000004366	62
31.200000000004366	47
31.30000000000291	99
31.30000000000291	73
31.30000000000291	16
31.30000000000291	98
31.30000000000291	50
31.30000000000291	22
31.400000000001455	80
31.400000000001455	41
31.400000000001455	57
31.5	83
31.5	66
31.5	7
31.5	25
31.5	31
31.60000000000582	1
32.5	18
32.5	78
32.5	28
32.5	91
32.5	13
32.5	61
32.5	74
32.5	71
33.60000000000582	64
33.60000000000582	92
33.60000000000582	22
33.60000000000582	99
33.60000000000582	35
33.60000000000582	66
33.60000000000582	17
33.60000000000582	19
33.60000000000582	28
33.60000000000582	71
33.60000000000582	83
33.60000000000582	78
33.60000000000582	4
33.60000000000582	22
33.60000000000582	31
33.700000000004366	25
33.700000000004366	18
33.700000000004366	50
33.700000000004366	99
33.700000000004366	91
33.700000000004366	13
33.700000000004366	7
34.10000000000582	4
34.200000000004366	1
34.30000000000291	98
34.400000000001455	62
34.400000000001455	62
33.900000000001455	41
33.900000000001455	41
34.30000000000291	17
35.200000000004366	40
35.200000000004366	18
35.200000000004366	50
35.200000000004366	79
35.200000000004366	43
35.200000000004366	19
35.200000000004366	35
35.200000000004366	28
35.200000000004366	68
35.200000000004366	60
35.200000000004366	87
35.200000000004366	6
35.200000000004366	71
35.200000000004366	98
35.200000000004366	62
35.200000000004366	59
35.200000000004366	29
35.200000000004366	51
35.200000000004366	3
35.400000000001455	30
35.400000000001455	57
35.400000000001455	61
35.5	83
35.5	33
35.60000000000582	28
35.900000000001455	57
36.0	47
36.0	95
36.0	62
36.0	15
36.0	82
36.10000000000582	29
36.10000000000582	50
36.10000000000582	20
36.10000000000582	91
36.10000000000582	13
36.10000000000582	24
36.10000000000582	18
36.200000000004366	83
36.200000000004366	35
36.200000000004366	98
36.30000000000291	41
37.200000000004366	68
37.30000000000291	2
37.5	11
37.60000000000582	28
37.5	95
37.5	60
37.5	20
37.5	17
37.5	62
37.5	31
37.5	83
37.5	74
37.60000000000582	19
37.60000000000582	66
37.60000000000582	71
37.60000000000582	76
37.700000000004366	40
37.700000000004366	35
37.700000000004366	24
37.900000000001455	25
37.900000000001455	64
38.0	50
38.10000000000582	18
38.10000000000582	28
38.200000000004366	92
38.200000000004366	4
38.30000000000291	66
38.30000000000291	57
38.400000000001455	79
38.400000000001455	99
38.400000000001455	91
38.400000000001455	95
38.400000000001455	13
38.400000000001455	62
38.5	60
38.5	16
38.5	20
38.5	71
38.5	43
38.5	61
38.5	19
38.5	33
38.5	21
38.60000000000582	35
38.60000000000582	22
38.60000000000582	83
39.10000000000582	98
39.200000000004366	4
39.200000000004366	28
39.400000000001455	92
39.5	55
39.5	57
39.5	66
39.60000000000582	82
39.60000000000582	31
39.60000000000582	29
39.60000000000582	73
39.700000000004366	40
39.700000000004366	95
39.700000000004366	74
39.700000000004366	15
39.700000000004366	36
40.200000000004366	30
40.30000000000291	18
40.10000000000582	41
40.10000000000582	50
40.200000000004366	21
40.30000000000291	90
39.900000000001455	47
40.30000000000291	59
40.30000000000291	87
40.400000000001455	13
40.400000000001455	38
40.400000000001455	28
40.5	98
40.60000000000582	83
40.60000000000582	8
40.700000000004366	79
40.700000000004366	62
41.10000000000582	57
41.400000000001455	31
41.400000000001455	22
41.5	27
40.900000000001455	92
40.900000000001455	82
41.0	41
41.0	71
41.10000000000582	20
41.200000000004366	95
41.5	59
41.5	91
41.5	13
41.60000000000582	6
41.700000000004366	16
41.700000000004366	28
41.700000000004366	87
42.0	18
42.0	83
41.900000000001455	79
42.0	15
42.0	26
42.0	81
42.0	52
42.0	20
42.0	78
42.10000000000582	71
42.10000000000582	76
42.10000000000582	19
42.10000000000582	40
42.10000000000582	57
42.10000000000582	66
42.200000000004366	62
42.60000000000582	43
42.60000000000582	50
42.700000000004366	4
42.700000000004366	64
43.60000000000582	18
43.200000000004366	68
42.900000000001455	28
42.900000000001455	38
43.0	17
43.0	92
43.0	27
43.0	41
43.10000000000582	79
43.10000000000582	49
43.10000000000582	95
43.10000000000582	8
43.200000000004366	35
43.200000000004366	21
43.30000000000291	84
43.30000000000291	20
43.30000000000291	62
43.30000000000291	83
43.30000000000291	71
43.700000000004366	57
43.700000000004366	91
44.10000000000582	29
44.30000000000291	45
44.5	59
44.10000000000582	24
44.10000000000582	19
44.200000000004366	3
44.200000000004366	27
44.200000000004366	68
44.200000000004366	6
44.200000000004366	73
44.200000000004366	28
44.30000000000291	22
44.30000000000291	86
44.400000000001455	38
44.400000000001455	31
44.400000000001455	95
44.400000000001455	35
44.400000000001455	30
44.400000000001455	4
44.5	49
44.5	11
44.5	36
44.5	62
44.5	83
44.60000000000582	98
45.0	65
45.0	61
45.0	57
45.200000000004366	59
45.30000000000291	52
45.30000000000291	84
45.30000000000291	25
45.400000000001455	19
45.400000000001455	16
45.400000000001455	41
45.400000000001455	24
45.400000000001455	26
45.400000000001455	14
45.400000000001455	28
45.400000000001455	81
45.5	99
45.60000000000582	31
45.60000000000582	71
45.60000000000582	83
45.60000000000582	20
45.60000000000582	4
45.60000000000582	98
45.60000000000582	49
45.60000000000582	64
45.60000000000582	95
45.60000000000582	7
46.200000000004366	65
46.400000000001455	37
46.5	51
46.5	29
46.5	73
46.5	84
46.60000000000582	17
46.60000000000582	41
46.60000000000582	24
46.60000000000582	8
46.700000000004366	1
46.700000000004366	35
46.700000000004366	69
46.700000000004366	68
46.700000000004366	78
47.30000000000291	27
47.30000000000291	99
47.30000000000291	43
47.30000000000291	4
47.0	36
47.0	92
47.5	85
47.60000000000582	19
47.60000000000582	81
47.700000000004366	15
47.700000000004366	88
47.700000000004366	38
47.700000000004366	28
47.700000000004366	30
47.700000000004366	45
47.700000000004366	6
47.700000000004366	68
47.700000000004366	56
47.700000000004366	29
48.700000000004366	65
48.700000000004366	95
47.900000000001455	40
47.900000000001455	5
48.5	57
48.5	98
48.5	83
49.30000000000291	52
49.30000000000291	1
49.30000000000291	35
49.30000000000291	41
49.30000000000291	99
49.30000000000291	55
49.30000000000291	63
49.30000000000291	17
49.30000000000291	27
49.30000000000291	33
49.30000000000291	20
49.30000000000291	43
49.30000000000291	78
49.30000000000291	57
49.30000000000291	49
49.30000000000291	8
49.400000000001455	92
49.400000000001455	18
49.400000000001455	71
49.60000000000582	69
49.900000000001455	85
49.900000000001455	65
49.900000000001455	60
49.900000000001455	19
49.900000000001455	84
49.900000000001455	4
49.900000000001455	4
50.0	16
50.0	80
50.0	15
50.0	36
50.0	66
50.0	56
50.0	29
50.0	35
50.0	72
50.10000000000582	39
50.10000000000582	49
50.10000000000582	14
50.10000000000582	73
50.10000000000582	85
50.200000000004366	3
50.200000000004366	95
50.200000000004366	24
50.200000000004366	13
50.200000000004366	21
50.200000000004366	81
50.200000000004366	98
50.30000000000291	46
50.30000000000291	28
51.200000000004366	65
51.200000000004366	27
51.200000000004366	59
51.200000000004366	51
51.30000000000291	16
51.30000000000291	83
51.30000000000291	61
51.30000000000291	72
51.30000000000291	43
51.30000000000291	57
51.30000000000291	92
51.30000000000291	52
51.30000000000291	60
51.30000000000291	71
51.30000000000291	85
51.30000000000291	99
51.400000000001455	24
51.400000000001455	81
51.5	55
51.5	15
51.5	46
51.5	76
52.200000000004366	84
52.200000000004366	19
52.30000000000291	69
52.30000000000291	83
52.30000000000291	20
52.30000000000291	87
52.30000000000291	30
52.30000000000291	67
52.30000000000291	39
52.400000000001455	8
52.400000000001455	76
52.400000000001455	21
52.400000000001455	95
52.400000000001455	98
52.400000000001455	72
52.5	28
52.5	14
52.5	85
52.5	52
52.60000000000582	57
52.60000000000582	89
52.60000000000582	68
52.60000000000582	18
52.700000000004366	81
52.700000000004366	36
52.700000000004366	24
52.900000000001455	66
53.0	46
53.400000000001455	55
53.5	19
53.5	88
53.5	43
53.5	71
53.5	20
53.5	42
53.5	27
53.5	65
54.30000000000291	61
54.30000000000291	99
54.30000000000291	85
54.30000000000291	45
54.30000000000291	98
54.30000000000291	28
54.400000000001455	57
54.400000000001455	80
54.5	29
54.60000000000582	6
54.700000000004366	66
53.900000000001455	76
53.900000000001455	5
54.0	22
54.60000000000582	12
54.60000000000582	35
54.700000000004366	86
54.700000000004366	19
54.700000000004366	4
54.700000000004366	84
54.700000000004366	95
54.700000000004366	73
54.700000000004366	68
54.700000000004366	30
54.700000000004366	69
54.900000000001455	36
54.900000000001455	91
55.0	83
54.900000000001455	74
54.900000000001455	40
54.900000000001455	15
55.0	21
55.0	28
55.0	3
55.10000000000582	18
55.700000000004366	55
56.30000000000291	49
56.60000000000582	60
56.60000000000582	46
56.60000000000582	9
55.900000000001455	19
55.900000000001455	52
55.900000000001455	87
55.900000000001455	39
56.0	96
56.0	89
56.0	98
56.0	81
56.0	66
56.0	35
56.10000000000582	85
56.10000000000582	1
56.10000000000582	57
56.10000000000582	42
56.200000000004366	21
56.200000000004366	82
56.200000000004366	15
56.200000000004366	18
56.30000000000291	8
56.400000000001455	80
56.900000000001455	20
56.900000000001455	100
57.0	84
57.0	99
57.0	13
57.0	38
57.0	65
57.0	30
57.0	83
57.10000000000582	98
57.200000000004366	74
57.200000000004366	14
57.200000000004366	62
57.200000000004366	8
57.200000000004366	28
57.200000000004366	22
57.200000000004366	76
57.30000000000291	35
57.30000000000291	39
57.30000000000291	27
57.30000000000291	19
57.30000000000291	29
57.30000000000291	49
57.30000000000291	33
57.400000000001455	21
57.400000000001455	46
57.400000000001455	16
57.400000000001455	31
57.60000000000582	15
58.10000000000582	3
58.200000000004366	40
58.200000000004366	55
58.200000000004366	60
58.200000000004366	83
58.30000000000291	36
58.30000000000291	65
58.400000000001455	98
58.400000000001455	9
58.400000000001455	14
58.400000000001455	51
58.5	73
58.5	66
58.5	43
58.5	4
58.5	25
58.5	89
58.5	28
58.5	22
58.5	37
58.60000000000582	24
58.60000000000582	27
58.60000000000582	52
58.700000000004366	33
58.700000000004366	49
58.700000000004366	31
58.700000000004366	16
59.30000000000291	99
59.30000000000291	46
59.30000000000291	41
59.5	30
59.5	55
59.5	50
59.60000000000582	77
59.60000000000582	98
59.60000000000582	28
59.60000000000582	22
59.60000000000582	29
59.700000000004366	83
59.700000000004366	93
59.700000000004366	49
59.700000000004366	18
59.700000000004366	66
59.700000000004366	31
59.700000000004366	42
59.700000000004366	8
60.10000000000582	36
60.200000000004366	57
60.200000000004366	81
60.30000000000291	97
60.30000000000291	15
60.400000000001455	19
60.700000000004366	71
59.900000000001455	27
60.200000000004366	85
60.400000000001455	21
60.5	4
60.5	99
60.700000000004366	84
60.700000000004366	13
61.0	65
61.0	74
61.10000000000582	98
61.200000000004366	9
61.30000000000291	36
61.30000000000291	60
61.30000000000291	72
61.400000000001455	33
61.400000000001455	28
61.60000000000582	71
60.900000000001455	49
60.900000000001455	16
60.900000000001455	83
60.900000000001455	27
60.900000000001455	76
61.10000000000582	96
61.200000000004366	46
61.60000000000582	3
61.700000000004366	21
61.700000000004366	2
61.700000000004366	29
62.5	55
61.900000000001455	13
61.900000000001455	65
62.0	37
62.0	100
62.0	85
62.0	60
62.0	66
62.0	74
62.0	51
62.0	62
62.0	9
62.0	57
62.0	36
62.10000000000582	22
62.10000000000582	80
62.10000000000582	30
62.10000000000582	97
62.200000000004366	95
62.200000000004366	4
62.200000000004366	5
62.30000000000291	45
63.0	3
63.0	84
64.0	97
64.0	27
64.0	28
64.0	51
64.0	15
64.0	4
64.0	91
64.0	38
64.0	94
64.0	86
64.0	96
64.0	92
64.0	83
64.0	13
64.0	21
64.0	98
64.0	93
64.0	52
64.0	40
64.0	85
64.10000000000582	49
64.10000000000582	46
64.10000000000582	46
64.10000000000582	16
64.10000000000582	55
64.10000000000582	19
64.20000000000437	18
64.20000000000437	65
64.30000000000291	36
64.30000000000291	60
64.30000000000291	99
64.30000000000291	48
64.30000000000291	30
64.30000000000291	81
64.30000000000291	7
64.40000000000146	71
64.40000000000146	83
64.40000000000146	97
64.40000000000146	35
64.40000000000146	31
64.40000000000146	98
64.40000000000146	49
64.40000000000146	16
64.40000000000146	21
64.40000000000146	43
64.40000000000146	25
64.5	19
64.5	85
64.5	63
65.30000000000291	29
65.40000000000146	55
65.40000000000146	4
65.40000000000146	46
65.40000000000146	37
66.10000000000582	95
66.10000000000582	57
66.10000000000582	21
66.10000000000582	27
66.10000000000582	49
66.10000000000582	35
66.10000000000582	31
66.10000000000582	85
66.10000000000582	24
66.10000000000582	62
66.10000000000582	19
66.10000000000582	54
66.10000000000582	13
66.10000000000582	9
66.10000000000582	65
66.10000000000582	97
66.10000000000582	83
66.20000000000437	28
66.20000000000437	71
66.20000000000437	81
66.20000000000437	99
66.20000000000437	8
66.20000000000437	58
66.30000000000291	18
66.30000000000291	3
66.40000000000146	100
66.40000000000146	4
66.40000000000146	64
66.5	84
66.60000000000582	60
66.60000000000582	43
66.60000000000582	48
66.60000000000582	20
66.60000000000582	15
66.70000000000437	56
66.70000000000437	52
66.70000000000437	46
66.70000000000437	30
66.70000000000437	17
66.70000000000437	22
66.70000000000437	65
66.70000000000437	83
67.70000000000437	97
67.5	99
67.70000000000437	49
66.90000000000146	63
67.0	19
67.30000000000291	85
68.0	35
68.10000000000582	14
68.20000000000437	42
68.20000000000437	36
68.20000000000437	86
68.30000000000291	98
68.60000000000582	55
68.60000000000582	38
67.90000000000146	45
67.90000000000146	57
67.90000000000146	29
68.0	90
68.0	23
68.0	49
68.0	99
68.10000000000582	21
68.10000000000582	52
68.10000000000582	27
68.10000000000582	89
68.10000000000582	83
68.10000000000582	70
68.10000000000582	1
68.10000000000582	33
68.40000000000146	8
68.5	20
68.60000000000582	15
68.70000000000437	85
69.20000000000437	84
68.90000000000146	13
68.90000000000146	39
68.90000000000146	60
68.90000000000146	4
69.0	40
69.0	46
69.0	19
69.10000000000582	65
69.10000000000582	42
69.10000000000582	17
69.10000000000582	82
69.10000000000582	63
69.10000000000582	58
69.10000000000582	52
69.10000000000582	11
69.10000000000582	30
69.10000000000582	97
69.20000000000437	85
69.20000000000437	20
69.20000000000437	36
69.20000000000437	38
69.20000000000437	49
69.30000000000291	79
69.30000000000291	83
69.40000000000146	72
69.90000000000146	55
70.10000000000582	60
70.10000000000582	28
70.10000000000582	7
70.20000000000437	77
70.20000000000437	2
70.20000000000437	100
70.20000000000437	5
70.20000000000437	95
70.20000000000437	19
70.20000000000437	99
70.20000000000437	46
70.30000000000291	70
70.30000000000291	78
70.30000000000291	89
70.30000000000291	65
70.30000000000291	58
70.30000000000291	29
70.30000000000291	97
70.30000000000291	37
70.40000000000146	85
70.40000000000146	36
70.40000000000146	22
70.40000000000146	83
70.40000000000146	20
70.40000000000146	49
70.60000000000582	27
71.10000000000582	84
71.30000000000291	60
71.40000000000146	77
71.40000000000146	23
71.40000000000146	93
71.40000000000146	100
71.40000000000146	21
71.40000000000146	15
71.40000000000146	57
71.40000000000146	56
71.40000000000146	68
71.5	81
71.5	42
71.5	89
71.5	58
71.5	76
71.5	99
71.5	30
71.60000000000582	83
71.60000000000582	13
71.60000000000582	85
71.60000000000582	49
72.60000000000582	79
72.0	97
72.0	47
72.40000000000146	55
72.40000000000146	50
72.5	57
72.5	60
72.5	38
72.5	4
72.5	19
72.60000000000582	81
72.60000000000582	100
72.60000000000582	20
72.60000000000582	45
72.60000000000582	36
72.60000000000582	41
72.70000000000437	23
72.70000000000437	42
72.70000000000437	76
72.70000000000437	40
72.70000000000437	92
72.70000000000437	97
72.70000000000437	99
73.5	5
73.30000000000291	30
73.40000000000146	85
73.40000000000146	83
72.90000000000146	49
72.90000000000146	52
73.40000000000146	68
73.5	55
73.70000000000437	38
73.70000000000437	28
73.70000000000437	60
73.70000000000437	78
73.90000000000146	58
73.90000000000146	81
73.90000000000146	7
74.0	19
74.0	42
74.10000000000582	39
74.10000000000582	36
74.10000000000582	35
73.90000000000146	71
73.90000000000146	89
73.90000000000146	97
73.90000000000146	76
73.90000000000146	93
74.0	83
74.0	21
74.0	85
74.10000000000582	49
74.10000000000582	4
74.10000000000582	99
74.20000000000437	86
74.20000000000437	50
74.70000000000437	55
75.10000000000582	27
75.30000000000291	65
75.60000000000582	57
75.70000000000437	58
75.70000000000437	18
74.90000000000146	79
74.90000000000146	45
74.90000000000146	23
75.0	100
75.0	40
75.0	3
75.0	36
75.0	77
75.10000000000582	5
75.10000000000582	71
75.10000000000582	16
75.10000000000582	29
75.10000000000582	99
75.10000000000582	76
75.10000000000582	97
75.20000000000437	83
75.20000000000437	9
75.30000000000291	81
75.30000000000291	49
75.30000000000291	85
75.40000000000146	25
75.5	39
76.40000000000146	84
75.90000000000146	50
76.0	7
76.0	27
76.0	19
76.0	4
76.10000000000582	58
76.10000000000582	28
76.10000000000582	72
76.10000000000582	100
76.20000000000437	62
76.20000000000437	21
76.20000000000437	42
76.20000000000437	60
76.30000000000291	97
76.30000000000291	3
76.30000000000291	98
76.30000000000291	91
76.30000000000291	36
76.30000000000291	34
76.40000000000146	51
76.40000000000146	85
76.40000000000146	49
76.40000000000146	83
76.5	93
77.0	55
77.20000000000437	14
77.20000000000437	57
77.20000000000437	46
77.20000000000437	65
77.20000000000437	63
77.30000000000291	29
77.30000000000291	5
77.30000000000291	27
77.30000000000291	1
77.30000000000291	24
77.40000000000146	23
77.40000000000146	84
77.40000000000146	36
78.20000000000437	49
78.20000000000437	30
78.20000000000437	95
78.20000000000437	85
78.20000000000437	72
78.20000000000437	83
78.20000000000437	97
78.20000000000437	86
78.20000000000437	20
78.30000000000291	3
78.30000000000291	46
78.30000000000291	7
78.30000000000291	28
78.30000000000291	65
78.30000000000291	99
78.30000000000291	100
78.30000000000291	64
78.40000000000146	58
78.40000000000146	19
78.40000000000146	70
78.5	55
78.5	77
78.5	63
78.60000000000582	18
78.60000000000582	52
78.60000000000582	84
78.70000000000437	35
78.70000000000437	99
78.70000000000437	3
78.70000000000437	97
78.70000000000437	69
79.20000000000437	14
79.0	83
79.30000000000291	36
79.5	85
79.5	57
79.5	100
79.5	4
79.5	7
79.5	38
79.5	42
79.5	46
79.5	15
79.60000000000582	58
79.60000000000582	41
79.90000000000146	3
79.90000000000146	34
80.0	40
80.0	22
80.0	39
80.0	83
80.0	20
80.0	99
80.60000000000582	5
80.60000000000582	18
80.60000000000582	49
80.60000000000582	55
80.60000000000582	93
80.60000000000582	84
80.60000000000582	79
80.60000000000582	85
80.60000000000582	95
80.60000000000582	8
80.60000000000582	19
80.70000000000437	21
80.70000000000437	46
80.70000000000437	97
80.70000000000437	67
80.70000000000437	50
81.60000000000582	58
81.30000000000291	36
81.70000000000437	80
80.90000000000146	39
80.90000000000146	89
81.0	18
81.0	17
81.0	82
81.0	22
81.0	57
81.0	96
81.0	53
81.10000000000582	3
81.10000000000582	14
81.10000000000582	65
81.10000000000582	47
81.20000000000437	49
81.20000000000437	8
81.20000000000437	83
81.70000000000437	79
82.20000000000437	40
82.20000000000437	90
82.20000000000437	91
82.20000000000437	39
82.20000000000437	46
82.20000000000437	98
82.20000000000437	60
82.20000000000437	58
82.20000000000437	97
82.20000000000437	71
82.20000000000437	81
82.20000000000437	95
82.30000000000291	64
82.30000000000291	17
82.30000000000291	19
82.30000000000291	38
82.30000000000291	29
82.30000000000291	14
82.30000000000291	5
82.30000000000291	85
82.40000000000146	77
82.40000000000146	30
82.40000000000146	84
82.40000000000146	7
82.5	65
82.90000000000146	28
82.90000000000146	35
83.0	59
83.10000000000582	49
83.10000000000582	52
83.10000000000582	71
83.10000000000582	41
83.10000000000582	46
83.20000000000437	85
83.30000000000291	18
83.30000000000291	21
83.30000000000291	2
83.40000000000146	95
83.40000000000146	39
83.40000000000146	40
83.40000000000146	91
83.40000000000146	58
83.40000000000146	19
83.5	98
83.5	76
83.5	14
83.5	47
83.5	8
83.60000000000582	83
83.70000000000437	69
83.70000000000437	42
84.0	5
84.0	79
84.20000000000437	36
84.20000000000437	53
84.20000000000437	85
84.30000000000291	45
84.30000000000291	55
84.30000000000291	73
84.5	34
84.5	68
84.5	90
84.5	71
84.5	29
84.5	39
84.5	50
84.60000000000582	40
84.60000000000582	3
84.60000000000582	58
84.60000000000582	57
84.60000000000582	60
84.70000000000437	22
84.70000000000437	14
84.70000000000437	84
85.5	65
85.5	19
84.90000000000146	97
85.20000000000437	42
85.20000000000437	5
85.30000000000291	35
85.40000000000146	79
85.40000000000146	41
85.40000000000146	62
85.40000000000146	85
85.40000000000146	82
85.5	49
85.5	27
85.60000000000582	83
85.70000000000437	24
85.90000000000146	71
85.90000000000146	64
85.90000000000146	90
85.90000000000146	97
85.90000000000146	57
86.0	58
86.0	52
86.20000000000437	63
86.30000000000291	23
85.90000000000146	18
85.90000000000146	14
85.90000000000146	59
85.90000000000146	89
86.0	65
86.30000000000291	44
86.30000000000291	84
86.5	1
86.60000000000582	17
86.60000000000582	82
86.70000000000437	85
87.0	49
87.0	56
87.10000000000582	5
87.10000000000582	41
86.90000000000146	83
86.90000000000146	22
86.90000000000146	79
87.0	12
87.0	23
87.0	20
87.10000000000582	67
87.10000000000582	24
87.10000000000582	76
87.10000000000582	52
87.10000000000582	89
87.10000000000582	65
87.20000000000437	90
87.20000000000437	64
87.20000000000437	95
87.30000000000291	48
87.5	46
87.5	18
87.70000000000437	2
88.10000000000582	41
88.10000000000582	6
88.10000000000582	5
88.60000000000582	79
88.70000000000437	19
87.90000000000146	49
87.90000000000146	98
87.90000000000146	39
88.0	97
88.0	31
88.10000000000582	40
88.10000000000582	14
88.20000000000437	71
88.20000000000437	85
88.20000000000437	3
88.20000000000437	22
88.20000000000437	83
88.30000000000291	89
88.30000000000291	52
88.30000000000291	84
88.40000000000146	50
88.40000000000146	55
88.40000000000146	65
88.70000000000437	64
88.90000000000146	58
88.90000000000146	5
88.90000000000146	86
89.0	35
89.0	38
89.0	27
89.10000000000582	90
89.10000000000582	98
89.20000000000437	94
89.20000000000437	79
89.20000000000437	24
89.20000000000437	23
89.30000000000291	14
89.30000000000291	76
89.40000000000146	85
89.40000000000146	46
89.40000000000146	47
89.40000000000146	39
89.5	40
89.5	25
89.5	59
89.5	89
89.5	52
89.5	83
89.5	3
89.60000000000582	18
90.10000000000582	81
90.10000000000582	58
90.10000000000582	38
90.10000000000582	50
90.20000000000437	36
90.20000000000437	35
90.20000000000437	79
90.30000000000291	72
90.30000000000291	27
90.40000000000146	7
90.40000000000146	71
90.40000000000146	29
90.5	14
90.5	12
90.5	76
90.60000000000582	85
90.60000000000582	39
90.60000000000582	40
90.60000000000582	30
90.60000000000582	83
90.70000000000437	31
90.70000000000437	64
90.70000000000437	3
90.70000000000437	65
90.70000000000437	18
91.0	19
91.10000000000582	49
91.20000000000437	46
91.30000000000291	41
91.30000000000291	58
91.30000000000291	38
91.40000000000146	5
91.5	22
91.60000000000582	84
91.70000000000437	59
91.70000000000437	71
91.70000000000437	40
91.70000000000437	52
91.70000000000437	76
92.40000000000146	27
92.10000000000582	79
92.40000000000146	14
92.0	98
92.0	85
92.0	19
92.70000000000437	30
92.70000000000437	7
92.70000000000437	89
92.70000000000437	49
91.90000000000146	83
92.0	24
92.30000000000291	12
92.40000000000146	46
92.40000000000146	86
92.5	1
92.5	6
92.5	72
92.60000000000582	65
92.70000000000437	93
92.70000000000437	18
92.70000000000437	59
93.40000000000146	55
93.40000000000146	71
93.5	97
92.90000000000146	63
92.90000000000146	3
92.90000000000146	57
92.90000000000146	47
93.0	27
93.0	84
93.0	85
93.0	98
93.0	31
93.0	28
93.0	83
93.5	40
94.20000000000437	25
94.20000000000437	15
94.20000000000437	85
94.20000000000437	27
94.30000000000291	46
94.30000000000291	42
94.30000000000291	59
94.30000000000291	79
94.30000000000291	71
94.30000000000291	18
94.30000000000291	35
94.30000000000291	22
94.30000000000291	84
94.30000000000291	38
94.30000000000291	77
94.30000000000291	31
94.30000000000291	14
94.30000000000291	89
94.30000000000291	4
94.30000000000291	11
94.30000000000291	52
94.30000000000291	58
94.30000000000291	33
94.30000000000291	83
94.30000000000291	24
94.60000000000582	99
94.70000000000437	98
94.70000000000437	40
94.70000000000437	6
95.20000000000437	5
94.90000000000146	89
94.90000000000146	1
95.30000000000291	19
95.30000000000291	94
95.30000000000291	71
95.30000000000291	65
95.30000000000291	22
95.30000000000291	14
95.30000000000291	23
95.30000000000291	42
95.30000000000291	59
95.90000000000146	58
95.90000000000146	46
95.90000000000146	85
95.90000000000146	31
95.90000000000146	57
95.90000000000146	1
95.90000000000146	73
95.90000000000146	40
95.90000000000146	35
95.90000000000146	27
96.0	98
96.0	83
96.0	79
96.0	86
96.0	52
96.0	6
96.10000000000582	64
96.10000000000582	23
96.20000000000437	5
96.20000000000437	14
96.40000000000146	72
96.40000000000146	63
96.40000000000146	44
96.40000000000146	89
96.40000000000146	71
96.40000000000146	65
96.40000000000146	42
96.5	84
96.5	82
96.60000000000582	27
96.60000000000582	85
96.60000000000582	39
97.10000000000582	75
97.10000000000582	11
97.10000000000582	52
97.20000000000437	6
97.30000000000291	94
97.30000000000291	83
97.30000000000291	23
97.40000000000146	58
97.40000000000146	95
97.40000000000146	93
97.70000000000437	35
97.70000000000437	45
98.30000000000291	77
97.90000000000146	27
98.0	28
98.0	76
98.0	22
98.0	82
97.90000000000146	39
97.90000000000146	46
97.90000000000146	85
97.90000000000146	40
97.90000000000146	64
98.0	89
98.20000000000437	64
98.30000000000291	61
98.30000000000291	67
98.30000000000291	58
98.30000000000291	18
98.40000000000146	6
98.5	65
98.5	14
98.60000000000582	52
98.60000000000582	31
98.70000000000437	84
98.70000000000437	63
98.70000000000437	40
98.90000000000146	72
99.10000000000582	30
99.10000000000582	56
99.30000000000291	5
98.90000000000146	91
98.90000000000146	1
98.90000000000146	46
98.90000000000146	79
99.10000000000582	8
99.10000000000582	39
99.30000000000291	20
99.40000000000146	65
99.40000000000146	42
99.40000000000146	67
99.40000000000146	27
99.40000000000146	64
99.40000000000146	85
99.60000000000582	6
99.60000000000582	24
99.70000000000437	11
100.40000000000146	58
100.5	82
100.5	52
100.60000000000582	31
100.70000000000437	84
99.90000000000146	22
99.90000000000146	56
99.90000000000146	36
99.90000000000146	5
99.90000000000146	79
99.90000000000146	83
100.0	40
100.10000000000582	95
100.10000000000582	46
100.20000000000437	23
100.40000000000146	14
100.5	39
100.5	30
100.5	89
100.60000000000582	85
100.60000000000582	73
100.60000000000582	27
100.60000000000582	64
101.70000000000437	24
100.90000000000146	65
101.0	100
101.0	96
101.0	72
101.0	98
101.10000000000582	84
101.10000000000582	99
101.10000000000582	40
101.10000000000582	1
101.10000000000582	50
101.10000000000582	82
101.10000000000582	20
101.10000000000582	38
101.10000000000582	31
101.40000000000146	7
101.70000000000437	95
101.70000000000437	9
101.70000000000437	39
101.90000000000146	62
102.0	27
102.10000000000582	64
102.20000000000437	83
101.90000000000146	28
102.0	85
102.10000000000582	65
102.10000000000582	6
102.10000000000582	11
102.10000000000582	58
102.20000000000437	87
102.20000000000437	19
102.20000000000437	72
102.20000000000437	44
102.20000000000437	38
102.20000000000437	4
102.20000000000437	36
102.20000000000437	61
102.20000000000437	35
102.20000000000437	69
102.30000000000291	29
102.40000000000146	76
102.90000000000146	84
103.0	62
103.0	83
103.0	92
103.20000000000437	94
103.20000000000437	71
103.30000000000291	85
103.30000000000291	6
103.30000000000291	86
103.30000000000291	24
103.30000000000291	1
103.30000000000291	3
103.40000000000146	38
103.40000000000146	98
103.40000000000146	64
103.40000000000146	40
103.40000000000146	35
103.40000000000146	46
103.40000000000146	23
103.40000000000146	72
103.40000000000146	19
103.5	25
103.5	73
103.5	52
104.0	65
104.10000000000582	70
104.10000000000582	20
104.10000000000582	7
104.20000000000437	28
104.20000000000437	83
104.20000000000437	46
104.30000000000291	9
104.40000000000146	58
104.40000000000146	41
104.5	8
104.5	2
104.5	60
104.5	24
104.60000000000582	38
104.60000000000582	17
104.60000000000582	82
104.60000000000582	96
104.60000000000582	47
104.60000000000582	39
104.60000000000582	72
104.70000000000437	100
104.70000000000437	64
104.70000000000437	95
104.70000000000437	26
104.70000000000437	40
105.60000000000582	49
105.10000000000582	85
105.20000000000437	65
105.30000000000291	79
105.30000000000291	55
105.60000000000582	87
105.60000000000582	15
105.60000000000582	7
105.70000000000437	4
105.70000000000437	14
105.70000000000437	50
105.70000000000437	86
105.70000000000437	63
105.70000000000437	41
105.70000000000437	98
105.70000000000437	16
106.10000000000582	68
106.20000000000437	10
106.40000000000146	64
106.40000000000146	31
106.40000000000146	83
105.90000000000146	58
105.90000000000146	97
105.90000000000146	73
105.90000000000146	30
106.0	40
106.10000000000582	38
106.30000000000291	25
106.30000000000291	85
106.60000000000582	71
106.70000000000437	82
107.10000000000582	65
107.10000000000582	77
107.30000000000291	19
107.40000000000146	44
107.5	1
107.70000000000437	46
106.90000000000146	2
106.90000000000146	22
107.0	92
107.0	17
107.0	5
107.0	29
107.0	20
107.0	80
107.0	30
107.10000000000582	57
107.20000000000437	93
107.30000000000291	52
107.40000000000146	84
108.40000000000146	36
108.5	38
108.5	99
108.5	25
108.5	84
108.5	28
108.5	14
108.5	85
108.5	24
108.5	60
108.5	13
108.5	22
108.5	37
109.20000000000437	58
109.20000000000437	46
109.20000000000437	19
109.20000000000437	68
109.20000000000437	83
109.20000000000437	95
109.20000000000437	76
109.20000000000437	71
109.20000000000437	64
109.20000000000437	89
109.20000000000437	98
109.20000000000437	8
109.20000000000437	8
109.20000000000437	72
109.20000000000437	70
109.30000000000291	53
109.30000000000291	4
109.30000000000291	27
109.30000000000291	42
109.30000000000291	40
109.30000000000291	40
109.30000000000291	91
109.30000000000291	81
109.30000000000291	45
109.30000000000291	6
109.30000000000291	65
109.30000000000291	65
109.30000000000291	50
109.30000000000291	16
109.30000000000291	47
109.40000000000146	58
109.40000000000146	85
109.40000000000146	38
109.40000000000146	69
109.40000000000146	35
109.40000000000146	20
109.60000000000582	3
109.60000000000582	3
109.70000000000437	64
110.5	9
110.5	28
110.5	96
110.5	31
110.5	1
110.5	56
110.5	93
110.5	72
110.5	55
110.5	84
110.5	39
110.5	52
110.5	35
110.5	5
110.5	85
111.20000000000437	29
111.40000000000146	16
111.40000000000146	44
111.40000000000146	58
111.40000000000146	1
111.60000000000582	44
111.60000000000582	22
111.60000000000582	85
111.60000000000582	19
111.60000000000582	70
111.60000000000582	82
111.70000000000437	92
111.70000000000437	76
111.70000000000437	83
111.70000000000437	100
111.70000000000437	20
111.70000000000437	26
111.70000000000437	40
111.70000000000437	98
111.70000000000437	39
111.70000000000437	64
112.70000000000437	51
112.5	68
112.60000000000582	17
111.90000000000146	15
111.90000000000146	90
111.90000000000146	74
112.0	30
112.0	27
112.0	8
112.10000000000582	95
112.40000000000146	6
112.5	72
112.60000000000582	8
112.60000000000582	46
112.60000000000582	50
112.60000000000582	4
112.70000000000437	11
112.70000000000437	55
112.70000000000437	97
112.70000000000437	89
112.70000000000437	59
112.70000000000437	22
112.70000000000437	98
113.20000000000437	40
113.30000000000291	73
113.40000000000146	79
113.70000000000437	85
113.70000000000437	94
112.90000000000146	30
112.90000000000146	58
112.90000000000146	38
112.90000000000146	83
112.90000000000146	93
112.90000000000146	64
112.90000000000146	39
113.30000000000291	5
113.70000000000437	52
113.70000000000437	87
113.70000000000437	31
113.70000000000437	84
113.70000000000437	76
114.30000000000291	47
114.40000000000146	72
114.5	46
113.90000000000146	82
113.90000000000146	4
113.90000000000146	20
114.0	2
114.0	97
114.0	77
114.0	78
114.0	79
114.0	85
114.10000000000582	96
114.10000000000582	95
114.10000000000582	64
114.10000000000582	58
114.10000000000582	92
114.20000000000437	7
114.90000000000146	30
115.40000000000146	25
114.90000000000146	38
114.90000000000146	55
114.90000000000146	59
114.90000000000146	22
114.90000000000146	19
114.90000000000146	53
115.0	82
115.0	60
115.0	41
115.0	18
115.0	98
115.10000000000582	1
115.20000000000437	46
115.20000000000437	4
115.20000000000437	52
115.20000000000437	35
115.30000000000291	47
115.30000000000291	73
115.30000000000291	39
115.30000000000291	85
115.30000000000291	64
115.5	40
116.0	96
116.0	72
116.0	7
116.10000000000582	24
116.10000000000582	12
116.10000000000582	38
116.10000000000582	28
116.10000000000582	95
116.10000000000582	91
116.20000000000437	18
116.20000000000437	71
116.30000000000291	8
116.30000000000291	58
116.30000000000291	19
116.30000000000291	4
116.30000000000291	98
116.40000000000146	1
116.40000000000146	22
116.40000000000146	37
116.40000000000146	2
116.40000000000146	73
116.40000000000146	51
116.40000000000146	39
116.5	85
116.5	83
116.5	46
117.10000000000582	20
117.10000000000582	44
117.20000000000437	38
117.30000000000291	84
117.40000000000146	87
117.40000000000146	53
117.40000000000146	11
117.40000000000146	72
117.40000000000146	52
117.5	95
117.5	56
117.5	79
117.5	25
117.5	14
117.5	70
117.60000000000582	4
117.60000000000582	8
117.60000000000582	89
117.60000000000582	1
117.60000000000582	46
117.60000000000582	39
117.60000000000582	85
117.70000000000437	55
117.70000000000437	58
118.0	93
118.30000000000291	68
118.30000000000291	40
118.30000000000291	12
118.30000000000291	83
118.40000000000146	5
118.40000000000146	38
118.60000000000582	91
118.60000000000582	18
118.60000000000582	97
118.60000000000582	30
118.60000000000582	72
118.60000000000582	68
118.60000000000582	87
118.60000000000582	84
118.70000000000437	58
118.70000000000437	8
118.70000000000437	71
119.10000000000582	69
119.10000000000582	42
119.20000000000437	4
119.30000000000291	47
119.30000000000291	25
119.40000000000146	2
119.5	73
118.90000000000146	17
118.90000000000146	39
118.90000000000146	46
118.90000000000146	85
119.40000000000146	22
119.40000000000146	63
119.40000000000146	64
119.40000000000146	53
119.5	14
119.60000000000582	5
120.40000000000146	28
120.5	35
120.60000000000582	29
120.60000000000582	68
120.60000000000582	18
119.90000000000146	40
119.90000000000146	82
119.90000000000146	71
119.90000000000146	19
119.90000000000146	12
119.90000000000146	8
119.90000000000146	61
119.90000000000146	7
120.0	50
120.0	74
120.0	84
120.0	39
120.10000000000582	1
120.10000000000582	85
120.10000000000582	73
120.60000000000582	91
120.60000000000582	76
120.60000000000582	72
120.90000000000146	28
121.0	18
121.0	24
121.0	51
121.0	95
121.0	38
121.10000000000582	98
121.10000000000582	14
121.10000000000582	25
121.10000000000582	64
121.10000000000582	40
121.10000000000582	62
121.10000000000582	74
121.20000000000437	58
121.20000000000437	71
121.20000000000437	46
121.20000000000437	4
121.20000000000437	42
121.30000000000291	73
121.40000000000146	39
121.5	8
121.5	85
122.10000000000582	63
122.40000000000146	55
122.60000000000582	87
122.60000000000582	84
122.60000000000582	57
122.60000000000582	6
122.60000000000582	58
122.60000000000582	69
122.60000000000582	49
122.60000000000582	2
122.60000000000582	5
122.60000000000582	64
122.60000000000582	47
122.60000000000582	39
122.60000000000582	46
122.60000000000582	89
122.60000000000582	68
122.60000000000582	83
122.60000000000582	75
122.60000000000582	35
122.60000000000582	56
122.60000000000582	28
123.60000000000582	61
123.60000000000582	18
123.60000000000582	68
123.60000000000582	51
123.60000000000582	83
123.60000000000582	42
123.60000000000582	6
123.60000000000582	46
123.60000000000582	38
123.60000000000582	71
123.60000000000582	5
123.60000000000582	99
123.60000000000582	89
123.60000000000582	30
123.60000000000582	87
123.60000000000582	58
123.60000000000582	2
123.60000000000582	73
123.60000000000582	73
123.60000000000582	25
123.60000000000582	25
123.60000000000582	40
123.70000000000437	34
123.70000000000437	4
123.70000000000437	39
123.70000000000437	76
123.70000000000437	20
124.20000000000437	64
124.10000000000582	8
124.10000000000582	93
124.40000000000146	29
124.70000000000437	85
124.70000000000437	85
124.0	72
124.5	84
124.5	11
124.5	12
124.5	55
124.5	56
124.5	51
124.5	8
124.60000000000582	20
124.60000000000582	68
124.60000000000582	95
124.60000000000582	38
124.60000000000582	22
124.60000000000582	28
124.60000000000582	25
124.70000000000437	58
124.70000000000437	62
124.70000000000437	17
124.90000000000146	89
125.10000000000582	54
125.70000000000437	42
125.0	4
125.0	39
125.0	49
125.40000000000146	70
125.40000000000146	76
125.40000000000146	85
126.0	50
126.0	6
126.0	25
126.0	97
126.0	98
126.0	36
126.0	8
126.0	40
126.10000000000582	10
126.10000000000582	87
126.10000000000582	86
126.10000000000582	35
126.10000000000582	83
126.10000000000582	34
126.10000000000582	53
126.10000000000582	95
126.10000000000582	85
126.10000000000582	70
126.10000000000582	68
126.10000000000582	1
126.10000000000582	64
126.30000000000291	16
126.40000000000146	18
127.5	71
126.90000000000146	56
126.90000000000146	63
126.90000000000146	79
126.90000000000146	47
126.90000000000146	64
126.90000000000146	74
126.90000000000146	40
127.10000000000582	68
127.20000000000437	55
127.20000000000437	72
127.20000000000437	39
127.20000000000437	89
127.20000000000437	84
127.20000000000437	25
127.20000000000437	73
127.20000000000437	58
127.30000000000291	15
127.30000000000291	17
127.30000000000291	91
127.30000000000291	42
127.60000000000582	52
127.60000000000582	38
127.60000000000582	41
128.0	4
128.10000000000582	99
128.10000000000582	63
128.10000000000582	64
128.10000000000582	87
128.10000000000582	83
128.10000000000582	61
128.10000000000582	28
128.10000000000582	35
128.10000000000582	56
128.10000000000582	49
128.10000000000582	52
128.10000000000582	18
128.10000000000582	85
128.10000000000582	19
128.10000000000582	59
128.10000000000582	72
128.20000000000437	20
128.20000000000437	7
128.20000000000437	71
128.3000000000029	6
128.3000000000029	31
128.3000000000029	77
128.40000000000146	91
128.40000000000146	58
128.40000000000146	15
128.40000000000146	5
128.5	32
128.5	2
129.20000000000437	65
129.20000000000437	26
129.20000000000437	80
129.20000000000437	57
129.20000000000437	22
129.20000000000437	96
129.3000000000029	40
129.3000000000029	25
129.3000000000029	83
129.3000000000029	47
129.3000000000029	4
129.3000000000029	28
129.3000000000029	54
129.3000000000029	21
129.40000000000146	42
129.40000000000146	53
129.40000000000146	49
129.40000000000146	76
129.5	97
129.5	60
129.60000000000582	50
129.60000000000582	6
129.60000000000582	58
130.3000000000029	98
130.3000000000029	85
130.40000000000146	51
130.40000000000146	70
130.40000000000146	64
130.40000000000146	84
130.40000000000146	35
130.40000000000146	40
130.40000000000146	95
130.5	36
130.5	20
130.5	92
130.5	38
130.5	7
130.5	87
130.5	67
130.5	89
130.60000000000582	72
130.60000000000582	100
130.60000000000582	39
130.60000000000582	28
130.70000000000437	17
131.10000000000582	62
131.40000000000146	69
130.90000000000146	4
131.5	98
131.5	52
131.60000000000582	97
131.60000000000582	30
131.60000000000582	64
131.60000000000582	60
131.60000000000582	84
131.60000000000582	48
131.60000000000582	96
131.70000000000437	81
131.70000000000437	57
131.70000000000437	41
131.70000000000437	25
131.70000000000437	10
131.70000000000437	92
131.70000000000437	53
131.70000000000437	7
131.70000000000437	85
131.70000000000437	27
131.70000000000437	39
131.90000000000146	63
132.40000000000146	55
132.60000000000582	44
131.90000000000146	50
132.0	47
132.0	5
132.10000000000582	40
132.10000000000582	58
132.70000000000437	91
132.70000000000437	54
133.60000000000582	52
133.0	14
133.10000000000582	6
133.10000000000582	18
133.20000000000437	76
133.20000000000437	35
133.20000000000437	72
133.3000000000029	28
133.3000000000029	97
133.60000000000582	12
133.70000000000437	21
132.90000000000146	85
132.90000000000146	49
132.90000000000146	67
132.90000000000146	39
132.90000000000146	38
133.10000000000582	50
133.10000000000582	62
133.10000000000582	48
133.10000000000582	98
133.10000000000582	95
133.10000000000582	42
133.10000000000582	7
133.20000000000437	60
133.90000000000146	27
133.90000000000146	87
133.90000000000146	5
133.90000000000146	66
133.90000000000146	51
134.0	36
134.0	99
134.0	79
134.0	14
134.0	85
134.0	25
134.0	64
134.0	6
134.0	21
134.0	72
134.0	40
134.0	89
134.0	96
134.10000000000582	86
134.20000000000437	62
134.3000000000029	2
134.3000000000029	84
134.3000000000029	22
134.3000000000029	1
134.3000000000029	91
135.0	48
135.0	83
135.0	28
135.10000000000582	97
135.10000000000582	91
135.10000000000582	41
135.20000000000437	92
135.20000000000437	68
135.20000000000437	49
135.20000000000437	70
135.20000000000437	85
135.20000000000437	98
135.20000000000437	37
135.20000000000437	54
135.20000000000437	38
135.20000000000437	51
135.20000000000437	67
135.20000000000437	40
135.20000000000437	77
135.20000000000437	96
135.20000000000437	53
135.20000000000437	3
135.20000000000437	25
135.3000000000029	18
135.40000000000146	50
135.40000000000146	58
136.20000000000437	15
136.20000000000437	63
136.20000000000437	13
136.3000000000029	68
136.3000000000029	87
136.3000000000029	42
136.3000000000029	14
136.3000000000029	98
136.3000000000029	12
136.3000000000029	17
136.3000000000029	83
136.40000000000146	28
136.40000000000146	55
136.40000000000146	72
136.40000000000146	16
136.40000000000146	53
136.40000000000146	39
136.40000000000146	99
136.40000000000146	41
136.40000000000146	7
136.40000000000146	91
136.5	85
136.60000000000582	77
136.60000000000582	18
137.40000000000146	71
137.40000000000146	22
137.40000000000146	50
137.40000000000146	40
137.40000000000146	23
137.40000000000146	12
137.40000000000146	63
137.5	83
137.5	55
137.5	85
137.5	64
137.5	5
137.5	53
137.5	66
137.5	4
137.60000000000582	62
137.60000000000582	69
137.60000000000582	6
137.60000000000582	47
137.60000000000582	68
137.60000000000582	96
137.60000000000582	27
137.70000000000437	51
137.70000000000437	87
137.70000000000437	79
137.70000000000437	84
138.5	86
138.5	72
138.5	98
138.5	1
138.5	7
138.5	21
138.60000000000582	22
138.60000000000582	63
138.60000000000582	64
138.60000000000582	91
138.60000000000582	50
138.60000000000582	89
138.60000000000582	10
138.70000000000437	71
138.70000000000437	69
138.70000000000437	68
139.10000000000582	54
139.10000000000582	23
139.10000000000582	85
139.40000000000146	74
139.60000000000582	30
139.70000000000437	44
139.60000000000582	67
139.60000000000582	4
139.60000000000582	39
139.60000000000582	99
139.70000000000437	56
139.70000000000437	6
139.70000000000437	36
139.70000000000437	62
139.70000000000437	52
139.70000000000437	76
139.70000000000437	84
139.70000000000437	77
139.90000000000146	21
140.10000000000582	35
140.20000000000437	47
140.20000000000437	53
140.3000000000029	96
140.40000000000146	50
140.70000000000437	7
139.90000000000146	83
139.90000000000146	68
139.90000000000146	54
140.0	64
140.10000000000582	17
141.10000000000582	9
141.40000000000146	12
141.60000000000582	10
141.60000000000582	74
141.60000000000582	97
141.60000000000582	64
141.60000000000582	75
141.60000000000582	22
141.60000000000582	50
141.60000000000582	35
141.60000000000582	84
141.60000000000582	91
141.60000000000582	42
141.60000000000582	49
141.60000000000582	8
141.60000000000582	39
141.60000000000582	73
141.60000000000582	6
141.70000000000437	38
141.70000000000437	13
141.70000000000437	25
141.70000000000437	48
141.90000000000146	98
141.90000000000146	24
141.90000000000146	99
142.10000000000582	41
142.10000000000582	17
142.10000000000582	62
142.10000000000582	18
142.10000000000582	83
142.20000000000437	100
142.20000000000437	40
142.20000000000437	52
142.20000000000437	85
142.20000000000437	94
142.20000000000437	25
142.20000000000437	49
142.20000000000437	61
142.20000000000437	91
142.3000000000029	89
142.5	70
142.5	64
142.5	86
142.5	87
142.5	87
142.5	77
143.60000000000582	13
143.20000000000437	20
143.20000000000437	99
143.20000000000437	6
143.20000000000437	47
143.20000000000437	74
143.20000000000437	38
143.20000000000437	98
143.20000000000437	37
143.20000000000437	63
143.3000000000029	84
143.3000000000029	77
143.3000000000029	18
143.3000000000029	58
143.3000000000029	7
143.3000000000029	14
143.40000000000146	36
143.40000000000146	51
143.40000000000146	72
143.40000000000146	52
143.40000000000146	40
143.40000000000146	2
143.40000000000146	96
143.5	4
143.60000000000582	70
143.60000000000582	87
143.90000000000146	31
144.3000000000029	16
144.40000000000146	91
144.40000000000146	64
144.40000000000146	6
144.40000000000146	21
144.40000000000146	29
144.40000000000146	37
144.40000000000146	50
144.5	7
144.5	36
144.5	83
144.5	72
144.5	60
144.5	80
144.5	84
144.5	85
144.5	99
144.60000000000582	95
144.60000000000582	68
144.60000000000582	52
145.0	39
144.90000000000146	56
145.5	28
145.5	47
145.60000000000582	40
145.60000000000582	49
145.60000000000582	2
145.60000000000582	77
145.60000000000582	58
145.60000000000582	83
145.60000000000582	24
145.60000000000582	18
145.60000000000582	4
145.60000000000582	16
145.60000000000582	98
145.70000000000437	95
145.70000000000437	66
145.70000000000437	30
145.70000000000437	91
145.70000000000437	64
145.70000000000437	60
145.70000000000437	7
145.70000000000437	70
145.70000000000437	11
145.70000000000437	73
145.70000000000437	25
145.70000000000437	35
145.70000000000437	68
145.90000000000146	76
145.90000000000146	51
145.90000000000146	41
146.5	87
145.90000000000146	37
145.90000000000146	94
145.90000000000146	23
145.90000000000146	34
146.10000000000582	85
146.70000000000437	36
147.0	17
147.10000000000582	83
147.10000000000582	61
147.70000000000437	6
146.90000000000146	95
146.90000000000146	50
146.90000000000146	37
146.90000000000146	52
146.90000000000146	53
146.90000000000146	34
146.90000000000146	7
147.0	77
147.0	49
147.0	23
147.0	70
147.0	94
147.0	85
147.0	16
147.0	76
147.0	98
147.0	39
147.0	87
147.0	59
147.10000000000582	40
147.10000000000582	4
147.20000000000437	18
147.90000000000146	42
147.90000000000146	35
147.90000000000146	25
147.90000000000146	90
148.0	50
148.0	17
148.0	21
148.0	73
148.0	40
148.0	55
148.0	97
148.0	3
148.0	98
148.10000000000582	83
148.10000000000582	36
148.10000000000582	52
148.10000000000582	61
148.10000000000582	68
148.10000000000582	92
148.10000000000582	59
148.10000000000582	53
148.10000000000582	41
148.10000000000582	16
148.20000000000437	49
148.20000000000437	6
148.3000000000029	54
149.0	95
149.10000000000582	77
149.10000000000582	80
149.10000000000582	5
149.20000000000437	40
149.20000000000437	91
149.20000000000437	25
149.20000000000437	85
149.20000000000437	13
149.20000000000437	28
149.20000000000437	26
149.20000000000437	47
149.20000000000437	42
149.20000000000437	58
149.20000000000437	72
149.3000000000029	36
149.3000000000029	9
149.3000000000029	30
149.3000000000029	22
149.3000000000029	92
149.40000000000146	20
149.40000000000146	60
149.40000000000146	98
149.40000000000146	56
150.20000000000437	87
150.3000000000029	95
150.3000000000029	99
150.3000000000029	35
150.3000000000029	64
150.40000000000146	4
150.40000000000146	91
150.40000000000146	57
150.40000000000146	2
150.40000000000146	83
150.40000000000146	69
150.40000000000146	36
150.40000000000146	68
150.40000000000146	6
150.5	25
150.5	72
150.5	53
150.5	85
150.5	98
150.5	79
150.5	39
150.60000000000582	13
150.60000000000582	49
150.60000000000582	56
150.60000000000582	66
150.70000000000437	50
151.40000000000146	87
151.40000000000146	60
151.5	94
151.5	21
151.5	73
151.60000000000582	22
151.60000000000582	92
151.60000000000582	47
151.60000000000582	91
151.60000000000582	28
151.60000000000582	40
151.60000000000582	39
151.60000000000582	48
151.60000000000582	57
151.60000000000582	98
151.70000000000437	4
151.70000000000437	7
151.70000000000437	36
151.70000000000437	27
151.70000000000437	84
151.70000000000437	5
151.70000000000437	24
151.70000000000437	50
151.70000000000437	69
152.40000000000146	72
152.70000000000437	64
152.20000000000437	81
152.3000000000029	95
152.60000000000582	59
152.60000000000582	83
152.60000000000582	8
152.60000000000582	60
152.60000000000582	54
152.70000000000437	80
152.70000000000437	85
152.70000000000437	70
152.70000000000437	7
152.70000000000437	81
152.70000000000437	3
152.70000000000437	41
152.70000000000437	2
153.0	68
152.90000000000146	18
152.90000000000146	21
152.90000000000146	16
153.0	40
153.10000000000582	52
153.20000000000437	58
153.20000000000437	72
153.20000000000437	12
153.5	91
153.5	61
153.5	92
154.20000000000437	85
154.20000000000437	57
154.20000000000437	83
154.20000000000437	37
154.20000000000437	22
154.20000000000437	8
154.20000000000437	42
154.20000000000437	9
154.20000000000437	95
154.20000000000437	43
154.20000000000437	98
154.20000000000437	36
154.20000000000437	39
154.20000000000437	39
154.20000000000437	27
154.20000000000437	17
154.20000000000437	64
154.20000000000437	50
154.20000000000437	56
154.20000000000437	72
154.3000000000029	70
154.3000000000029	66
154.3000000000029	53
154.40000000000146	18
154.5	25
154.60000000000582	20
154.70000000000437	99
154.70000000000437	63
155.0	69
155.0	87
155.0	89
155.0	6
155.0	28
155.0	37
155.0	100
155.0	73
155.0	86
155.10000000000582	35
155.10000000000582	64
155.10000000000582	98
155.10000000000582	77
155.10000000000582	55
155.10000000000582	70
155.10000000000582	1
155.10000000000582	93
155.20000000000437	81
155.20000000000437	60
155.20000000000437	59
155.20000000000437	91
155.20000000000437	49
155.20000000000437	74
155.20000000000437	52
155.20000000000437	46
155.20000000000437	95
155.20000000000437	48
155.20000000000437	72
155.60000000000582	99
156.3000000000029	83
156.3000000000029	12
156.3000000000029	18
156.3000000000029	28
156.40000000000146	72
156.40000000000146	84
156.40000000000146	40
156.40000000000146	85
156.40000000000146	76
156.40000000000146	66
156.40000000000146	71
156.40000000000146	23
156.40000000000146	63
156.40000000000146	59
156.40000000000146	42
156.40000000000146	11
156.40000000000146	87
156.40000000000146	89
156.40000000000146	39
156.5	69
156.5	7
156.5	58
156.60000000000582	60
157.3000000000029	62
157.3000000000029	49
157.40000000000146	54
157.40000000000146	86
157.40000000000146	77
157.40000000000146	48
157.90000000000146	91
158.60000000000582	85
158.60000000000582	6
157.90000000000146	64
157.90000000000146	15
157.90000000000146	17
157.90000000000146	59
158.0	58
158.0	14
158.10000000000582	92
158.10000000000582	8
158.20000000000437	31
158.70000000000437	70
157.90000000000146	22
157.90000000000146	7
157.90000000000146	83
157.90000000000146	25
158.0	98
158.0	34
158.0	99
158.0	84
158.0	42
158.10000000000582	38
158.3000000000029	18
158.5	40
158.60000000000582	4
158.60000000000582	85
158.60000000000582	13
158.60000000000582	96
158.60000000000582	28
158.70000000000437	98
158.70000000000437	87
158.70000000000437	22
158.70000000000437	35
158.70000000000437	68
159.0	30
159.0	56
159.0	36
159.0	73
159.0	91
158.90000000000146	5
158.90000000000146	34
159.0	16
159.0	62
159.0	51
159.0	24
159.10000000000582	63
159.10000000000582	15
159.40000000000146	64
159.60000000000582	25
159.70000000000437	59
159.70000000000437	96
159.70000000000437	42
160.0	31
160.70000000000437	84
159.90000000000146	11
159.90000000000146	73
159.90000000000146	40
159.90000000000146	65
159.90000000000146	28
160.0	91
160.0	78
160.0	35
160.0	68
160.0	47
160.0	52
160.10000000000582	63
160.10000000000582	13
160.10000000000582	49
160.10000000000582	51
160.10000000000582	56
160.10000000000582	98
160.20000000000437	4
160.40000000000146	3
160.40000000000146	50
160.40000000000146	15
160.40000000000146	87
160.5	8
161.0	72
160.90000000000146	57
161.0	40
161.0	70
161.0	84
161.0	6
161.0	37
161.10000000000582	28
161.10000000000582	92
161.10000000000582	50
161.10000000000582	16
161.10000000000582	8
161.10000000000582	39
161.10000000000582	52
161.10000000000582	48
161.10000000000582	83
161.10000000000582	21
161.10000000000582	98
161.20000000000437	85
161.20000000000437	41
161.20000000000437	59
161.20000000000437	36
161.20000000000437	7
161.20000000000437	78
161.3000000000029	4
161.3000000000029	18
161.3000000000029	2
161.3000000000029	73
161.40000000000146	89
161.5	66
162.0	72
162.10000000000582	54
162.20000000000437	81
162.20000000000437	68
162.20000000000437	12
162.3000000000029	64
162.3000000000029	60
162.3000000000029	56
162.3000000000029	47
162.3000000000029	31
162.3000000000029	50
162.3000000000029	24
162.3000000000029	21
162.40000000000146	63
162.40000000000146	98
162.40000000000146	43
162.40000000000146	59
162.40000000000146	28
162.5	11
162.5	86
162.60000000000582	42
162.60000000000582	38
162.70000000000437	20
162.70000000000437	85
162.70000000000437	36
162.90000000000146	39
163.20000000000437	91
163.20000000000437	7
163.3000000000029	95
163.3000000000029	49
163.3000000000029	42
163.3000000000029	58
163.3000000000029	9
163.40000000000146	22
163.40000000000146	35
163.40000000000146	53
163.40000000000146	69
163.40000000000146	25
163.40000000000146	54
163.40000000000146	70
163.5	21
163.5	89
163.5	28
163.5	48
163.5	16
163.5	47
163.60000000000582	14
163.60000000000582	99
163.60000000000582	78
163.60000000000582	59
164.3000000000029	17
164.40000000000146	86
164.40000000000146	77
164.40000000000146	92
164.5	98
164.5	68
164.5	5
164.5	87
164.5	72
164.5	95
164.5	74
164.5	13
164.5	58
164.5	12
164.60000000000582	42
164.60000000000582	81
164.60000000000582	70
164.60000000000582	59
164.60000000000582	94
164.70000000000437	84
164.70000000000437	40
165.60000000000582	33
164.90000000000146	85
165.70000000000437	8
165.70000000000437	49
165.70000000000437	47
165.70000000000437	25
165.70000000000437	22
165.70000000000437	3
165.70000000000437	86
165.90000000000146	83
166.0	58
166.0	6
166.10000000000582	42
166.10000000000582	48
166.20000000000437	62
166.3000000000029	98
166.3000000000029	13
166.40000000000146	14
165.90000000000146	35
165.90000000000146	21
165.90000000000146	99
165.90000000000146	46
165.90000000000146	17
165.90000000000146	5
165.90000000000146	92
166.0	54
166.40000000000146	77
166.90000000000146	60
167.3000000000029	87
167.40000000000146	40
167.40000000000146	91
167.40000000000146	4
167.5	84
167.70000000000437	14
167.70000000000437	95
166.90000000000146	59
166.90000000000146	50
166.90000000000146	98
166.90000000000146	5
166.90000000000146	13
166.90000000000146	25
166.90000000000146	21
166.90000000000146	92
167.0	62
167.0	35
167.0	48
167.0	6
167.0	83
167.0	49
167.0	22
167.10000000000582	42
167.90000000000146	3
168.0	91
168.0	95
168.0	38
168.0	73
168.0	87
168.0	99
168.0	60
168.0	55
168.0	53
168.10000000000582	14
168.10000000000582	68
168.10000000000582	69
168.10000000000582	62
168.10000000000582	76
168.10000000000582	81
168.10000000000582	19
168.10000000000582	83
169.3000000000029	7
169.5	77
169.5	38
169.5	84
169.5	91
169.5	25
169.5	64
169.5	59
169.5	48
169.5	15
169.5	42
169.5	36
169.5	29
169.5	58
169.5	40
169.5	4
169.5	96
169.5	85
169.5	22
169.5	18
169.5	24
169.5	8
169.60000000000582	68
169.60000000000582	47
169.60000000000582	47
169.60000000000582	56
169.60000000000582	56
169.60000000000582	57
170.3000000000029	2
170.3000000000029	60
170.3000000000029	69
170.3000000000029	4
170.3000000000029	50
170.3000000000029	87
170.3000000000029	78
170.3000000000029	13
170.40000000000146	7
170.40000000000146	83
170.40000000000146	49
170.40000000000146	36
170.40000000000146	21
170.40000000000146	51
170.40000000000146	76
170.40000000000146	48
170.40000000000146	12
170.40000000000146	6
170.40000000000146	53
170.40000000000146	68
170.40000000000146	95
170.40000000000146	24
170.5	38
170.5	19
170.5	99
170.5	59
171.60000000000582	96
171.60000000000582	28
171.60000000000582	36
171.60000000000582	69
171.60000000000582	68
171.60000000000582	6
171.60000000000582	23
171.60000000000582	17
171.60000000000582	49
171.60000000000582	87
171.70000000000437	42
171.70000000000437	4
171.70000000000437	53
171.70000000000437	27
171.70000000000437	47
171.70000000000437	85
171.70000000000437	84
171.70000000000437	18
172.10000000000582	14
172.0	50
172.60000000000582	44
172.60000000000582	21
172.60000000000582	12
171.90000000000146	25
171.90000000000146	76
172.0	55
172.0	56
172.0	48
172.60000000000582	100
172.60000000000582	72
172.60000000000582	16
172.70000000000437	92
172.70000000000437	58
172.70000000000437	59
172.70000000000437	56
172.70000000000437	17
172.70000000000437	87
172.70000000000437	95
172.70000000000437	47
172.70000000000437	4
172.70000000000437	31
172.70000000000437	38
173.40000000000146	42
173.0	65
173.10000000000582	18
173.10000000000582	85
173.20000000000437	49
173.20000000000437	21
173.20000000000437	76
173.5	23
172.90000000000146	12
172.90000000000146	48
172.90000000000146	36
172.90000000000146	84
173.70000000000437	68
174.40000000000146	50
174.70000000000437	72
173.90000000000146	46
173.90000000000146	92
173.90000000000146	83
173.90000000000146	47
173.90000000000146	87
173.90000000000146	24
173.90000000000146	53
173.90000000000146	4
173.90000000000146	59
173.90000000000146	42
173.90000000000146	8
174.0	14
174.0	56
174.0	85
174.0	17
174.0	97
174.0	36
174.0	76
174.10000000000582	21
174.10000000000582	12
174.10000000000582	18
174.10000000000582	55
174.10000000000582	66
175.0	69
175.0	6
175.0	60
175.0	39
175.0	50
175.0	72
175.10000000000582	3
175.10000000000582	100
175.10000000000582	7
175.10000000000582	17
175.10000000000582	83
175.10000000000582	87
175.20000000000437	47
175.20000000000437	48
175.20000000000437	76
175.20000000000437	21
175.20000000000437	4
175.20000000000437	51
175.20000000000437	14
175.20000000000437	98
175.20000000000437	46
175.20000000000437	49
175.20000000000437	95
175.20000000000437	56
175.20000000000437	92
175.20000000000437	13
175.20000000000437	74
175.3000000000029	12
175.40000000000146	85
176.10000000000582	68
176.20000000000437	58
176.20000000000437	23
176.20000000000437	42
176.20000000000437	46
176.20000000000437	77
176.20000000000437	40
176.20000000000437	24
176.3000000000029	84
176.3000000000029	73
176.3000000000029	17
176.3000000000029	98
176.3000000000029	99
176.3000000000029	18
176.40000000000146	89
176.40000000000146	95
176.40000000000146	59
176.40000000000146	19
176.40000000000146	76
176.40000000000146	47
176.40000000000146	49
176.40000000000146	25
176.40000000000146	43
177.3000000000029	50
177.40000000000146	92
177.40000000000146	21
177.40000000000146	100
177.40000000000146	13
177.40000000000146	42
177.40000000000146	6
177.40000000000146	87
177.40000000000146	64
177.40000000000146	34
177.40000000000146	40
177.5	45
177.5	59
177.5	17
177.60000000000582	47
177.60000000000582	4
177.60000000000582	25
177.60000000000582	22
177.60000000000582	89
177.60000000000582	23
177.60000000000582	83
177.60000000000582	98
177.60000000000582	2
177.70000000000437	70
177.70000000000437	51
178.10000000000582	96
178.5	58
178.5	69
178.5	4
178.70000000000437	6
178.70000000000437	82
178.70000000000437	7
178.70000000000437	55
178.70000000000437	17
178.70000000000437	65
178.70000000000437	12
178.70000000000437	48
178.70000000000437	56
178.70000000000437	72
178.70000000000437	53
178.70000000000437	39
178.70000000000437	40
178.70000000000437	24
179.10000000000582	95
179.20000000000437	78
179.20000000000437	13
179.3000000000029	84
179.3000000000029	23
179.70000000000437	21
178.90000000000146	87
178.90000000000146	59
178.90000000000146	83
179.3000000000029	47
179.60000000000582	27
179.70000000000437	50
179.70000000000437	36
179.70000000000437	42
179.70000000000437	63
179.70000000000437	4
179.70000000000437	84
179.70000000000437	95
180.0	34
180.0	48
179.90000000000146	98
179.90000000000146	59
179.90000000000146	68
179.90000000000146	52
179.90000000000146	87
179.90000000000146	64
179.90000000000146	17
179.90000000000146	22
180.0	40
180.20000000000437	43
180.20000000000437	18
180.20000000000437	15
181.40000000000146	46
181.5	58
181.60000000000582	81
180.90000000000146	70
180.90000000000146	92
180.90000000000146	72
180.90000000000146	6
180.90000000000146	7
180.90000000000146	39
181.0	47
181.0	48
181.0	37
181.0	100
181.0	13
181.0	76
181.10000000000582	12
181.10000000000582	54
181.10000000000582	4
181.10000000000582	21
181.10000000000582	9
181.10000000000582	96
181.10000000000582	67
181.10000000000582	42
181.10000000000582	17
181.10000000000582	85
181.20000000000437	60
181.20000000000437	66
182.0	81
182.0	38
182.60000000000582	48
182.60000000000582	31
182.60000000000582	18
182.70000000000437	59
182.70000000000437	9
182.70000000000437	85
182.70000000000437	96
182.70000000000437	43
182.70000000000437	4
182.70000000000437	36
182.70000000000437	50
183.60000000000582	19
183.60000000000582	43
183.60000000000582	57
183.60000000000582	39
183.60000000000582	8
183.60000000000582	8
183.60000000000582	58
183.60000000000582	21
183.60000000000582	61
183.60000000000582	63
183.60000000000582	38
183.60000000000582	60
183.70000000000437	60
183.70000000000437	66
183.70000000000437	2
183.70000000000437	2
183.70000000000437	69
183.70000000000437	3
183.70000000000437	73
183.70000000000437	41
183.70000000000437	27
183.70000000000437	14
183.70000000000437	42
183.70000000000437	71
183.70000000000437	5
183.70000000000437	22
183.70000000000437	100
183.90000000000146	7
183.90000000000146	98
183.90000000000146	98
184.0	13
184.0	13
184.0	25
184.0	20
184.10000000000582	99
184.10000000000582	99
184.40000000000146	36
184.40000000000146	69
185.10000000000582	59
185.10000000000582	22
185.10000000000582	39
185.10000000000582	47
185.10000000000582	41
185.10000000000582	18
185.10000000000582	9
185.10000000000582	34
185.10000000000582	87
185.10000000000582	56
185.10000000000582	48
185.10000000000582	38
185.10000000000582	84
185.10000000000582	4
185.10000000000582	95
185.10000000000582	40
185.20000000000437	86
185.20000000000437	92
185.20000000000437	12
185.20000000000437	50
185.40000000000146	58
185.40000000000146	81
185.70000000000437	28
185.70000000000437	85
185.70000000000437	1
185.70000000000437	48
185.70000000000437	20
185.70000000000437	64
185.70000000000437	59
185.70000000000437	77
185.70000000000437	81
185.70000000000437	4
185.70000000000437	42
185.70000000000437	25
185.70000000000437	73
186.20000000000437	98
185.90000000000146	87
185.90000000000146	89
185.90000000000146	13
185.90000000000146	84
186.40000000000146	5
186.5	91
186.60000000000582	66
186.70000000000437	36
186.70000000000437	86
187.10000000000582	18
187.20000000000437	92
187.60000000000582	77
187.60000000000582	29
187.60000000000582	20
187.70000000000437	42
187.70000000000437	6
186.90000000000146	72
186.90000000000146	85
186.90000000000146	61
186.90000000000146	17
186.90000000000146	81
186.90000000000146	59
186.90000000000146	48
186.90000000000146	47
186.90000000000146	14
187.0	1
187.0	64
187.0	50
187.0	56
187.0	95
187.10000000000582	38
187.10000000000582	9
187.70000000000437	25
187.70000000000437	24
187.90000000000146	36
188.0	18
188.0	9
188.10000000000582	42
188.10000000000582	53
188.20000000000437	61
188.20000000000437	81
188.20000000000437	57
188.20000000000437	99
188.20000000000437	84
188.20000000000437	76
188.20000000000437	48
188.20000000000437	15
188.20000000000437	66
188.20000000000437	73
188.20000000000437	1
188.20000000000437	87
188.20000000000437	70
188.20000000000437	6
188.20000000000437	100
188.3000000000029	86
188.3000000000029	14
189.60000000000582	72
188.90000000000146	56
189.0	77
189.10000000000582	13
189.10000000000582	24
189.20000000000437	98
189.20000000000437	25
189.20000000000437	28
189.20000000000437	22
189.20000000000437	8
189.3000000000029	60
189.3000000000029	92
189.3000000000029	81
189.3000000000029	4
189.3000000000029	9
189.3000000000029	66
189.3000000000029	76
189.3000000000029	61
189.3000000000029	100
189.3000000000029	85
189.3000000000029	7
189.40000000000146	59
189.40000000000146	99
189.40000000000146	20
190.10000000000582	89
190.10000000000582	21
190.10000000000582	58
190.20000000000437	29
190.3000000000029	18
190.3000000000029	48
190.3000000000029	42
190.3000000000029	86
190.40000000000146	95
190.5	25
190.5	91
190.5	57
190.5	47
190.5	2
190.5	3
190.5	84
190.5	27
190.60000000000582	56
190.60000000000582	9
190.60000000000582	43
191.20000000000437	50
191.20000000000437	85
191.40000000000146	13
191.40000000000146	87
191.5	48
191.5	92
191.60000000000582	34
191.60000000000582	57
191.60000000000582	47
191.60000000000582	81
191.60000000000582	24
191.70000000000437	22
191.70000000000437	59
191.70000000000437	42
191.70000000000437	36
191.70000000000437	9
191.70000000000437	6
191.70000000000437	35
191.70000000000437	19
192.0	99
192.40000000000146	91
193.10000000000582	2
193.10000000000582	43
193.10000000000582	86
193.10000000000582	38
193.20000000000437	84
193.3000000000029	95
193.3000000000029	13
193.3000000000029	25
193.40000000000146	51
193.40000000000146	64
192.90000000000146	81
192.90000000000146	73
192.90000000000146	76
192.90000000000146	83
192.90000000000146	98
192.90000000000146	68
192.90000000000146	47
192.90000000000146	100
192.90000000000146	21
192.90000000000146	42
193.0	49
193.0	3
193.10000000000582	37
193.10000000000582	58
193.5	87
193.5	99
194.0	15
194.40000000000146	23
194.70000000000437	8
194.70000000000437	73
193.90000000000146	72
193.90000000000146	57
193.90000000000146	89
193.90000000000146	29
194.0	58
194.0	25
194.0	86
194.0	28
194.10000000000582	42
194.10000000000582	82
194.10000000000582	9
194.10000000000582	55
194.10000000000582	18
194.10000000000582	3
194.10000000000582	39
194.10000000000582	49
194.10000000000582	20
194.70000000000437	99
194.90000000000146	60
195.0	87
195.10000000000582	24
195.10000000000582	6
195.10000000000582	27
195.10000000000582	57
195.10000000000582	5
195.10000000000582	1
195.10000000000582	23
195.20000000000437	73
195.20000000000437	91
195.20000000000437	25
195.20000000000437	29
195.20000000000437	22
195.20000000000437	56
195.3000000000029	7
195.3000000000029	84
195.3000000000029	76
195.3000000000029	65
195.3000000000029	9
195.3000000000029	95
195.40000000000146	82
196.20000000000437	64
196.20000000000437	4
196.3000000000029	49
196.3000000000029	70
196.3000000000029	89
196.3000000000029	50
196.40000000000146	85
196.40000000000146	25
196.40000000000146	41
196.40000000000146	14
196.40000000000146	71
196.40000000000146	22
196.40000000000146	87
196.40000000000146	13
196.40000000000146	98
196.40000000000146	42
196.40000000000146	83
196.5	99
196.5	59
196.5	57
196.5	76
196.5	36
196.60000000000582	40
197.40000000000146	39
197.90000000000146	58
197.90000000000146	1
197.90000000000146	84
198.0	89
198.0	7
198.0	59
198.0	23
198.0	99
198.0	15
198.0	24
198.0	83
198.0	92
198.0	76
198.0	22
198.0	27
198.0	91
198.0	25
198.0	77
198.0	73
198.0	13
198.0	95
198.0	9
198.20000000000437	47
198.5	4
198.5	57
198.60000000000582	6
198.60000000000582	49
198.60000000000582	3
198.60000000000582	85
198.60000000000582	71
198.70000000000437	59
198.70000000000437	86
198.70000000000437	50
198.70000000000437	13
198.70000000000437	24
198.70000000000437	92
198.70000000000437	7
198.90000000000146	25
198.90000000000146	47
199.0	21
199.0	22
199.10000000000582	60
199.20000000000437	35
199.20000000000437	40
200.0	59
200.0	99
200.0	58
200.0	20
200.0	82
200.0	73
200.0	76
200.0	6
200.0	98
200.0	25
200.0	83
200.0	84
200.0	27
200.0	15
200.0	95
200.10000000000582	13
200.10000000000582	3
200.10000000000582	24
200.10000000000582	4
200.40000000000146	7
200.5	1
201.40000000000146	49
201.0	57
201.0	97
201.0	4
201.0	85
201.0	83
201.0	9
201.10000000000582	58
201.10000000000582	59
201.10000000000582	36
201.10000000000582	35
201.10000000000582	68
201.10000000000582	84
201.20000000000437	25
201.20000000000437	7
201.20000000000437	23
201.20000000000437	71
201.20000000000437	56
201.20000000000437	86
201.20000000000437	17
201.20000000000437	24
201.3000000000029	92
202.0	49
202.20000000000437	57
202.20000000000437	22
202.20000000000437	69
202.20000000000437	87
202.20000000000437	99
202.3000000000029	76
202.3000000000029	4
202.3000000000029	83
202.3000000000029	9
202.3000000000029	5
202.3000000000029	64
202.3000000000029	73
202.40000000000146	25
202.40000000000146	72
202.40000000000146	7
202.40000000000146	13
202.40000000000146	21
202.40000000000146	68
202.40000000000146	47
202.40000000000146	92
202.40000000000146	58
203.20000000000437	49
203.40000000000146	15
203.40000000000146	57
203.40000000000146	8
203.40000000000146	24
203.40000000000146	60
203.40000000000146	40
203.40000000000146	5
203.40000000000146	39
203.40000000000146	22
203.40000000000146	18
203.40000000000146	99
203.40000000000146	9
203.40000000000146	71
203.5	83
203.5	91
203.5	73
203.5	7
203.60000000000582	25
203.60000000000582	92
203.60000000000582	56
204.5	49
204.5	3
204.5	24
204.60000000000582	57
204.60000000000582	58
204.60000000000582	71
204.60000000000582	47
204.60000000000582	73
204.60000000000582	9
204.70000000000437	83
204.70000000000437	22
204.70000000000437	62
204.70000000000437	97
204.70000000000437	4
204.70000000000437	69
204.70000000000437	64
204.70000000000437	13
204.70000000000437	68
204.70000000000437	7
204.70000000000437	76
205.10000000000582	92
205.5	86
205.5	72
205.60000000000582	91
205.70000000000437	25
204.90000000000146	8
205.0	85
205.60000000000582	49
205.70000000000437	21
205.70000000000437	5
206.0	76
206.3000000000029	58
206.3000000000029	64
206.3000000000029	28
206.5	40
206.5	62
206.60000000000582	20
206.60000000000582	57
206.60000000000582	71
206.70000000000437	9
206.70000000000437	22
205.90000000000146	42
205.90000000000146	86
205.90000000000146	89
205.90000000000146	19
205.90000000000146	84
205.90000000000146	4
206.0	25
207.60000000000582	49
206.90000000000146	6
206.90000000000146	50
207.0	13
207.0	57
207.0	3
207.10000000000582	8
207.10000000000582	22
207.10000000000582	28
207.10000000000582	58
207.10000000000582	59
207.10000000000582	4
207.10000000000582	99
207.20000000000437	87
207.20000000000437	25
207.20000000000437	64
207.20000000000437	42
207.20000000000437	98
208.0	95
208.0	81
208.0	76
208.10000000000582	49
208.10000000000582	73
208.10000000000582	86
208.10000000000582	21
208.20000000000437	68
208.20000000000437	8
208.20000000000437	35
208.20000000000437	40
208.20000000000437	58
208.20000000000437	28
208.20000000000437	84
208.20000000000437	99
208.20000000000437	3
208.20000000000437	13
208.20000000000437	9
208.20000000000437	24
208.3000000000029	92
208.40000000000146	4
208.40000000000146	25
208.40000000000146	41
208.40000000000146	42
208.40000000000146	59
209.3000000000029	97
209.3000000000029	73
209.3000000000029	86
209.3000000000029	68
209.3000000000029	40
209.3000000000029	95
209.3000000000029	71
209.40000000000146	9
209.40000000000146	81
209.40000000000146	35
209.40000000000146	28
209.40000000000146	49
209.5	17
209.5	92
209.60000000000582	42
209.60000000000582	59
209.60000000000582	4
209.60000000000582	25
210.5	57
210.5	47
210.5	50
210.5	5
210.5	58
210.5	95
210.5	89
210.60000000000582	9
210.60000000000582	65
210.60000000000582	40
210.60000000000582	81
210.60000000000582	49
210.70000000000437	28
210.70000000000437	42
210.70000000000437	4
211.3000000000029	25
211.3000000000029	72
211.5	76
211.60000000000582	73
211.60000000000582	86
211.70000000000437	58
211.70000000000437	47
211.70000000000437	89
212.20000000000437	98
211.90000000000146	17
211.90000000000146	13
211.90000000000146	57
212.0	92
212.0	22
212.60000000000582	35
212.60000000000582	68
212.70000000000437	19
212.70000000000437	95
211.90000000000146	49
211.90000000000146	59
211.90000000000146	14
211.90000000000146	42
211.90000000000146	4
211.90000000000146	40
211.90000000000146	62
212.0	36
212.0	25
213.0	9
213.0	60
213.0	50
213.0	89
213.0	47
213.10000000000582	66
213.10000000000582	49
213.10000000000582	59
213.10000000000582	81
213.10000000000582	28
213.10000000000582	76
213.10000000000582	65
213.10000000000582	58
214.0	98
214.0	4
214.0	91
214.0	25
214.10000000000582	20
214.10000000000582	57
214.10000000000582	58
214.10000000000582	86
214.10000000000582	42
214.10000000000582	57
214.10000000000582	59
214.10000000000582	47
214.10000000000582	40
214.20000000000437	95
214.20000000000437	76
214.20000000000437	13
214.20000000000437	50
214.3000000000029	1
214.3000000000029	1
214.3000000000029	92
214.3000000000029	42
214.3000000000029	89
214.3000000000029	21
214.3000000000029	49
214.3000000000029	4
215.60000000000582	25
215.60000000000582	76
215.60000000000582	57
215.60000000000582	99
215.60000000000582	25
215.60000000000582	41
215.60000000000582	92
215.60000000000582	28
215.60000000000582	42
215.60000000000582	20
215.60000000000582	49
215.60000000000582	87
215.70000000000437	95
215.70000000000437	9
215.70000000000437	59
216.0	4
216.0	8
216.5	3
216.5	21
216.5	57
216.5	65
216.5	40
216.5	22
216.5	24
216.5	47
216.5	28
216.5	20
216.60000000000582	81
216.60000000000582	95
216.60000000000582	76
216.60000000000582	50
216.70000000000437	41
216.70000000000437	58
216.70000000000437	72
216.70000000000437	42
217.3000000000029	14
216.90000000000146	25
217.60000000000582	9
217.60000000000582	59
217.60000000000582	47
217.60000000000582	28
217.60000000000582	21
217.70000000000437	13
217.70000000000437	57
217.70000000000437	89
218.3000000000029	95
217.90000000000146	76
218.0	22
217.90000000000146	20
217.90000000000146	50
217.90000000000146	81
217.90000000000146	85
217.90000000000146	42
217.90000000000146	92
218.10000000000582	71
218.20000000000437	38
218.3000000000029	25
219.20000000000437	40
219.40000000000146	21
219.40000000000146	28
219.70000000000437	39
219.70000000000437	17
218.90000000000146	57
218.90000000000146	49
218.90000000000146	4
218.90000000000146	59
219.0	95
219.0	22
219.0	24
219.10000000000582	50
219.10000000000582	20
219.10000000000582	7
219.20000000000437	92
219.20000000000437	14
219.3000000000029	58
219.90000000000146	71
219.90000000000146	81
219.90000000000146	25
219.90000000000146	64
220.0	99
220.0	55
220.0	28
220.0	40
220.0	86
220.10000000000582	4
220.10000000000582	17
220.10000000000582	87
220.20000000000437	84
220.20000000000437	95
220.20000000000437	57
220.20000000000437	22
220.3000000000029	50
220.3000000000029	42
220.40000000000146	92
221.10000000000582	49
221.10000000000582	21
221.10000000000582	81
221.10000000000582	47
221.10000000000582	25
221.20000000000437	98
221.20000000000437	58
221.20000000000437	64
221.3000000000029	57
221.3000000000029	89
221.3000000000029	4
221.5	20
221.5	42
221.5	50
222.3000000000029	6
222.3000000000029	85
222.3000000000029	9
222.3000000000029	99
222.3000000000029	28
222.40000000000146	91
222.40000000000146	72
222.40000000000146	59
222.40000000000146	81
222.40000000000146	49
222.90000000000146	14
222.90000000000146	71
222.90000000000146	55
222.90000000000146	87
223.0	13
223.0	20
223.0	22
223.10000000000582	57
223.40000000000146	47
223.40000000000146	25
223.5	68
223.5	21
223.5	7
223.5	9
223.60000000000582	35
223.60000000000582	28
223.70000000000437	89
223.70000000000437	4
224.3000000000029	14
224.3000000000029	58
223.90000000000146	60
223.90000000000146	22
224.60000000000582	25
224.60000000000582	42
224.70000000000437	81
224.70000000000437	57
225.60000000000582	9
225.0	50
225.60000000000582	28
224.90000000000146	87
224.90000000000146	99
224.90000000000146	68
224.90000000000146	89
225.0	92
225.90000000000146	42
225.90000000000146	72
225.90000000000146	81
226.0	60
226.0	85
226.0	4
226.0	18
226.0	92
226.0	59
226.0	57
226.10000000000582	49
226.10000000000582	28
226.10000000000582	21
226.20000000000437	22
226.20000000000437	25
226.20000000000437	19
226.40000000000146	20
227.40000000000146	7
227.40000000000146	47
227.40000000000146	22
227.5	49
227.5	84
227.5	9
227.5	81
227.5	58
227.5	57
227.5	95
227.5	87
227.5	50
228.10000000000582	60
228.10000000000582	68
228.3000000000029	58
228.3000000000029	71
228.3000000000029	25
228.40000000000146	9
228.40000000000146	81
228.40000000000146	28
228.5	68
228.5	18
228.60000000000582	47
229.40000000000146	42
230.10000000000582	47
230.10000000000582	50
230.10000000000582	9
230.10000000000582	68
230.10000000000582	81
230.10000000000582	87
230.10000000000582	59
230.10000000000582	57
230.10000000000582	28
230.10000000000582	60
230.10000000000582	76
230.10000000000582	18
230.3000000000029	25
230.60000000000582	42
230.60000000000582	5
230.60000000000582	58
230.70000000000437	35
230.70000000000437	50
231.40000000000146	25
231.10000000000582	87
231.60000000000582	21
231.70000000000437	57
230.90000000000146	40
230.90000000000146	68
231.10000000000582	47
231.70000000000437	84
232.40000000000146	5
232.5	85
232.5	42
232.5	7
231.90000000000146	92
231.90000000000146	35
232.0	25
232.0	28
232.0	22
232.0	60
232.10000000000582	20
232.10000000000582	4
232.20000000000437	57
232.20000000000437	81
232.3000000000029	50
232.3000000000029	47
232.3000000000029	49
233.0	89
233.0	42
233.0	92
233.10000000000582	95
233.20000000000437	40
233.20000000000437	4
233.20000000000437	72
233.40000000000146	81
233.5	59
233.5	47
234.20000000000437	6
234.3000000000029	25
234.3000000000029	36
234.3000000000029	85
234.5	21
234.60000000000582	4
234.70000000000437	81
234.70000000000437	59
235.3000000000029	42
235.3000000000029	14
235.40000000000146	35
235.40000000000146	89
235.5	5
235.5	72
235.5	28
235.5	22
235.60000000000582	21
235.60000000000582	25
235.70000000000437	47
235.70000000000437	57
235.90000000000146	60
235.90000000000146	81
235.90000000000146	99
236.5	4
236.5	84
236.60000000000582	42
236.70000000000437	68
236.70000000000437	28
236.70000000000437	5
236.70000000000437	22
237.40000000000146	59
237.40000000000146	35
236.90000000000146	60
236.90000000000146	55
237.0	47
237.0	25
237.60000000000582	89
237.70000000000437	36
238.60000000000582	57
237.90000000000146	35
237.90000000000146	42
237.90000000000146	4
238.0	81
238.0	5
238.0	28
238.0	21
238.10000000000582	72
238.10000000000582	99
238.20000000000437	59
238.20000000000437	40
239.40000000000146	68
239.60000000000582	89
238.90000000000146	22
238.90000000000146	18
239.10000000000582	36
239.10000000000582	28
239.10000000000582	5
239.20000000000437	25
239.20000000000437	99
239.3000000000029	81
239.40000000000146	42
239.40000000000146	40
240.0	57
240.20000000000437	20
240.20000000000437	36
240.20000000000437	72
240.20000000000437	98
240.3000000000029	14
240.3000000000029	18
240.3000000000029	25
240.3000000000029	59
240.40000000000146	28
240.5	42
240.60000000000582	21
240.70000000000437	85
240.70000000000437	40
241.20000000000437	57
241.40000000000146	99
241.40000000000146	35
241.40000000000146	68
241.40000000000146	22
241.40000000000146	64
241.5	81
241.5	60
241.5	18
241.60000000000582	4
241.60000000000582	72
241.70000000000437	42
241.70000000000437	36
243.0	22
243.0	21
243.0	57
243.0	89
243.10000000000582	14
243.10000000000582	28
243.10000000000582	68
244.10000000000582	14
244.10000000000582	50
244.10000000000582	40
244.10000000000582	95
244.10000000000582	22
244.20000000000437	25
244.20000000000437	42
244.20000000000437	59
244.60000000000582	60
244.60000000000582	36
245.3000000000029	89
245.3000000000029	28
245.3000000000029	25
245.40000000000146	84
245.40000000000146	35
245.40000000000146	50
246.10000000000582	72
246.10000000000582	18
246.10000000000582	68
246.20000000000437	42
246.20000000000437	38
246.20000000000437	64
246.20000000000437	25
246.5	85
246.5	95
247.3000000000029	38
247.3000000000029	72
247.3000000000029	36
247.3000000000029	42
247.40000000000146	68
247.40000000000146	49
247.40000000000146	57
247.40000000000146	21
247.70000000000437	28
248.3000000000029	81
248.20000000000437	50
248.40000000000146	42
248.40000000000146	22
248.5	89
248.5	58
248.5	85
248.60000000000582	57
248.60000000000582	36
248.60000000000582	25
249.0	49
249.0	14
249.60000000000582	98
249.70000000000437	72
249.70000000000437	89
250.0	84
250.0	95
250.0	22
250.70000000000437	42
251.0	68
251.70000000000437	98
250.90000000000146	50
250.90000000000146	81
251.10000000000582	18
251.20000000000437	49
252.0	25
252.0	42
252.0	57
252.0	22
252.10000000000582	21
252.3000000000029	28
252.40000000000146	84
252.40000000000146	68
253.10000000000582	81
253.10000000000582	42
253.3000000000029	85
253.40000000000146	14
253.5	49
254.20000000000437	21
254.3000000000029	99
254.40000000000146	81
254.40000000000146	50
254.5	28
255.40000000000146	85
255.5	42
255.5	40
256.40000000000146	21
255.90000000000146	14
256.6000000000058	81
257.40000000000146	98
257.5	83
257.6000000000058	18
258.5	40
258.6000000000058	81
258.6000000000058	25
258.6000000000058	85
258.6000000000058	22
258.6000000000058	42
258.6000000000058	58
259.40000000000146	21
259.0	14
259.0	57
259.0	72
259.0	42
259.40000000000146	81
260.6000000000058	14
260.6000000000058	42
260.6000000000058	83
260.6000000000058	40
260.6000000000058	21
261.20000000000437	22
261.20000000000437	25
262.1000000000058	21
261.90000000000146	83
262.40000000000146	40
262.40000000000146	58
262.6000000000058	28
262.90000000000146	21
262.90000000000146	42
263.70000000000437	25
263.70000000000437	28
263.70000000000437	98
263.70000000000437	21
264.0	50
264.0	85
264.70000000000437	40
264.70000000000437	58
264.90000000000146	28
265.1000000000058	98
265.20000000000437	25
265.70000000000437	21
265.90000000000146	58
266.0	95
266.3000000000029	85
266.90000000000146	49
267.0	4
267.40000000000146	58
268.20000000000437	83
268.20000000000437	49
268.3000000000029	40
269.3000000000029	84
269.40000000000146	25
269.40000000000146	83
269.5	22
270.5	40
270.5	49
270.6000000000058	83
270.70000000000437	50
271.70000000000437	98
271.70000000000437	42
271.70000000000437	25
272.5	49
272.6000000000058	84
273.0	83
273.0	84
274.0	25
275.3000000000029	84
275.40000000000146	28
275.40000000000146	58
275.6000000000058	25
275.6000000000058	40
276.70000000000437	83
277.5	42
277.70000000000437	28
279.40000000000146	25
279.90000000000146	28
279.90000000000146	42
281.1000000000058	40
281.20000000000437	42
281.20000000000437	25
283.3000000000029	28
283.5	40
288.1000000000058	28
294.20000000000437	28
300.0	85
300.20000000000437	28
301.20000000000437	85
302.40000000000146	85
302.5	28
308.5	85
315.20000000000437	85
320.90000000000146	85
322.40000000000146	85
324.70000000000437	85
