0.0	62
0.0	62
3.8000000000029104	26
3.8000000000029104	26
5.19999999999709	62
5.400000000001455	2
5.400000000001455	2
6.30000000000291	9
6.30000000000291	9
7.900000000001455	8
7.900000000001455	8
8.0	43
8.0	43
8.30000000000291	50
8.30000000000291	50
8.69999999999709	59
8.69999999999709	59
8.69999999999709	26
8.69999999999709	4
8.69999999999709	4
9.80000000000291	62
9.900000000001455	34
9.900000000001455	34
10.0	22
10.0	22
10.0	2
10.30000000000291	38
10.30000000000291	38
10.30000000000291	16
10.30000000000291	16
10.80000000000291	13
10.80000000000291	13
11.19999999999709	8
11.30000000000291	9
11.30000000000291	20
11.30000000000291	20
11.599999999998545	19
11.599999999998545	19
11.80000000000291	31
11.80000000000291	31
12.69999999999709	49
12.69999999999709	49
12.69999999999709	43
13.0	50
13.30000000000291	26
13.30000000000291	44
13.30000000000291	44
13.400000000001455	40
13.400000000001455	40
13.69999999999709	51
13.69999999999709	51
13.69999999999709	59
13.900000000001455	14
13.900000000001455	14
14.0	4
14.19999999999709	55
14.19999999999709	55
14.599999999998545	62
14.69999999999709	29
14.69999999999709	29
14.69999999999709	22
14.69999999999709	2
15.0	34
15.099999999998545	38
15.19999999999709	12
15.19999999999709	12
15.400000000001455	16
15.900000000001455	8
15.900000000001455	13
16.099999999998545	9
16.30000000000291	3
16.30000000000291	3
16.30000000000291	52
16.30000000000291	52
16.400000000001455	25
16.400000000001455	25
17.099999999998545	20
16.80000000000291	19
17.099999999998545	31
17.400000000001455	18
17.400000000001455	18
17.69999999999709	43
17.80000000000291	49
17.900000000001455	50
18.099999999998545	42
18.099999999998545	42
18.19999999999709	40
18.19999999999709	26
18.19999999999709	56
18.19999999999709	56
18.400000000001455	1
18.400000000001455	1
18.599999999998545	39
18.599999999998545	39
18.599999999998545	63
18.599999999998545	63
18.69999999999709	44
18.69999999999709	59
18.80000000000291	51
19.099999999998545	4
19.099999999998545	14
19.099999999998545	64
19.099999999998545	64
19.19999999999709	61
19.19999999999709	61
19.30000000000291	55
19.400000000001455	46
19.400000000001455	46
20.30000000000291	29
19.599999999998545	62
19.599999999998545	2
19.69999999999709	22
20.0	34
20.099999999998545	58
20.099999999998545	58
20.099999999998545	35
20.099999999998545	35
20.19999999999709	38
20.400000000001455	23
20.400000000001455	23
20.400000000001455	36
20.400000000001455	36
20.900000000001455	12
21.30000000000291	16
20.599999999998545	27
20.599999999998545	27
20.599999999998545	8
20.80000000000291	9
21.0	13
21.099999999998545	3
21.30000000000291	52
21.69999999999709	25
21.69999999999709	7
21.69999999999709	7
21.80000000000291	19
21.80000000000291	20
22.0	57
22.0	57
22.099999999998545	18
22.19999999999709	31
22.80000000000291	43
22.80000000000291	50
22.900000000001455	28
22.900000000001455	28
22.900000000001455	42
22.900000000001455	49
23.19999999999709	10
23.19999999999709	10
23.19999999999709	40
23.19999999999709	56
23.400000000001455	5
23.80000000000291	5
23.80000000000291	26
23.80000000000291	1
23.80000000000291	39
23.80000000000291	59
23.80000000000291	63
23.900000000001455	44
24.0	4
24.0	51
24.099999999998545	14
24.19999999999709	61
24.30000000000291	55
25.099999999998545	22
25.099999999998545	64
25.099999999998545	38
25.099999999998545	2
25.099999999998545	58
25.19999999999709	29
25.19999999999709	62
25.19999999999709	46
25.400000000001455	34
25.400000000001455	12
25.400000000001455	8
25.400000000001455	36
25.80000000000291	35
25.80000000000291	27
25.80000000000291	9
25.80000000000291	16
25.900000000001455	3
26.0	23
26.0	13
26.400000000001455	52
26.400000000001455	25
26.900000000001455	19
26.900000000001455	18
27.0	20
27.0	47
27.0	47
27.19999999999709	7
27.19999999999709	57
27.400000000001455	31
27.900000000001455	50
28.0	42
28.0	49
28.099999999998545	28
28.099999999998545	43
28.19999999999709	60
28.19999999999709	10
28.19999999999709	56
28.19999999999709	60
28.19999999999709	40
28.30000000000291	21
28.30000000000291	21
28.80000000000291	41
28.80000000000291	41
28.599999999998545	39
28.69999999999709	63
28.69999999999709	59
28.69999999999709	26
28.69999999999709	1
28.69999999999709	5
28.80000000000291	53
28.80000000000291	53
28.900000000001455	4
29.099999999998545	14
29.19999999999709	51
29.19999999999709	44
29.30000000000291	62
29.400000000001455	29
29.400000000001455	55
29.80000000000291	61
29.900000000001455	64
29.599999999998545	2
29.599999999998545	22
29.69999999999709	58
29.69999999999709	46
29.900000000001455	16
29.900000000001455	23
30.099999999998545	38
30.19999999999709	8
30.19999999999709	36
30.30000000000291	35
30.400000000001455	34
30.400000000001455	9
30.400000000001455	30
30.400000000001455	30
31.30000000000291	12
30.80000000000291	27
30.80000000000291	3
31.0	13
31.19999999999709	15
31.19999999999709	15
31.400000000001455	25
32.19999999999709	52
31.69999999999709	18
31.900000000001455	19
32.0	47
32.099999999998545	20
32.30000000000291	57
32.599999999998545	7
32.599999999998545	31
32.900000000001455	50
33.0	49
33.099999999998545	56
33.19999999999709	10
33.30000000000291	28
33.400000000001455	40
34.19999999999709	60
34.19999999999709	43
34.19999999999709	42
34.30000000000291	39
33.599999999998545	21
33.69999999999709	59
33.80000000000291	5
33.80000000000291	53
33.80000000000291	4
33.900000000001455	63
33.900000000001455	1
33.900000000001455	41
34.099999999998545	14
34.099999999998545	26
34.19999999999709	61
34.30000000000291	29
34.30000000000291	44
34.400000000001455	55
34.400000000001455	51
34.400000000001455	62
34.400000000001455	58
35.19999999999709	2
34.599999999998545	16
34.69999999999709	22
34.69999999999709	64
34.80000000000291	23
34.80000000000291	46
35.0	17
35.0	17
35.0	38
35.099999999998545	6
35.099999999998545	6
35.19999999999709	35
35.19999999999709	48
35.19999999999709	48
35.19999999999709	12
35.19999999999709	36
35.19999999999709	9
35.30000000000291	8
35.400000000001455	34
35.400000000001455	30
35.69999999999709	27
35.69999999999709	3
35.80000000000291	13
36.19999999999709	15
36.30000000000291	25
36.30000000000291	32
36.30000000000291	32
37.30000000000291	52
36.599999999998545	18
36.900000000001455	45
36.900000000001455	45
36.900000000001455	47
37.099999999998545	19
37.19999999999709	20
37.400000000001455	57
37.80000000000291	31
38.0	7
38.0	33
38.0	33
38.099999999998545	10
38.099999999998545	49
38.19999999999709	56
38.19999999999709	50
38.900000000001455	28
39.30000000000291	39
38.599999999998545	40
39.400000000001455	5
39.400000000001455	44
39.400000000001455	59
39.400000000001455	16
39.400000000001455	60
39.400000000001455	21
39.400000000001455	63
39.400000000001455	55
39.400000000001455	53
39.400000000001455	61
39.400000000001455	58
39.400000000001455	1
39.400000000001455	42
39.400000000001455	26
39.400000000001455	29
39.400000000001455	43
39.400000000001455	2
39.599999999998545	4
39.599999999998545	23
39.599999999998545	51
39.599999999998545	46
39.69999999999709	14
39.69999999999709	62
39.69999999999709	64
39.80000000000291	41
39.80000000000291	22
39.80000000000291	17
39.900000000001455	38
40.0	24
40.0	24
40.0	9
40.0	12
40.099999999998545	36
40.19999999999709	6
40.19999999999709	35
40.19999999999709	8
40.400000000001455	34
40.400000000001455	48
40.400000000001455	30
40.69999999999709	3
40.69999999999709	27
40.69999999999709	13
41.0	25
41.099999999998545	32
41.30000000000291	15
41.30000000000291	18
41.400000000001455	52
41.80000000000291	47
42.0	45
42.19999999999709	19
43.0	20
42.599999999998545	37
42.69999999999709	37
42.80000000000291	57
43.0	31
43.099999999998545	10
43.400000000001455	49
43.400000000001455	33
43.400000000001455	7
43.69999999999709	56
43.69999999999709	39
43.69999999999709	28
43.80000000000291	53
43.900000000001455	59
43.900000000001455	50
43.900000000001455	40
43.900000000001455	16
44.0	4
44.0	43
44.19999999999709	60
44.19999999999709	61
44.19999999999709	5
44.30000000000291	23
44.30000000000291	42
44.30000000000291	21
44.30000000000291	58
44.30000000000291	14
44.30000000000291	2
44.30000000000291	54
44.30000000000291	54
44.30000000000291	44
44.400000000001455	26
45.30000000000291	1
45.30000000000291	55
44.599999999998545	17
44.599999999998545	63
44.599999999998545	46
44.69999999999709	41
44.69999999999709	29
44.69999999999709	51
44.80000000000291	38
44.80000000000291	12
44.80000000000291	9
44.900000000001455	62
44.900000000001455	64
44.900000000001455	24
44.900000000001455	22
45.099999999998545	36
45.099999999998545	8
45.30000000000291	35
45.69999999999709	48
45.80000000000291	3
46.0	34
46.0	27
46.0	6
46.099999999998545	13
45.599999999998545	30
45.69999999999709	25
46.0	32
46.099999999998545	18
46.30000000000291	52
46.30000000000291	15
46.599999999998545	47
47.0	45
47.099999999998545	19
47.599999999998545	37
47.69999999999709	57
47.900000000001455	20
48.30000000000291	10
48.30000000000291	31
48.400000000001455	56
48.69999999999709	7
48.69999999999709	33
48.80000000000291	16
48.80000000000291	59
48.80000000000291	49
48.900000000001455	39
48.900000000001455	28
48.900000000001455	53
49.19999999999709	4
49.19999999999709	23
49.19999999999709	43
49.19999999999709	2
49.19999999999709	50
49.19999999999709	40
49.30000000000291	17
49.30000000000291	54
49.30000000000291	5
49.30000000000291	44
49.400000000001455	58
49.80000000000291	61
50.0	46
50.099999999998545	26
50.19999999999709	60
49.599999999998545	55
49.599999999998545	21
49.599999999998545	14
49.69999999999709	12
49.69999999999709	24
49.69999999999709	38
49.80000000000291	9
49.80000000000291	42
49.80000000000291	29
49.900000000001455	51
49.900000000001455	1
50.0	41
50.0	63
50.0	22
50.0	64
50.0	62
50.099999999998545	36
50.19999999999709	27
50.19999999999709	8
50.19999999999709	3
50.19999999999709	25
50.400000000001455	34
50.400000000001455	30
50.400000000001455	48
50.400000000001455	13
50.400000000001455	35
50.69999999999709	6
50.80000000000291	18
50.80000000000291	32
51.099999999998545	15
51.099999999998545	52
51.19999999999709	47
51.80000000000291	45
52.900000000001455	57
52.900000000001455	37
52.900000000001455	19
53.400000000001455	20
53.400000000001455	10
53.400000000001455	11
53.400000000001455	11
53.599999999998545	56
53.599999999998545	31
53.900000000001455	59
53.900000000001455	16
55.400000000001455	23
55.400000000001455	49
55.400000000001455	7
55.400000000001455	2
54.599999999998545	12
54.599999999998545	58
54.599999999998545	53
54.599999999998545	33
54.599999999998545	17
54.599999999998545	44
54.599999999998545	4
54.599999999998545	43
54.599999999998545	5
54.599999999998545	28
54.599999999998545	61
54.599999999998545	40
54.599999999998545	26
54.69999999999709	39
54.69999999999709	14
54.69999999999709	51
54.69999999999709	24
54.69999999999709	50
54.69999999999709	54
54.69999999999709	55
54.69999999999709	9
54.69999999999709	60
54.80000000000291	21
54.80000000000291	63
54.80000000000291	38
54.900000000001455	46
54.900000000001455	25
54.900000000001455	29
55.19999999999709	62
55.19999999999709	36
55.19999999999709	3
55.19999999999709	27
55.19999999999709	48
55.19999999999709	64
55.19999999999709	13
55.19999999999709	42
55.19999999999709	1
55.30000000000291	35
55.30000000000291	41
55.30000000000291	30
55.30000000000291	22
55.30000000000291	34
56.099999999998545	18
55.599999999998545	8
55.599999999998545	6
55.599999999998545	32
55.80000000000291	15
55.900000000001455	52
56.0	47
56.599999999998545	45
57.900000000001455	19
58.0	37
58.099999999998545	57
58.599999999998545	10
58.80000000000291	56
58.900000000001455	20
59.0	11
59.0	31
59.099999999998545	16
59.099999999998545	59
59.19999999999709	17
59.19999999999709	7
59.400000000001455	43
59.599999999998545	53
60.0	39
60.0	4
60.19999999999709	33
60.30000000000291	5
59.599999999998545	51
59.599999999998545	46
59.599999999998545	26
59.599999999998545	12
59.599999999998545	40
59.599999999998545	49
59.69999999999709	23
59.69999999999709	61
59.69999999999709	25
59.69999999999709	28
59.69999999999709	2
59.69999999999709	58
59.80000000000291	44
59.80000000000291	27
59.80000000000291	63
59.80000000000291	54
59.900000000001455	60
59.900000000001455	24
59.900000000001455	13
59.900000000001455	55
59.900000000001455	14
59.900000000001455	9
59.900000000001455	64
59.900000000001455	42
59.900000000001455	21
60.0	41
60.0	62
60.0	3
60.0	29
60.0	38
60.0	22
60.099999999998545	8
60.099999999998545	48
60.099999999998545	18
60.099999999998545	50
60.19999999999709	36
60.30000000000291	30
60.30000000000291	1
60.30000000000291	35
60.30000000000291	34
60.400000000001455	6
61.400000000001455	32
60.599999999998545	15
60.599999999998545	52
60.599999999998545	47
61.19999999999709	45
62.599999999998545	19
63.30000000000291	57
63.30000000000291	37
64.0	10
64.09999999999854	56
64.19999999999709	16
64.40000000000146	59
64.90000000000146	25
64.90000000000146	51
64.90000000000146	20
65.0	7
65.19999999999709	27
64.59999999999854	17
64.59999999999854	11
64.59999999999854	26
64.69999999999709	48
64.69999999999709	31
64.69999999999709	4
64.69999999999709	24
64.69999999999709	43
64.80000000000291	53
64.80000000000291	58
64.80000000000291	13
64.80000000000291	63
64.80000000000291	5
64.80000000000291	46
64.80000000000291	61
64.80000000000291	55
64.80000000000291	22
64.80000000000291	33
64.90000000000146	3
64.90000000000146	12
64.90000000000146	64
64.90000000000146	39
64.90000000000146	28
64.90000000000146	44
64.90000000000146	14
64.90000000000146	42
64.90000000000146	23
64.90000000000146	62
64.90000000000146	41
65.0	60
65.0	54
65.0	29
65.0	8
65.0	38
65.0	40
65.09999999999854	2
65.09999999999854	30
65.09999999999854	21
65.09999999999854	34
65.19999999999709	49
65.19999999999709	18
65.19999999999709	6
65.19999999999709	32
65.19999999999709	35
65.30000000000291	9
65.30000000000291	47
65.30000000000291	15
65.30000000000291	1
65.40000000000146	36
65.40000000000146	50
66.09999999999854	52
65.90000000000146	45
67.59999999999854	19
68.59999999999854	57
68.80000000000291	37
70.19999999999709	6
70.19999999999709	40
70.19999999999709	8
70.19999999999709	44
70.19999999999709	56
70.19999999999709	7
70.19999999999709	20
70.19999999999709	31
70.19999999999709	9
70.19999999999709	11
70.19999999999709	32
70.19999999999709	43
70.19999999999709	4
70.19999999999709	63
70.19999999999709	28
70.30000000000291	30
70.30000000000291	3
70.30000000000291	10
70.30000000000291	22
70.30000000000291	52
70.30000000000291	25
70.30000000000291	42
70.30000000000291	48
70.30000000000291	61
70.30000000000291	23
70.30000000000291	64
70.30000000000291	26
70.30000000000291	24
70.30000000000291	58
70.30000000000291	59
70.30000000000291	33
70.30000000000291	15
70.30000000000291	51
70.30000000000291	27
70.30000000000291	16
70.30000000000291	34
70.40000000000146	55
70.40000000000146	49
70.40000000000146	12
70.40000000000146	50
70.40000000000146	29
70.40000000000146	60
70.40000000000146	38
70.40000000000146	47
70.40000000000146	13
70.40000000000146	21
70.69999999999709	18
70.90000000000146	14
71.0	36
71.09999999999854	62
71.09999999999854	45
71.09999999999854	35
71.19999999999709	41
71.30000000000291	46
71.0	54
71.0	1
71.0	17
71.09999999999854	2
71.09999999999854	53
71.09999999999854	39
71.09999999999854	5
73.0	19
74.0	57
74.19999999999709	37
75.09999999999854	27
74.59999999999854	48
74.69999999999709	25
74.69999999999709	6
74.69999999999709	16
74.69999999999709	47
74.69999999999709	24
74.69999999999709	52
74.69999999999709	10
74.80000000000291	42
74.90000000000146	64
74.90000000000146	32
74.90000000000146	9
74.90000000000146	51
74.90000000000146	29
74.90000000000146	22
74.90000000000146	30
74.90000000000146	61
75.0	40
75.0	62
75.0	63
75.0	34
75.0	38
75.0	5
75.0	13
75.0	56
75.0	44
75.0	7
75.0	28
75.09999999999854	41
75.09999999999854	58
75.09999999999854	33
75.09999999999854	60
75.09999999999854	1
75.09999999999854	54
75.09999999999854	23
75.19999999999709	45
75.19999999999709	35
75.19999999999709	18
75.19999999999709	3
75.19999999999709	20
75.19999999999709	4
75.19999999999709	17
75.19999999999709	46
75.19999999999709	12
75.19999999999709	39
75.19999999999709	14
75.30000000000291	59
75.30000000000291	50
75.30000000000291	31
75.30000000000291	53
75.30000000000291	55
75.30000000000291	11
75.40000000000146	8
75.40000000000146	2
75.40000000000146	43
75.40000000000146	26
75.40000000000146	36
75.59999999999854	15
75.59999999999854	21
75.69999999999709	49
78.40000000000146	19
79.30000000000291	57
79.69999999999709	37
79.69999999999709	25
79.69999999999709	52
79.80000000000291	6
79.80000000000291	28
79.80000000000291	27
79.80000000000291	42
79.80000000000291	16
79.80000000000291	47
79.80000000000291	30
79.90000000000146	24
79.90000000000146	33
79.90000000000146	62
79.90000000000146	45
79.90000000000146	21
79.90000000000146	51
80.0	9
80.0	8
80.0	64
80.0	23
80.0	32
80.0	15
80.0	4
80.09999999999854	36
80.09999999999854	48
80.09999999999854	1
80.09999999999854	44
80.09999999999854	50
80.09999999999854	58
80.09999999999854	34
80.09999999999854	5
80.09999999999854	3
80.09999999999854	35
80.09999999999854	43
80.09999999999854	10
80.09999999999854	13
80.09999999999854	40
80.19999999999709	29
80.19999999999709	63
80.19999999999709	18
80.19999999999709	2
80.19999999999709	17
80.19999999999709	14
80.19999999999709	31
80.19999999999709	60
80.19999999999709	38
80.19999999999709	61
80.19999999999709	20
80.19999999999709	39
80.19999999999709	53
80.30000000000291	46
80.30000000000291	55
80.30000000000291	54
80.30000000000291	12
80.30000000000291	26
80.40000000000146	59
80.40000000000146	41
80.40000000000146	22
80.40000000000146	56
80.40000000000146	49
80.59999999999854	11
80.59999999999854	7
84.09999999999854	19
84.69999999999709	30
84.69999999999709	57
84.90000000000146	50
84.90000000000146	25
84.90000000000146	28
84.90000000000146	21
84.90000000000146	4
84.90000000000146	33
84.90000000000146	62
85.0	8
85.0	45
85.0	6
85.0	16
85.0	42
85.0	9
85.0	29
85.0	37
85.0	34
85.0	2
85.09999999999854	47
85.09999999999854	24
85.09999999999854	27
85.09999999999854	53
85.09999999999854	49
85.09999999999854	15
85.09999999999854	48
85.09999999999854	51
85.09999999999854	31
85.09999999999854	54
85.09999999999854	44
85.09999999999854	41
85.09999999999854	39
85.09999999999854	64
85.19999999999709	23
85.19999999999709	3
85.19999999999709	52
85.19999999999709	36
85.19999999999709	32
85.19999999999709	18
85.19999999999709	43
85.19999999999709	35
85.19999999999709	17
85.19999999999709	20
85.19999999999709	14
85.19999999999709	13
85.19999999999709	58
85.19999999999709	59
85.19999999999709	5
85.19999999999709	60
85.19999999999709	61
85.19999999999709	12
85.19999999999709	40
85.19999999999709	46
85.19999999999709	38
85.19999999999709	10
85.19999999999709	1
85.30000000000291	55
85.59999999999854	11
86.09999999999854	63
85.59999999999854	22
85.69999999999709	7
85.90000000000146	26
85.80000000000291	56
89.40000000000146	19
90.0	2
90.0	30
90.0	4
90.0	35
90.0	53
90.09999999999854	34
90.09999999999854	50
90.09999999999854	29
90.09999999999854	20
90.09999999999854	31
90.19999999999709	25
90.19999999999709	1
90.19999999999709	9
90.19999999999709	3
90.30000000000291	36
90.30000000000291	44
90.30000000000291	15
90.30000000000291	59
90.40000000000146	7
90.40000000000146	57
90.40000000000146	18
90.40000000000146	27
90.40000000000146	48
90.40000000000146	32
90.40000000000146	10
90.40000000000146	42
90.40000000000146	39
90.40000000000146	58
90.40000000000146	43
90.40000000000146	49
90.40000000000146	17
91.09999999999854	45
91.09999999999854	56
91.40000000000146	8
90.59999999999854	64
90.59999999999854	40
91.0	26
91.09999999999854	11
91.09999999999854	23
91.09999999999854	22
91.09999999999854	60
91.09999999999854	5
91.09999999999854	6
91.19999999999709	37
91.19999999999709	21
90.59999999999854	33
90.59999999999854	24
90.59999999999854	61
90.59999999999854	47
90.59999999999854	28
90.59999999999854	51
90.59999999999854	16
90.59999999999854	52
90.59999999999854	38
90.59999999999854	55
90.59999999999854	62
90.69999999999709	14
90.69999999999709	63
90.69999999999709	54
90.69999999999709	13
90.80000000000291	46
90.80000000000291	12
90.80000000000291	41
95.0	30
95.09999999999854	35
95.09999999999854	53
95.19999999999709	19
95.19999999999709	1
95.19999999999709	55
95.19999999999709	4
95.19999999999709	59
95.19999999999709	50
95.19999999999709	34
95.19999999999709	15
95.30000000000291	31
95.30000000000291	11
95.30000000000291	54
95.30000000000291	63
95.30000000000291	29
95.30000000000291	58
95.30000000000291	20
95.30000000000291	18
95.30000000000291	60
95.30000000000291	32
95.30000000000291	7
95.40000000000146	47
95.40000000000146	2
95.40000000000146	23
95.40000000000146	61
95.40000000000146	40
95.40000000000146	39
95.40000000000146	62
95.40000000000146	42
95.40000000000146	3
95.40000000000146	49
95.40000000000146	13
95.40000000000146	26
95.40000000000146	37
96.0	48
96.0	56
96.09999999999854	51
96.09999999999854	36
96.09999999999854	33
96.09999999999854	5
96.09999999999854	14
96.09999999999854	41
96.09999999999854	25
96.19999999999709	12
96.19999999999709	17
96.19999999999709	45
96.19999999999709	44
96.30000000000291	8
96.30000000000291	46
96.30000000000291	6
96.40000000000146	21
95.59999999999854	52
95.59999999999854	22
95.59999999999854	38
95.59999999999854	24
95.59999999999854	28
95.59999999999854	27
95.69999999999709	57
95.69999999999709	9
95.69999999999709	64
95.80000000000291	10
95.80000000000291	16
95.90000000000146	43
100.19999999999709	22
100.19999999999709	55
100.30000000000291	2
100.30000000000291	26
100.30000000000291	35
100.30000000000291	7
101.40000000000146	45
101.40000000000146	10
101.40000000000146	14
101.40000000000146	30
101.40000000000146	58
101.40000000000146	24
101.40000000000146	32
101.40000000000146	11
101.40000000000146	41
101.40000000000146	63
101.40000000000146	38
101.40000000000146	13
101.40000000000146	43
101.40000000000146	50
101.40000000000146	29
101.40000000000146	5
101.90000000000146	3
101.59999999999854	18
101.69999999999709	12
101.80000000000291	34
101.80000000000291	51
102.19999999999709	19
102.30000000000291	49
101.59999999999854	46
101.59999999999854	60
101.69999999999709	62
101.80000000000291	33
101.80000000000291	40
101.90000000000146	1
101.90000000000146	64
101.90000000000146	25
101.90000000000146	61
101.90000000000146	44
101.90000000000146	23
101.90000000000146	20
101.90000000000146	39
101.90000000000146	37
102.0	31
102.09999999999854	59
102.09999999999854	36
102.09999999999854	54
102.09999999999854	16
102.19999999999709	57
102.40000000000146	48
102.40000000000146	9
101.59999999999854	6
101.59999999999854	27
101.59999999999854	8
101.59999999999854	56
101.59999999999854	21
101.59999999999854	15
101.59999999999854	17
101.59999999999854	42
101.69999999999709	28
101.69999999999709	53
101.69999999999709	52
101.69999999999709	47
101.80000000000291	4
105.30000000000291	26
105.30000000000291	22
105.40000000000146	35
105.40000000000146	56
105.90000000000146	46
106.40000000000146	13
105.59999999999854	18
105.59999999999854	7
105.59999999999854	42
105.59999999999854	51
105.59999999999854	55
105.59999999999854	40
105.59999999999854	45
105.59999999999854	6
105.59999999999854	23
105.59999999999854	36
105.59999999999854	20
105.59999999999854	39
105.69999999999709	52
105.69999999999709	58
105.69999999999709	27
105.69999999999709	59
105.69999999999709	50
105.69999999999709	4
105.69999999999709	12
105.69999999999709	15
105.69999999999709	48
105.69999999999709	47
105.69999999999709	11
105.80000000000291	49
105.80000000000291	30
105.80000000000291	62
105.80000000000291	57
105.80000000000291	60
105.80000000000291	33
105.90000000000146	32
105.90000000000146	25
105.90000000000146	61
105.90000000000146	44
105.90000000000146	16
105.90000000000146	37
105.90000000000146	53
105.90000000000146	38
105.90000000000146	5
105.90000000000146	64
105.90000000000146	17
105.90000000000146	63
106.0	14
106.0	54
106.0	41
106.0	3
106.0	1
106.0	10
106.0	24
106.0	19
106.09999999999854	9
106.09999999999854	8
106.09999999999854	2
106.09999999999854	31
106.19999999999709	29
106.19999999999709	43
106.30000000000291	34
106.40000000000146	21
106.40000000000146	28
110.80000000000291	26
111.0	45
111.30000000000291	56
110.69999999999709	22
110.69999999999709	18
110.69999999999709	20
110.69999999999709	6
110.69999999999709	27
110.69999999999709	24
110.69999999999709	51
110.69999999999709	35
110.69999999999709	46
110.69999999999709	3
110.69999999999709	42
110.69999999999709	48
110.69999999999709	13
110.69999999999709	52
110.80000000000291	28
110.80000000000291	38
110.80000000000291	31
110.80000000000291	40
110.80000000000291	23
110.80000000000291	55
110.90000000000146	49
110.90000000000146	58
110.90000000000146	29
110.90000000000146	50
110.90000000000146	2
110.90000000000146	12
110.90000000000146	44
110.90000000000146	33
110.90000000000146	57
110.90000000000146	1
110.90000000000146	25
110.90000000000146	39
110.90000000000146	14
110.90000000000146	8
110.90000000000146	17
111.0	11
111.0	36
111.0	53
111.0	15
111.0	60
111.0	32
111.0	37
111.0	47
111.0	59
111.0	64
111.0	62
111.09999999999854	30
111.09999999999854	61
111.19999999999709	4
111.19999999999709	9
111.19999999999709	54
111.19999999999709	10
111.19999999999709	5
111.19999999999709	63
111.19999999999709	16
111.19999999999709	41
111.19999999999709	19
111.30000000000291	7
111.30000000000291	43
111.30000000000291	34
111.40000000000146	21
115.69999999999709	26
115.69999999999709	57
115.80000000000291	45
115.80000000000291	56
115.80000000000291	6
115.80000000000291	24
115.80000000000291	46
115.90000000000146	13
115.90000000000146	20
115.90000000000146	25
115.90000000000146	52
115.90000000000146	27
115.90000000000146	3
115.90000000000146	42
115.90000000000146	40
115.90000000000146	64
116.0	35
116.0	51
116.0	38
116.0	29
116.0	58
116.0	34
116.0	12
116.0	8
116.0	50
116.0	49
116.0	18
116.0	7
116.09999999999854	44
116.09999999999854	55
116.09999999999854	61
116.09999999999854	10
116.09999999999854	14
116.09999999999854	1
116.09999999999854	36
116.09999999999854	23
116.09999999999854	37
116.09999999999854	16
116.09999999999854	31
116.09999999999854	22
116.09999999999854	17
116.09999999999854	30
116.09999999999854	54
116.09999999999854	41
116.09999999999854	53
116.09999999999854	62
116.09999999999854	32
116.09999999999854	43
116.19999999999709	11
116.19999999999709	28
116.19999999999709	5
116.19999999999709	59
116.19999999999709	60
116.19999999999709	2
116.19999999999709	9
116.19999999999709	39
116.19999999999709	19
116.19999999999709	21
116.19999999999709	4
116.30000000000291	48
116.30000000000291	47
116.30000000000291	63
116.40000000000146	33
116.40000000000146	15
120.90000000000146	57
121.0	25
121.0	45
121.30000000000291	55
121.30000000000291	7
121.30000000000291	56
121.30000000000291	12
121.30000000000291	29
121.30000000000291	34
121.30000000000291	51
121.30000000000291	2
121.30000000000291	18
121.30000000000291	26
121.30000000000291	50
121.30000000000291	38
121.30000000000291	31
121.30000000000291	63
121.30000000000291	19
121.30000000000291	43
121.30000000000291	17
121.30000000000291	1
121.30000000000291	8
121.30000000000291	60
121.30000000000291	6
121.30000000000291	30
121.30000000000291	21
121.30000000000291	42
121.30000000000291	54
121.30000000000291	5
121.30000000000291	20
121.30000000000291	39
121.30000000000291	23
121.30000000000291	15
121.40000000000146	44
121.40000000000146	53
121.40000000000146	11
121.40000000000146	24
121.40000000000146	41
121.40000000000146	62
121.40000000000146	40
121.40000000000146	27
121.40000000000146	46
121.40000000000146	3
121.40000000000146	36
121.59999999999854	22
121.59999999999854	49
121.59999999999854	35
121.59999999999854	48
121.59999999999854	59
121.69999999999709	14
121.69999999999709	10
121.69999999999709	47
122.09999999999854	32
122.19999999999709	13
122.30000000000291	58
121.59999999999854	61
121.59999999999854	33
121.59999999999854	4
121.59999999999854	9
121.59999999999854	28
121.59999999999854	16
121.69999999999709	52
121.69999999999709	37
121.69999999999709	64
126.19999999999709	30
126.19999999999709	57
126.19999999999709	55
126.30000000000291	29
126.30000000000291	25
126.30000000000291	34
126.30000000000291	14
126.30000000000291	54
126.30000000000291	3
126.40000000000146	2
126.40000000000146	4
126.40000000000146	45
126.40000000000146	19
126.40000000000146	52
126.40000000000146	1
126.40000000000146	36
126.40000000000146	40
126.40000000000146	50
126.40000000000146	38
126.40000000000146	17
126.40000000000146	35
126.40000000000146	24
126.40000000000146	12
126.40000000000146	37
126.40000000000146	41
126.69999999999709	51
127.40000000000146	26
126.59999999999854	13
126.59999999999854	60
126.59999999999854	6
126.59999999999854	21
126.69999999999709	32
126.69999999999709	59
126.69999999999709	44
126.80000000000291	61
126.80000000000291	20
126.80000000000291	33
126.90000000000146	7
126.90000000000146	27
127.0	58
127.0	64
127.0	22
127.0	56
127.09999999999854	46
127.09999999999854	39
127.09999999999854	5
127.19999999999709	53
127.19999999999709	8
126.59999999999854	15
126.59999999999854	47
126.59999999999854	63
126.59999999999854	11
126.59999999999854	62
126.59999999999854	42
126.59999999999854	31
126.59999999999854	23
126.69999999999709	48
126.69999999999709	43
126.90000000000146	28
126.90000000000146	18
127.0	49
127.0	9
127.09999999999854	10
127.09999999999854	16
131.3000000000029	19
131.40000000000146	4
131.40000000000146	1
132.1999999999971	25
131.59999999999854	34
131.90000000000146	35
132.0	55
132.09999999999854	45
132.09999999999854	64
132.1999999999971	59
132.1999999999971	2
131.59999999999854	13
131.59999999999854	29
131.59999999999854	36
131.59999999999854	16
131.59999999999854	51
131.59999999999854	21
131.59999999999854	57
131.59999999999854	32
131.59999999999854	61
131.59999999999854	18
131.59999999999854	56
131.59999999999854	38
131.59999999999854	17
131.59999999999854	40
131.59999999999854	62
131.59999999999854	12
131.59999999999854	52
131.59999999999854	30
131.59999999999854	48
131.59999999999854	5
131.59999999999854	3
131.59999999999854	53
131.6999999999971	7
131.6999999999971	44
131.6999999999971	49
131.6999999999971	8
131.6999999999971	28
131.6999999999971	11
131.6999999999971	22
131.6999999999971	24
131.6999999999971	47
131.6999999999971	58
131.6999999999971	23
131.6999999999971	33
131.6999999999971	14
131.6999999999971	15
131.6999999999971	42
131.6999999999971	60
131.6999999999971	6
131.6999999999971	43
131.6999999999971	50
131.6999999999971	20
131.6999999999971	31
131.6999999999971	41
131.6999999999971	26
131.6999999999971	37
131.6999999999971	63
131.6999999999971	27
131.6999999999971	54
131.6999999999971	39
131.8000000000029	46
131.8000000000029	10
131.8000000000029	9
136.59999999999854	27
136.59999999999854	4
136.6999999999971	21
136.6999999999971	55
136.6999999999971	59
136.8000000000029	56
136.8000000000029	19
136.8000000000029	35
136.8000000000029	23
136.8000000000029	40
136.8000000000029	16
136.8000000000029	25
136.8000000000029	13
136.8000000000029	31
136.8000000000029	61
136.8000000000029	1
136.8000000000029	7
136.8000000000029	29
136.8000000000029	44
136.8000000000029	51
136.8000000000029	12
136.8000000000029	62
136.90000000000146	49
136.90000000000146	17
136.90000000000146	28
136.90000000000146	9
136.90000000000146	47
136.90000000000146	42
136.90000000000146	63
136.90000000000146	57
136.90000000000146	48
136.90000000000146	52
136.90000000000146	54
136.90000000000146	3
136.90000000000146	14
136.90000000000146	36
137.0	5
137.0	11
137.0	43
137.0	6
137.0	53
137.0	33
137.0	15
137.0	58
137.0	60
137.0	64
137.0	46
137.0	41
137.0	39
137.0	32
137.0	45
137.0	37
137.0	34
137.0	26
137.0	22
137.0	2
137.0	30
137.0	38
137.09999999999854	10
137.09999999999854	50
137.09999999999854	24
137.09999999999854	18
137.1999999999971	8
137.3000000000029	20
141.8000000000029	59
142.1999999999971	61
142.1999999999971	11
142.1999999999971	21
142.1999999999971	57
142.1999999999971	20
142.1999999999971	7
142.1999999999971	16
142.1999999999971	58
142.1999999999971	27
142.1999999999971	9
142.1999999999971	60
142.1999999999971	52
142.1999999999971	12
142.1999999999971	25
142.3000000000029	35
142.3000000000029	18
142.3000000000029	38
142.3000000000029	17
142.3000000000029	32
142.3000000000029	41
142.3000000000029	10
142.3000000000029	8
142.3000000000029	53
142.3000000000029	24
142.3000000000029	19
142.3000000000029	42
142.3000000000029	26
142.3000000000029	37
142.3000000000029	46
142.3000000000029	4
142.3000000000029	13
142.3000000000029	33
142.3000000000029	31
142.40000000000146	50
142.40000000000146	48
142.40000000000146	34
142.40000000000146	63
142.40000000000146	51
142.40000000000146	3
142.40000000000146	15
142.40000000000146	30
142.40000000000146	44
142.40000000000146	23
142.40000000000146	14
142.40000000000146	45
142.40000000000146	55
142.40000000000146	36
142.40000000000146	47
142.8000000000029	22
142.90000000000146	5
143.09999999999854	54
143.09999999999854	29
143.09999999999854	56
143.1999999999971	40
142.59999999999854	62
142.59999999999854	28
142.59999999999854	1
142.6999999999971	49
142.8000000000029	64
142.8000000000029	2
142.8000000000029	43
142.90000000000146	39
143.0	6
147.09999999999854	56
147.09999999999854	51
147.09999999999854	20
147.09999999999854	40
147.09999999999854	46
147.09999999999854	28
147.09999999999854	61
147.1999999999971	26
147.1999999999971	7
147.1999999999971	34
147.1999999999971	27
147.1999999999971	15
147.1999999999971	13
147.1999999999971	23
147.1999999999971	55
147.1999999999971	4
147.1999999999971	42
147.3000000000029	47
147.3000000000029	25
147.3000000000029	3
147.3000000000029	17
147.3000000000029	12
147.3000000000029	59
147.3000000000029	29
147.3000000000029	18
147.3000000000029	63
147.3000000000029	8
147.3000000000029	43
147.3000000000029	62
147.3000000000029	52
147.3000000000029	48
147.3000000000029	50
147.3000000000029	49
147.3000000000029	36
147.3000000000029	64
147.3000000000029	38
147.3000000000029	58
147.3000000000029	21
147.3000000000029	37
147.3000000000029	44
147.3000000000029	10
147.3000000000029	54
147.40000000000146	24
147.40000000000146	5
147.40000000000146	1
147.40000000000146	32
147.40000000000146	2
147.40000000000146	14
147.40000000000146	31
147.40000000000146	9
147.40000000000146	11
147.40000000000146	60
147.40000000000146	45
147.40000000000146	53
147.40000000000146	30
147.40000000000146	41
147.40000000000146	6
147.40000000000146	57
147.40000000000146	19
147.40000000000146	39
147.40000000000146	16
147.40000000000146	22
147.40000000000146	33
147.40000000000146	35
152.3000000000029	26
152.3000000000029	20
152.3000000000029	7
152.3000000000029	28
152.3000000000029	46
152.40000000000146	56
152.40000000000146	17
152.40000000000146	40
152.59999999999854	55
152.59999999999854	22
153.0	10
153.09999999999854	9
152.59999999999854	13
152.6999999999971	34
152.6999999999971	32
152.6999999999971	19
152.6999999999971	60
152.6999999999971	58
152.6999999999971	1
152.6999999999971	44
152.6999999999971	3
152.6999999999971	15
152.6999999999971	29
152.6999999999971	25
152.6999999999971	53
152.6999999999971	41
152.6999999999971	21
152.6999999999971	42
152.6999999999971	11
152.6999999999971	24
152.6999999999971	35
152.6999999999971	43
152.6999999999971	4
152.6999999999971	62
152.6999999999971	38
152.6999999999971	49
152.6999999999971	50
152.6999999999971	59
152.6999999999971	47
152.6999999999971	2
152.6999999999971	30
152.6999999999971	45
152.6999999999971	63
152.6999999999971	14
152.6999999999971	5
152.8000000000029	23
152.8000000000029	6
152.8000000000029	51
152.8000000000029	54
152.8000000000029	61
152.8000000000029	37
152.8000000000029	8
152.8000000000029	39
152.8000000000029	57
152.8000000000029	64
152.90000000000146	33
152.90000000000146	18
152.90000000000146	31
152.90000000000146	48
152.90000000000146	12
152.90000000000146	27
153.0	36
153.0	16
153.09999999999854	52
157.90000000000146	46
158.09999999999854	17
157.59999999999854	26
157.59999999999854	28
157.59999999999854	5
157.59999999999854	7
157.59999999999854	45
157.59999999999854	20
157.6999999999971	55
157.6999999999971	52
157.6999999999971	23
157.6999999999971	13
157.6999999999971	34
157.8000000000029	53
157.8000000000029	40
157.8000000000029	54
157.8000000000029	27
157.8000000000029	62
157.8000000000029	56
157.8000000000029	61
157.8000000000029	60
157.8000000000029	21
157.8000000000029	25
157.8000000000029	42
157.8000000000029	24
157.8000000000029	11
157.8000000000029	15
157.8000000000029	64
157.8000000000029	63
157.8000000000029	38
157.8000000000029	51
157.8000000000029	41
157.90000000000146	30
157.90000000000146	57
157.90000000000146	18
157.90000000000146	32
157.90000000000146	29
157.90000000000146	12
157.90000000000146	3
157.90000000000146	4
157.90000000000146	35
157.90000000000146	31
157.90000000000146	2
157.90000000000146	9
157.90000000000146	22
158.0	47
158.0	6
158.0	33
158.0	36
158.0	39
158.0	16
158.0	50
158.0	59
158.0	37
158.09999999999854	43
158.09999999999854	44
158.09999999999854	49
158.09999999999854	58
158.09999999999854	10
158.1999999999971	14
158.1999999999971	1
158.1999999999971	8
158.1999999999971	48
158.1999999999971	19
162.8000000000029	45
162.8000000000029	5
162.8000000000029	26
162.90000000000146	17
162.90000000000146	55
162.90000000000146	62
163.0	3
163.0	51
163.0	29
163.0	18
163.0	20
163.0	63
163.0	28
163.0	38
163.0	49
163.0	27
163.09999999999854	36
163.09999999999854	12
163.09999999999854	23
163.09999999999854	15
163.09999999999854	33
163.09999999999854	64
163.09999999999854	34
163.09999999999854	44
163.09999999999854	13
163.09999999999854	61
163.09999999999854	48
163.09999999999854	57
163.09999999999854	4
163.09999999999854	35
163.09999999999854	50
163.09999999999854	30
163.09999999999854	46
163.09999999999854	47
163.09999999999854	7
163.1999999999971	56
163.1999999999971	58
163.1999999999971	24
163.1999999999971	53
163.1999999999971	42
163.1999999999971	32
163.1999999999971	60
163.1999999999971	6
163.3000000000029	59
163.3000000000029	54
163.3000000000029	31
163.3000000000029	16
163.3000000000029	22
163.3000000000029	25
163.3000000000029	19
163.3000000000029	8
163.3000000000029	10
163.3000000000029	1
163.3000000000029	41
163.3000000000029	9
163.3000000000029	40
163.3000000000029	37
163.3000000000029	21
163.3000000000029	14
163.3000000000029	52
163.40000000000146	2
163.40000000000146	43
163.40000000000146	39
163.6999999999971	11
168.09999999999854	27
168.09999999999854	62
168.1999999999971	64
168.1999999999971	38
168.1999999999971	4
168.1999999999971	29
168.1999999999971	51
168.1999999999971	36
168.1999999999971	3
168.1999999999971	23
168.1999999999971	17
168.1999999999971	59
168.1999999999971	55
168.1999999999971	34
168.3000000000029	12
168.40000000000146	1
168.40000000000146	10
168.40000000000146	8
168.40000000000146	58
168.40000000000146	40
168.40000000000146	49
168.40000000000146	37
168.40000000000146	52
168.40000000000146	30
168.40000000000146	53
168.40000000000146	44
168.40000000000146	35
168.40000000000146	46
168.40000000000146	25
168.40000000000146	11
168.40000000000146	9
168.40000000000146	2
168.40000000000146	31
168.40000000000146	6
168.40000000000146	21
168.40000000000146	43
168.40000000000146	19
168.40000000000146	60
168.40000000000146	42
168.40000000000146	28
168.40000000000146	56
168.40000000000146	45
168.40000000000146	5
168.40000000000146	32
168.40000000000146	18
168.40000000000146	16
168.59999999999854	39
168.59999999999854	7
168.59999999999854	26
168.59999999999854	22
168.8000000000029	14
168.90000000000146	50
168.90000000000146	57
169.0	61
169.0	13
169.0	54
168.59999999999854	20
168.59999999999854	24
168.59999999999854	15
168.59999999999854	33
168.59999999999854	41
168.6999999999971	63
168.6999999999971	47
168.6999999999971	48
173.3000000000029	27
173.40000000000146	5
174.09999999999854	43
174.40000000000146	34
173.59999999999854	17
173.59999999999854	2
173.6999999999971	1
173.6999999999971	3
173.6999999999971	58
173.6999999999971	29
173.8000000000029	18
173.8000000000029	4
173.8000000000029	23
173.90000000000146	12
174.09999999999854	64
174.1999999999971	25
174.1999999999971	13
174.1999999999971	57
174.3000000000029	36
174.40000000000146	10
174.40000000000146	14
174.40000000000146	63
174.40000000000146	48
173.59999999999854	47
173.59999999999854	44
173.59999999999854	56
173.59999999999854	35
173.59999999999854	16
173.59999999999854	39
173.59999999999854	61
173.59999999999854	7
173.59999999999854	55
173.59999999999854	22
173.59999999999854	49
173.59999999999854	54
173.59999999999854	59
173.59999999999854	8
173.59999999999854	11
173.6999999999971	20
173.6999999999971	60
173.6999999999971	28
173.6999999999971	37
173.6999999999971	62
173.6999999999971	32
173.6999999999971	42
173.6999999999971	6
173.6999999999971	30
173.6999999999971	26
173.6999999999971	52
173.6999999999971	21
173.8000000000029	40
173.8000000000029	41
173.8000000000029	33
173.8000000000029	50
173.8000000000029	31
173.8000000000029	9
173.8000000000029	24
173.8000000000029	46
173.8000000000029	45
173.8000000000029	53
173.8000000000029	19
173.90000000000146	51
173.90000000000146	15
174.09999999999854	38
178.59999999999854	34
178.6999999999971	22
178.6999999999971	25
178.6999999999971	27
178.6999999999971	58
178.6999999999971	35
178.6999999999971	2
178.6999999999971	31
178.6999999999971	7
178.6999999999971	55
178.6999999999971	47
178.6999999999971	57
178.6999999999971	29
178.8000000000029	40
178.8000000000029	12
178.8000000000029	15
178.8000000000029	3
178.8000000000029	61
178.8000000000029	36
178.8000000000029	10
178.8000000000029	19
178.8000000000029	16
178.8000000000029	20
178.8000000000029	39
178.8000000000029	17
178.8000000000029	8
178.8000000000029	64
178.8000000000029	21
178.8000000000029	4
178.8000000000029	46
178.8000000000029	51
178.8000000000029	62
178.8000000000029	11
178.8000000000029	26
178.90000000000146	42
178.90000000000146	60
178.90000000000146	1
178.90000000000146	43
178.90000000000146	45
178.90000000000146	13
178.90000000000146	24
178.90000000000146	6
178.90000000000146	32
178.90000000000146	37
178.90000000000146	41
178.90000000000146	23
178.90000000000146	30
178.90000000000146	5
178.90000000000146	53
178.90000000000146	56
178.90000000000146	50
178.90000000000146	49
178.90000000000146	52
178.90000000000146	14
179.0	9
179.0	48
179.0	63
179.0	33
179.0	38
179.0	44
179.0	59
179.0	18
179.0	28
179.0	54
183.90000000000146	34
183.90000000000146	40
183.90000000000146	25
184.0	55
184.0	50
184.0	20
184.0	56
184.0	3
184.09999999999854	29
184.09999999999854	7
184.09999999999854	62
184.09999999999854	35
184.09999999999854	12
184.09999999999854	51
184.09999999999854	36
184.09999999999854	52
184.09999999999854	9
184.09999999999854	60
184.09999999999854	44
184.09999999999854	42
184.09999999999854	18
184.09999999999854	4
184.09999999999854	21
184.09999999999854	38
184.09999999999854	37
184.1999999999971	13
184.1999999999971	27
184.1999999999971	22
184.1999999999971	45
184.1999999999971	53
184.1999999999971	58
184.1999999999971	57
184.1999999999971	26
184.1999999999971	24
184.1999999999971	61
184.1999999999971	41
184.1999999999971	5
184.1999999999971	49
184.1999999999971	30
184.3000000000029	32
184.3000000000029	6
184.3000000000029	16
184.3000000000029	31
184.3000000000029	54
184.3000000000029	1
184.3000000000029	17
184.3000000000029	64
184.3000000000029	48
184.3000000000029	63
184.3000000000029	15
184.3000000000029	46
184.3000000000029	59
184.3000000000029	11
184.3000000000029	19
184.3000000000029	8
184.40000000000146	33
184.40000000000146	47
184.8000000000029	23
185.3000000000029	2
184.6999999999971	14
184.59999999999854	39
184.59999999999854	10
184.6999999999971	43
184.8000000000029	28
189.09999999999854	40
189.09999999999854	46
189.1999999999971	20
189.1999999999971	7
189.1999999999971	56
189.3000000000029	34
189.3000000000029	61
189.3000000000029	8
189.3000000000029	25
189.40000000000146	64
189.40000000000146	42
189.40000000000146	26
189.40000000000146	4
189.40000000000146	10
189.40000000000146	35
189.40000000000146	11
189.40000000000146	21
189.40000000000146	19
189.40000000000146	60
189.40000000000146	59
189.40000000000146	14
189.40000000000146	49
189.40000000000146	44
189.40000000000146	58
189.40000000000146	27
189.40000000000146	62
189.40000000000146	53
189.40000000000146	57
189.40000000000146	37
189.40000000000146	12
190.3000000000029	6
189.59999999999854	52
190.09999999999854	43
190.09999999999854	22
190.40000000000146	39
190.40000000000146	31
189.59999999999854	16
189.59999999999854	9
189.6999999999971	41
189.6999999999971	55
189.8000000000029	28
190.1999999999971	50
189.59999999999854	30
189.59999999999854	2
189.59999999999854	32
189.59999999999854	1
189.59999999999854	45
189.59999999999854	5
189.59999999999854	38
189.6999999999971	36
189.6999999999971	18
189.6999999999971	63
189.6999999999971	17
189.8000000000029	24
189.8000000000029	29
189.90000000000146	13
189.90000000000146	3
189.90000000000146	15
190.0	23
190.09999999999854	51
190.09999999999854	33
190.09999999999854	47
190.09999999999854	48
190.1999999999971	54
194.40000000000146	20
194.40000000000146	37
194.90000000000146	40
194.59999999999854	25
194.90000000000146	46
195.0	42
195.09999999999854	13
195.09999999999854	7
195.1999999999971	56
195.40000000000146	38
194.59999999999854	51
194.59999999999854	3
194.59999999999854	26
194.59999999999854	52
194.59999999999854	50
194.59999999999854	63
194.59999999999854	36
194.59999999999854	12
194.59999999999854	31
194.59999999999854	11
194.59999999999854	61
194.6999999999971	4
194.6999999999971	18
194.6999999999971	55
194.6999999999971	15
194.6999999999971	44
194.6999999999971	33
194.6999999999971	10
194.6999999999971	62
194.6999999999971	49
194.6999999999971	54
194.6999999999971	23
194.6999999999971	35
194.6999999999971	14
194.6999999999971	48
194.6999999999971	9
194.6999999999971	57
194.6999999999971	60
194.6999999999971	59
194.6999999999971	47
194.6999999999971	64
194.6999999999971	27
194.6999999999971	6
194.6999999999971	41
194.6999999999971	1
194.6999999999971	19
194.6999999999971	24
194.6999999999971	34
194.6999999999971	45
194.6999999999971	53
194.6999999999971	43
194.6999999999971	21
194.6999999999971	5
194.6999999999971	58
194.6999999999971	30
194.6999999999971	16
194.8000000000029	32
194.8000000000029	2
194.8000000000029	22
194.8000000000029	28
194.8000000000029	29
194.8000000000029	8
194.8000000000029	17
194.8000000000029	39
199.8000000000029	46
199.90000000000146	13
199.90000000000146	23
199.90000000000146	52
199.90000000000146	12
199.90000000000146	51
199.90000000000146	61
199.90000000000146	7
199.90000000000146	48
199.90000000000146	60
199.90000000000146	27
200.0	63
200.0	45
200.0	57
200.0	55
200.0	26
200.0	29
200.0	35
200.0	3
200.0	59
200.0	6
200.0	15
200.0	47
200.0	42
200.0	20
200.09999999999854	62
200.09999999999854	44
200.09999999999854	28
200.09999999999854	50
200.09999999999854	17
200.09999999999854	38
200.09999999999854	14
200.09999999999854	2
200.09999999999854	31
200.09999999999854	24
200.09999999999854	40
200.09999999999854	34
200.09999999999854	56
200.1999999999971	49
200.1999999999971	64
200.1999999999971	32
200.1999999999971	8
200.1999999999971	53
200.1999999999971	11
200.1999999999971	39
200.1999999999971	25
200.3000000000029	10
200.3000000000029	30
200.3000000000029	19
200.3000000000029	18
200.3000000000029	22
200.3000000000029	1
200.3000000000029	37
200.3000000000029	36
200.3000000000029	43
200.3000000000029	21
200.3000000000029	58
200.40000000000146	5
200.40000000000146	33
200.40000000000146	54
200.59999999999854	9
201.0	4
201.09999999999854	41
201.09999999999854	16
205.09999999999854	4
205.09999999999854	26
205.09999999999854	62
205.09999999999854	51
205.09999999999854	12
205.09999999999854	3
205.1999999999971	7
205.1999999999971	55
205.1999999999971	36
205.1999999999971	34
205.1999999999971	18
205.1999999999971	27
205.1999999999971	60
205.1999999999971	56
205.1999999999971	38
205.1999999999971	64
205.1999999999971	29
205.1999999999971	52
205.1999999999971	42
205.1999999999971	17
205.3000000000029	13
205.3000000000029	63
205.3000000000029	33
205.3000000000029	37
205.3000000000029	21
205.3000000000029	11
205.3000000000029	10
205.3000000000029	45
205.3000000000029	6
205.3000000000029	20
205.3000000000029	58
205.3000000000029	35
205.3000000000029	40
205.3000000000029	5
205.40000000000146	43
205.40000000000146	25
205.40000000000146	53
205.40000000000146	28
205.40000000000146	32
205.40000000000146	24
205.40000000000146	44
205.40000000000146	49
205.40000000000146	50
205.40000000000146	22
205.40000000000146	31
205.40000000000146	15
205.40000000000146	48
205.40000000000146	30
205.40000000000146	19
206.0	57
206.0	61
206.1999999999971	59
206.3000000000029	9
205.59999999999854	2
205.59999999999854	8
205.59999999999854	39
205.59999999999854	47
205.59999999999854	14
205.6999999999971	16
205.6999999999971	54
205.6999999999971	46
205.6999999999971	41
205.8000000000029	23
205.8000000000029	1
210.3000000000029	4
210.40000000000146	48
210.40000000000146	51
210.40000000000146	16
211.0	55
211.09999999999854	54
211.09999999999854	13
211.09999999999854	62
211.09999999999854	1
211.09999999999854	44
211.09999999999854	60
211.09999999999854	3
211.09999999999854	49
211.09999999999854	50
211.09999999999854	30
211.09999999999854	19
211.09999999999854	21
211.09999999999854	56
211.09999999999854	6
211.09999999999854	33
211.1999999999971	39
211.1999999999971	58
211.1999999999971	22
211.1999999999971	25
211.1999999999971	42
211.1999999999971	12
211.1999999999971	11
211.1999999999971	45
211.1999999999971	15
211.1999999999971	52
211.1999999999971	38
211.1999999999971	29
211.1999999999971	57
211.1999999999971	40
211.1999999999971	61
211.1999999999971	31
211.1999999999971	41
211.1999999999971	35
211.1999999999971	27
211.1999999999971	8
211.1999999999971	2
211.1999999999971	32
211.1999999999971	63
211.1999999999971	28
211.1999999999971	14
211.1999999999971	10
211.1999999999971	5
211.1999999999971	47
211.1999999999971	59
211.1999999999971	36
211.1999999999971	34
211.1999999999971	53
211.1999999999971	37
211.1999999999971	24
211.1999999999971	17
211.1999999999971	46
211.1999999999971	7
211.3000000000029	43
211.3000000000029	64
211.3000000000029	20
211.3000000000029	23
211.40000000000146	26
211.40000000000146	18
211.8000000000029	9
215.59999999999854	4
215.59999999999854	12
215.6999999999971	54
215.6999999999971	51
215.6999999999971	17
215.6999999999971	29
215.6999999999971	48
215.8000000000029	15
215.8000000000029	26
215.8000000000029	45
215.8000000000029	64
215.8000000000029	59
215.8000000000029	27
215.90000000000146	25
215.90000000000146	23
215.90000000000146	61
215.90000000000146	47
215.90000000000146	24
215.90000000000146	58
215.90000000000146	3
215.90000000000146	42
215.90000000000146	63
215.90000000000146	34
215.90000000000146	55
215.90000000000146	21
215.90000000000146	57
215.90000000000146	38
215.90000000000146	49
215.90000000000146	46
216.0	52
216.0	18
216.0	6
216.0	40
216.0	22
216.0	2
216.0	60
216.0	44
216.0	9
216.0	31
216.0	32
216.0	37
216.09999999999854	19
216.09999999999854	50
216.09999999999854	1
216.09999999999854	30
216.09999999999854	11
216.09999999999854	36
216.09999999999854	13
216.09999999999854	10
216.09999999999854	8
216.09999999999854	14
216.09999999999854	20
216.09999999999854	53
216.1999999999971	39
216.1999999999971	43
216.1999999999971	62
216.1999999999971	35
216.1999999999971	41
216.1999999999971	5
216.3000000000029	33
216.3000000000029	28
216.3000000000029	16
216.3000000000029	7
216.40000000000146	56
221.0	4
221.0	54
222.1999999999971	34
222.1999999999971	42
222.1999999999971	13
222.1999999999971	58
222.1999999999971	22
222.1999999999971	2
222.1999999999971	9
222.3000000000029	6
222.40000000000146	32
221.59999999999854	50
221.59999999999854	45
221.59999999999854	24
221.59999999999854	8
221.59999999999854	41
221.59999999999854	23
221.59999999999854	27
221.59999999999854	26
221.59999999999854	20
221.59999999999854	7
221.59999999999854	44
221.59999999999854	35
221.59999999999854	40
221.59999999999854	55
221.59999999999854	61
221.59999999999854	33
221.59999999999854	21
221.59999999999854	46
221.59999999999854	63
221.59999999999854	25
221.59999999999854	39
221.59999999999854	16
221.6999999999971	17
221.6999999999971	37
221.6999999999971	19
221.6999999999971	38
221.6999999999971	59
221.6999999999971	48
221.6999999999971	15
221.6999999999971	56
221.6999999999971	60
221.6999999999971	12
221.6999999999971	3
221.6999999999971	29
221.6999999999971	51
221.8000000000029	28
221.8000000000029	47
221.8000000000029	57
221.8000000000029	52
221.90000000000146	36
221.90000000000146	18
221.90000000000146	62
221.90000000000146	49
222.0	53
222.0	30
222.0	14
222.0	64
222.0	5
222.09999999999854	1
222.09999999999854	10
222.09999999999854	11
222.09999999999854	31
222.1999999999971	43
226.1999999999971	12
226.3000000000029	64
226.3000000000029	51
226.3000000000029	22
226.40000000000146	17
226.40000000000146	31
226.40000000000146	34
226.40000000000146	14
226.40000000000146	61
226.40000000000146	9
226.40000000000146	16
226.40000000000146	40
226.40000000000146	4
226.40000000000146	35
226.40000000000146	19
226.90000000000146	21
226.90000000000146	8
227.1999999999971	13
226.59999999999854	39
226.6999999999971	42
226.6999999999971	25
226.8000000000029	36
226.8000000000029	46
226.8000000000029	26
226.90000000000146	58
227.09999999999854	60
227.1999999999971	48
227.1999999999971	15
227.1999999999971	52
227.1999999999971	24
227.1999999999971	2
227.1999999999971	10
227.3000000000029	55
227.3000000000029	57
227.3000000000029	54
227.40000000000146	3
227.40000000000146	62
227.40000000000146	6
226.59999999999854	5
226.59999999999854	32
226.59999999999854	27
226.59999999999854	11
226.59999999999854	63
226.59999999999854	37
226.59999999999854	29
226.59999999999854	20
226.59999999999854	45
226.59999999999854	56
226.59999999999854	18
226.59999999999854	30
226.59999999999854	43
226.59999999999854	53
226.59999999999854	44
226.59999999999854	50
226.59999999999854	49
226.59999999999854	59
226.6999999999971	33
226.6999999999971	41
226.6999999999971	47
226.90000000000146	1
226.90000000000146	7
227.40000000000146	28
227.6999999999971	23
227.6999999999971	38
231.59999999999854	61
231.6999999999971	20
231.8000000000029	13
231.8000000000029	3
231.8000000000029	27
231.8000000000029	4
231.8000000000029	29
231.8000000000029	56
231.8000000000029	58
231.8000000000029	7
231.8000000000029	36
231.8000000000029	62
231.8000000000029	60
231.8000000000029	12
231.8000000000029	54
231.8000000000029	23
231.8000000000029	46
231.8000000000029	52
231.90000000000146	47
231.90000000000146	33
231.90000000000146	55
231.90000000000146	63
231.90000000000146	28
231.90000000000146	24
231.90000000000146	5
231.90000000000146	30
231.90000000000146	50
231.90000000000146	25
231.90000000000146	18
231.90000000000146	26
231.90000000000146	57
231.90000000000146	6
231.90000000000146	38
231.90000000000146	22
231.90000000000146	44
232.0	35
232.0	37
232.0	11
232.0	1
232.0	32
232.0	42
232.0	15
232.0	48
232.0	17
232.09999999999854	41
232.09999999999854	49
232.09999999999854	2
232.09999999999854	19
232.09999999999854	16
232.09999999999854	64
232.09999999999854	39
232.09999999999854	14
232.09999999999854	10
232.1999999999971	53
232.1999999999971	40
232.1999999999971	59
232.1999999999971	9
232.1999999999971	31
232.1999999999971	45
232.1999999999971	51
232.3000000000029	43
232.40000000000146	34
232.40000000000146	8
232.40000000000146	21
237.0	61
237.0	13
237.0	58
237.0	21
237.0	26
237.0	20
237.0	36
237.09999999999854	62
237.09999999999854	46
237.09999999999854	35
237.09999999999854	51
237.09999999999854	64
237.09999999999854	3
237.09999999999854	12
237.09999999999854	44
237.1999999999971	25
237.1999999999971	37
237.1999999999971	7
237.1999999999971	11
237.1999999999971	52
237.1999999999971	32
237.1999999999971	34
237.1999999999971	17
237.1999999999971	1
237.1999999999971	57
237.1999999999971	8
237.1999999999971	60
237.1999999999971	5
237.1999999999971	41
237.1999999999971	24
237.1999999999971	28
237.1999999999971	63
237.1999999999971	54
237.1999999999971	15
237.1999999999971	6
237.1999999999971	59
237.1999999999971	42
237.1999999999971	55
237.3000000000029	19
237.3000000000029	43
237.3000000000029	14
237.3000000000029	27
237.3000000000029	9
237.3000000000029	48
237.3000000000029	47
237.3000000000029	2
237.3000000000029	4
237.3000000000029	38
237.3000000000029	53
237.3000000000029	16
237.3000000000029	22
237.3000000000029	45
237.3000000000029	31
237.3000000000029	33
237.40000000000146	50
237.40000000000146	49
237.40000000000146	39
237.40000000000146	40
237.40000000000146	56
237.40000000000146	30
237.90000000000146	10
237.59999999999854	29
238.0	23
237.59999999999854	18
242.1999999999971	31
242.1999999999971	46
242.3000000000029	63
242.3000000000029	33
242.3000000000029	26
242.3000000000029	62
242.40000000000146	49
242.40000000000146	36
242.40000000000146	13
242.40000000000146	29
242.40000000000146	52
242.40000000000146	55
242.40000000000146	61
242.40000000000146	10
242.40000000000146	15
242.40000000000146	35
242.40000000000146	42
242.40000000000146	44
242.40000000000146	12
242.40000000000146	7
242.40000000000146	2
242.40000000000146	38
242.6999999999971	23
243.0	56
243.0	34
243.3000000000029	58
243.40000000000146	47
242.59999999999854	21
242.59999999999854	27
242.59999999999854	22
242.6999999999971	48
242.6999999999971	59
242.8000000000029	25
242.8000000000029	40
242.90000000000146	60
242.90000000000146	20
242.90000000000146	64
242.59999999999854	45
242.59999999999854	32
242.59999999999854	6
242.59999999999854	30
242.59999999999854	3
242.59999999999854	18
242.59999999999854	4
242.59999999999854	43
242.59999999999854	54
242.59999999999854	17
242.59999999999854	41
242.59999999999854	16
242.59999999999854	5
242.59999999999854	28
242.59999999999854	53
242.59999999999854	11
242.59999999999854	1
242.59999999999854	51
242.59999999999854	9
242.59999999999854	19
242.6999999999971	50
242.6999999999971	14
242.6999999999971	57
242.6999999999971	37
242.6999999999971	8
242.6999999999971	24
242.8000000000029	39
247.6999999999971	46
247.59999999999854	63
247.59999999999854	55
247.59999999999854	26
247.59999999999854	6
247.59999999999854	48
247.6999999999971	61
247.6999999999971	7
247.6999999999971	44
247.6999999999971	12
247.6999999999971	62
247.8000000000029	64
247.8000000000029	59
247.8000000000029	36
247.8000000000029	52
247.8000000000029	9
247.8000000000029	3
247.8000000000029	58
247.8000000000029	47
247.8000000000029	31
247.8000000000029	20
247.8000000000029	27
247.90000000000146	39
247.90000000000146	45
247.90000000000146	23
247.90000000000146	4
247.90000000000146	34
247.90000000000146	22
247.90000000000146	2
247.90000000000146	41
247.90000000000146	11
247.90000000000146	60
247.90000000000146	54
247.90000000000146	28
247.90000000000146	57
247.90000000000146	51
247.90000000000146	29
247.90000000000146	24
247.90000000000146	40
248.0	35
248.0	10
248.0	56
248.0	17
248.0	19
248.0	43
248.0	49
248.0	16
248.0	38
248.0	14
248.0	8
248.09999999999854	13
248.09999999999854	25
248.09999999999854	5
248.09999999999854	1
248.09999999999854	32
248.09999999999854	53
248.09999999999854	21
248.09999999999854	42
248.09999999999854	33
248.09999999999854	37
248.09999999999854	30
248.1999999999971	18
248.3000000000029	15
248.40000000000146	50
252.8000000000029	49
252.90000000000146	63
252.90000000000146	46
253.0	58
253.0	31
253.0	48
253.0	23
253.09999999999854	7
253.09999999999854	50
253.09999999999854	39
253.09999999999854	13
253.09999999999854	38
253.09999999999854	20
253.09999999999854	59
253.09999999999854	29
253.09999999999854	12
253.09999999999854	16
253.09999999999854	1
253.09999999999854	44
253.09999999999854	55
253.09999999999854	27
253.09999999999854	3
253.09999999999854	51
253.09999999999854	35
253.1999999999971	25
253.1999999999971	4
253.1999999999971	2
253.1999999999971	33
253.1999999999971	61
253.1999999999971	36
253.1999999999971	10
253.1999999999971	14
253.1999999999971	42
253.1999999999971	8
253.1999999999971	56
253.1999999999971	5
253.1999999999971	24
253.1999999999971	21
253.1999999999971	11
253.1999999999971	45
253.1999999999971	32
253.1999999999971	54
253.1999999999971	34
253.1999999999971	37
253.1999999999971	6
253.1999999999971	22
253.1999999999971	19
253.1999999999971	43
253.3000000000029	60
253.3000000000029	18
253.3000000000029	17
253.3000000000029	52
253.3000000000029	41
253.3000000000029	28
253.3000000000029	62
253.3000000000029	57
253.3000000000029	9
253.3000000000029	53
253.3000000000029	64
253.3000000000029	26
253.3000000000029	15
253.40000000000146	30
253.40000000000146	40
253.40000000000146	47
258.1999999999971	55
258.1999999999971	58
258.1999999999971	39
258.3000000000029	6
258.3000000000029	52
258.40000000000146	7
258.40000000000146	40
258.40000000000146	23
258.40000000000146	64
258.40000000000146	18
258.40000000000146	3
258.40000000000146	34
258.40000000000146	20
258.40000000000146	56
258.40000000000146	26
258.40000000000146	12
258.40000000000146	42
258.40000000000146	36
258.40000000000146	62
258.40000000000146	46
258.40000000000146	60
258.40000000000146	61
258.40000000000146	31
258.40000000000146	4
259.40000000000146	25
259.09999999999854	22
259.1999999999971	16
258.6999999999971	41
258.6999999999971	10
258.6999999999971	1
258.6999999999971	8
258.6999999999971	2
258.8000000000029	29
258.90000000000146	35
258.59999999999854	28
258.59999999999854	30
258.59999999999854	9
258.59999999999854	44
258.59999999999854	49
258.59999999999854	21
258.59999999999854	27
258.59999999999854	48
258.59999999999854	63
258.59999999999854	17
258.59999999999854	11
258.59999999999854	54
258.6999999999971	19
258.6999999999971	45
258.6999999999971	51
258.6999999999971	43
258.6999999999971	53
258.6999999999971	57
258.6999999999971	5
258.6999999999971	14
258.6999999999971	32
258.6999999999971	13
258.6999999999971	59
258.6999999999971	33
258.6999999999971	24
258.6999999999971	38
258.8000000000029	37
258.8000000000029	15
258.90000000000146	47
259.0	50
264.1999999999971	58
263.59999999999854	55
263.59999999999854	40
263.6999999999971	62
263.6999999999971	25
263.6999999999971	64
263.6999999999971	4
263.6999999999971	22
263.8000000000029	39
263.8000000000029	9
263.8000000000029	31
263.8000000000029	61
263.8000000000029	20
263.8000000000029	16
263.8000000000029	27
263.8000000000029	56
263.8000000000029	60
263.8000000000029	49
263.8000000000029	34
263.8000000000029	52
263.8000000000029	2
263.8000000000029	42
263.8000000000029	12
263.8000000000029	3
263.8000000000029	18
263.8000000000029	35
263.90000000000146	29
263.90000000000146	41
263.90000000000146	46
263.90000000000146	13
263.90000000000146	53
263.90000000000146	11
263.90000000000146	57
263.90000000000146	50
263.90000000000146	44
263.90000000000146	38
263.90000000000146	59
263.90000000000146	45
263.90000000000146	37
263.90000000000146	24
263.90000000000146	6
263.90000000000146	17
263.90000000000146	32
263.90000000000146	36
263.90000000000146	28
263.90000000000146	7
263.90000000000146	5
263.90000000000146	23
264.0	8
264.0	26
264.0	21
264.0	19
264.0	1
264.0	10
264.09999999999854	48
264.09999999999854	63
264.09999999999854	30
264.09999999999854	15
264.09999999999854	47
264.09999999999854	54
264.1999999999971	14
264.1999999999971	43
264.1999999999971	33
264.3000000000029	51
268.90000000000146	49
268.90000000000146	62
268.90000000000146	25
269.0	55
269.0	3
269.0	58
269.09999999999854	20
269.09999999999854	56
269.09999999999854	2
269.09999999999854	23
269.09999999999854	13
269.09999999999854	61
269.09999999999854	39
269.09999999999854	4
269.09999999999854	64
269.09999999999854	40
269.09999999999854	51
269.09999999999854	42
269.09999999999854	36
269.09999999999854	35
269.09999999999854	9
269.09999999999854	31
269.09999999999854	50
269.09999999999854	1
269.09999999999854	52
269.09999999999854	8
269.1999999999971	38
269.1999999999971	26
269.1999999999971	18
269.1999999999971	57
269.1999999999971	27
269.1999999999971	34
269.1999999999971	16
269.1999999999971	22
269.1999999999971	44
269.1999999999971	59
269.1999999999971	12
269.1999999999971	30
269.1999999999971	60
269.1999999999971	53
269.1999999999971	46
269.1999999999971	24
269.1999999999971	37
269.1999999999971	10
269.1999999999971	19
269.1999999999971	17
269.1999999999971	45
269.1999999999971	11
269.1999999999971	15
269.1999999999971	14
269.1999999999971	33
269.1999999999971	41
269.1999999999971	6
269.1999999999971	29
269.1999999999971	28
269.1999999999971	7
269.1999999999971	32
269.1999999999971	21
269.3000000000029	43
269.3000000000029	47
269.3000000000029	5
269.3000000000029	48
269.3000000000029	54
269.3000000000029	63
274.1999999999971	62
274.3000000000029	3
274.40000000000146	39
274.40000000000146	47
274.59999999999854	49
274.59999999999854	45
274.6999999999971	1
274.6999999999971	12
274.6999999999971	40
275.0	35
275.0	59
275.0	16
275.40000000000146	38
274.59999999999854	13
274.59999999999854	44
274.59999999999854	27
274.59999999999854	56
274.59999999999854	32
274.59999999999854	17
274.59999999999854	60
274.59999999999854	26
274.59999999999854	24
274.59999999999854	8
274.59999999999854	6
274.59999999999854	36
274.59999999999854	42
274.59999999999854	64
274.59999999999854	61
274.59999999999854	46
274.6999999999971	22
274.6999999999971	52
274.6999999999971	11
274.6999999999971	23
274.6999999999971	50
274.6999999999971	51
274.6999999999971	20
274.6999999999971	2
274.6999999999971	53
274.6999999999971	57
274.6999999999971	41
274.6999999999971	63
274.6999999999971	33
274.6999999999971	55
274.6999999999971	14
274.8000000000029	30
274.8000000000029	25
274.8000000000029	29
274.8000000000029	9
274.8000000000029	19
274.8000000000029	5
274.8000000000029	37
274.8000000000029	10
274.8000000000029	48
274.90000000000146	18
274.90000000000146	21
274.90000000000146	31
274.90000000000146	54
274.90000000000146	15
274.90000000000146	28
275.0	43
275.0	34
275.0	7
275.09999999999854	58
275.09999999999854	4
279.59999999999854	45
279.59999999999854	61
279.59999999999854	62
279.6999999999971	55
279.6999999999971	27
279.6999999999971	4
279.6999999999971	30
279.8000000000029	15
279.8000000000029	64
279.8000000000029	60
279.8000000000029	2
279.8000000000029	46
279.8000000000029	35
279.8000000000029	53
279.8000000000029	16
279.8000000000029	34
279.8000000000029	13
279.8000000000029	24
279.8000000000029	7
279.90000000000146	23
279.90000000000146	31
279.90000000000146	9
279.90000000000146	41
279.90000000000146	26
279.90000000000146	6
279.90000000000146	32
279.90000000000146	47
279.90000000000146	42
279.90000000000146	63
279.90000000000146	57
279.90000000000146	52
279.90000000000146	54
279.90000000000146	25
279.90000000000146	10
279.90000000000146	1
279.90000000000146	14
279.90000000000146	39
279.90000000000146	22
279.90000000000146	11
279.90000000000146	33
279.90000000000146	37
279.90000000000146	21
280.0	29
280.0	50
280.0	49
280.0	51
280.0	40
280.0	8
280.0	43
280.0	19
280.0	48
280.0	18
280.0	38
280.0	36
280.0	5
280.0	59
280.09999999999854	56
280.09999999999854	3
280.1999999999971	20
280.1999999999971	58
280.1999999999971	44
280.1999999999971	28
280.3000000000029	12
280.3000000000029	17
284.90000000000146	45
284.90000000000146	61
285.0	4
285.0	13
285.0	53
285.0	12
285.09999999999854	34
285.09999999999854	20
285.09999999999854	64
285.09999999999854	29
285.09999999999854	36
285.09999999999854	56
285.09999999999854	49
285.09999999999854	25
285.09999999999854	18
285.09999999999854	7
285.09999999999854	62
285.09999999999854	52
285.09999999999854	23
285.09999999999854	27
285.09999999999854	3
285.09999999999854	30
285.09999999999854	57
285.1999999999971	5
285.1999999999971	21
285.1999999999971	51
285.1999999999971	6
285.1999999999971	60
285.3000000000029	24
285.3000000000029	42
285.3000000000029	55
285.3000000000029	58
285.3000000000029	41
285.3000000000029	28
285.3000000000029	59
285.3000000000029	63
285.3000000000029	11
285.3000000000029	15
285.3000000000029	35
285.3000000000029	44
285.3000000000029	38
285.3000000000029	39
285.3000000000029	31
285.3000000000029	22
285.3000000000029	40
285.3000000000029	46
285.3000000000029	32
285.3000000000029	33
285.3000000000029	47
285.3000000000029	43
285.8000000000029	1
285.8000000000029	9
285.8000000000029	50
285.8000000000029	26
285.8000000000029	16
285.8000000000029	48
285.8000000000029	54
285.8000000000029	10
285.8000000000029	19
285.8000000000029	8
287.1999999999971	2
287.1999999999971	37
287.1999999999971	17
287.1999999999971	14
290.3000000000029	20
290.3000000000029	13
290.3000000000029	53
290.3000000000029	61
290.40000000000146	29
290.40000000000146	4
290.59999999999854	26
290.59999999999854	42
290.59999999999854	36
290.59999999999854	46
290.6999999999971	58
290.6999999999971	52
290.8000000000029	23
290.8000000000029	7
290.8000000000029	31
290.90000000000146	60
290.90000000000146	56
290.90000000000146	57
291.0	9
291.09999999999854	51
291.09999999999854	18
291.09999999999854	1
291.09999999999854	24
291.09999999999854	27
291.1999999999971	39
291.1999999999971	19
291.3000000000029	49
291.3000000000029	44
291.3000000000029	25
291.40000000000146	8
291.40000000000146	32
290.59999999999854	35
290.59999999999854	17
290.59999999999854	16
290.59999999999854	64
290.59999999999854	47
290.59999999999854	22
290.59999999999854	11
290.59999999999854	3
290.59999999999854	41
290.59999999999854	43
290.59999999999854	6
290.59999999999854	54
290.6999999999971	10
290.6999999999971	50
290.6999999999971	37
290.6999999999971	30
290.6999999999971	45
290.6999999999971	2
290.6999999999971	33
290.6999999999971	63
290.6999999999971	48
290.6999999999971	15
290.6999999999971	21
290.6999999999971	5
290.6999999999971	55
290.6999999999971	12
290.8000000000029	28
290.8000000000029	34
290.8000000000029	40
290.8000000000029	38
290.8000000000029	59
290.90000000000146	14
296.1999999999971	61
295.59999999999854	53
295.6999999999971	46
295.6999999999971	20
295.6999999999971	26
295.6999999999971	64
295.6999999999971	13
295.6999999999971	58
295.6999999999971	4
295.90000000000146	37
295.90000000000146	25
295.90000000000146	23
295.90000000000146	17
295.90000000000146	2
295.90000000000146	22
295.90000000000146	31
295.90000000000146	9
295.90000000000146	11
295.90000000000146	50
295.90000000000146	3
295.90000000000146	12
295.90000000000146	29
295.90000000000146	18
295.90000000000146	27
295.90000000000146	42
295.90000000000146	57
295.90000000000146	45
295.90000000000146	56
295.90000000000146	15
295.90000000000146	24
295.90000000000146	33
295.90000000000146	40
295.90000000000146	39
295.90000000000146	34
295.90000000000146	16
295.90000000000146	1
295.90000000000146	43
296.0	44
296.0	36
296.0	14
296.0	8
296.0	32
296.0	38
296.0	49
296.0	60
296.0	35
296.0	47
296.0	63
296.0	48
296.0	54
296.0	30
296.0	21
296.09999999999854	51
296.09999999999854	5
296.09999999999854	28
296.09999999999854	19
296.09999999999854	6
296.09999999999854	10
296.09999999999854	41
296.09999999999854	52
296.1999999999971	55
296.1999999999971	7
296.1999999999971	59
301.0	34
301.0	3
301.0	26
301.09999999999854	13
301.09999999999854	31
301.09999999999854	20
301.09999999999854	44
301.1999999999971	25
301.1999999999971	29
301.1999999999971	7
301.1999999999971	61
301.1999999999971	36
301.1999999999971	50
301.1999999999971	23
301.1999999999971	42
301.1999999999971	38
301.1999999999971	24
301.1999999999971	60
301.1999999999971	41
301.1999999999971	35
301.1999999999971	9
301.1999999999971	27
301.1999999999971	6
301.1999999999971	1
301.1999999999971	56
301.1999999999971	17
301.1999999999971	55
301.1999999999971	43
301.1999999999971	57
301.1999999999971	12
301.6999999999971	59
301.6999999999971	52
301.6999999999971	33
301.6999999999971	15
301.6999999999971	63
301.6999999999971	16
301.6999999999971	53
301.6999999999971	58
302.3000000000029	18
302.3000000000029	45
302.3000000000029	21
302.3000000000029	22
302.3000000000029	49
302.3000000000029	48
302.3000000000029	47
302.40000000000146	30
302.40000000000146	4
302.40000000000146	11
302.40000000000146	46
302.40000000000146	10
302.40000000000146	2
302.40000000000146	5
302.40000000000146	8
302.40000000000146	40
302.40000000000146	28
302.40000000000146	39
302.6999999999971	64
302.8000000000029	37
302.8000000000029	19
303.40000000000146	51
302.59999999999854	14
302.6999999999971	54
306.3000000000029	61
306.3000000000029	13
306.3000000000029	31
306.40000000000146	40
306.40000000000146	58
306.40000000000146	34
306.40000000000146	29
306.40000000000146	27
306.59999999999854	64
306.8000000000029	46
306.6999999999971	23
306.6999999999971	56
306.6999999999971	3
307.0	10
307.09999999999854	26
307.09999999999854	25
307.1999999999971	42
307.3000000000029	63
307.40000000000146	47
307.40000000000146	17
306.59999999999854	35
306.59999999999854	39
306.59999999999854	38
306.59999999999854	44
306.59999999999854	51
306.59999999999854	20
306.59999999999854	37
306.59999999999854	48
306.59999999999854	50
306.59999999999854	2
306.59999999999854	9
306.59999999999854	49
306.59999999999854	54
306.59999999999854	53
306.59999999999854	7
306.59999999999854	28
306.59999999999854	12
306.59999999999854	16
306.59999999999854	52
306.6999999999971	8
306.6999999999971	11
306.6999999999971	24
306.6999999999971	15
306.6999999999971	59
306.6999999999971	4
306.6999999999971	14
306.6999999999971	36
306.6999999999971	1
306.6999999999971	19
306.8000000000029	30
306.8000000000029	33
306.8000000000029	45
306.8000000000029	41
306.8000000000029	22
306.8000000000029	6
306.8000000000029	5
306.8000000000029	60
306.90000000000146	43
307.0	57
307.09999999999854	55
307.09999999999854	21
307.09999999999854	18
311.6999999999971	64
311.6999999999971	3
311.6999999999971	29
311.8000000000029	52
311.8000000000029	51
311.8000000000029	18
311.90000000000146	47
311.90000000000146	17
311.90000000000146	49
311.90000000000146	56
311.90000000000146	35
311.90000000000146	20
311.90000000000146	63
311.90000000000146	57
312.0	54
312.0	24
312.0	44
312.0	46
312.0	6
312.0	27
312.0	38
312.0	42
312.0	7
312.0	55
312.0	58
312.0	31
312.0	53
312.0	16
312.0	22
312.0	21
312.0	12
312.0	11
312.0	28
312.0	13
312.0	1
312.0	45
312.0	8
312.0	26
312.0	43
312.0	23
312.0	25
312.0	30
312.0	9
312.0	2
312.09999999999854	33
312.09999999999854	41
312.09999999999854	10
312.09999999999854	19
312.09999999999854	59
312.09999999999854	60
312.09999999999854	40
312.09999999999854	37
312.09999999999854	5
312.09999999999854	39
312.1999999999971	15
312.1999999999971	61
312.1999999999971	48
312.1999999999971	34
312.1999999999971	4
312.3000000000029	50
317.8000000000029	44
317.8000000000029	58
317.8000000000029	53
317.8000000000029	39
317.8000000000029	24
317.8000000000029	57
317.8000000000029	28
317.8000000000029	54
317.8000000000029	22
317.8000000000029	4
317.8000000000029	3
317.8000000000029	60
317.8000000000029	11
317.8000000000029	45
317.8000000000029	59
317.8000000000029	42
317.8000000000029	64
317.8000000000029	13
317.8000000000029	19
317.8000000000029	48
317.8000000000029	27
317.8000000000029	43
317.8000000000029	35
317.90000000000146	2
317.90000000000146	26
317.90000000000146	30
317.90000000000146	41
317.90000000000146	55
317.90000000000146	52
317.90000000000146	29
317.90000000000146	37
317.90000000000146	56
317.90000000000146	51
317.90000000000146	49
317.90000000000146	25
317.90000000000146	5
317.90000000000146	31
317.90000000000146	1
318.0	16
318.0	63
318.0	15
318.0	50
318.0	61
318.0	12
318.0	40
318.0	7
318.0	34
318.0	17
318.0	20
318.0	8
318.0	38
318.0	47
318.0	10
318.09999999999854	46
318.09999999999854	23
318.1999999999971	21
318.1999999999971	6
318.1999999999971	18
318.3000000000029	9
322.1999999999971	31
322.3000000000029	52
322.40000000000146	39
322.40000000000146	8
323.1999999999971	22
322.6999999999971	25
322.90000000000146	50
323.0	59
322.59999999999854	44
322.59999999999854	49
322.6999999999971	42
322.59999999999854	58
322.59999999999854	26
322.59999999999854	48
322.59999999999854	61
322.59999999999854	54
322.59999999999854	19
322.59999999999854	34
322.59999999999854	40
322.59999999999854	1
322.59999999999854	24
322.59999999999854	45
322.59999999999854	13
322.59999999999854	20
322.59999999999854	12
322.59999999999854	51
322.59999999999854	30
322.59999999999854	56
322.59999999999854	11
322.59999999999854	6
322.59999999999854	7
322.59999999999854	2
322.59999999999854	3
322.59999999999854	41
322.59999999999854	38
322.59999999999854	47
322.6999999999971	46
322.6999999999971	63
322.6999999999971	57
322.6999999999971	29
322.6999999999971	53
322.6999999999971	23
322.6999999999971	35
322.6999999999971	5
322.6999999999971	60
322.6999999999971	17
322.6999999999971	55
322.8000000000029	28
322.8000000000029	4
322.8000000000029	64
322.8000000000029	27
322.8000000000029	18
322.90000000000146	10
322.90000000000146	43
323.0	9
323.0	16
323.0	21
323.09999999999854	37
323.09999999999854	15
327.6999999999971	35
327.6999999999971	23
327.6999999999971	54
327.6999999999971	52
327.8000000000029	56
327.8000000000029	42
327.8000000000029	12
327.90000000000146	46
327.90000000000146	29
327.90000000000146	40
327.90000000000146	45
327.90000000000146	4
327.90000000000146	51
327.90000000000146	20
327.90000000000146	7
327.90000000000146	8
327.90000000000146	24
327.90000000000146	64
327.90000000000146	27
327.90000000000146	44
327.90000000000146	49
328.0	50
328.0	26
328.0	41
328.0	17
328.0	34
328.0	37
328.0	21
328.0	3
328.0	6
328.0	60
328.0	63
328.0	16
328.0	31
328.0	58
328.0	43
328.0	25
328.0	53
328.0	19
328.0	10
328.0	59
328.0	38
328.0	57
328.0	28
328.0	13
328.09999999999854	5
328.09999999999854	22
328.09999999999854	9
328.09999999999854	15
328.09999999999854	48
328.09999999999854	61
328.09999999999854	1
328.09999999999854	11
328.09999999999854	55
328.1999999999971	18
328.1999999999971	2
328.1999999999971	30
328.3000000000029	39
333.0	44
333.0	35
333.0	52
333.0	23
333.0	54
333.0	25
333.0	49
333.0	12
333.0	40
333.09999999999854	13
333.09999999999854	45
333.09999999999854	59
333.09999999999854	18
333.09999999999854	56
333.09999999999854	42
333.09999999999854	64
333.09999999999854	26
333.09999999999854	55
333.1999999999971	4
333.1999999999971	50
333.1999999999971	3
333.1999999999971	46
333.1999999999971	51
333.1999999999971	43
333.1999999999971	7
333.1999999999971	34
333.1999999999971	58
333.1999999999971	10
333.1999999999971	27
333.1999999999971	20
333.1999999999971	31
333.1999999999971	16
333.1999999999971	2
333.1999999999971	22
333.1999999999971	28
333.1999999999971	19
333.1999999999971	8
333.3000000000029	29
333.3000000000029	24
333.3000000000029	60
333.3000000000029	6
333.3000000000029	15
333.3000000000029	11
333.3000000000029	63
333.3000000000029	41
333.3000000000029	5
333.3000000000029	21
333.3000000000029	9
333.3000000000029	39
333.3000000000029	17
333.3000000000029	30
333.3000000000029	61
333.3000000000029	57
333.3000000000029	37
333.3000000000029	1
333.3000000000029	48
333.3000000000029	53
338.3000000000029	23
338.3000000000029	54
338.3000000000029	35
338.3000000000029	4
338.3000000000029	13
338.3000000000029	40
338.40000000000146	18
338.40000000000146	44
338.40000000000146	49
338.40000000000146	25
338.40000000000146	56
338.40000000000146	26
338.40000000000146	39
338.40000000000146	64
338.40000000000146	12
338.40000000000146	31
338.59999999999854	50
338.6999999999971	34
338.8000000000029	1
338.8000000000029	27
338.90000000000146	42
338.90000000000146	15
339.1999999999971	20
339.3000000000029	2
339.3000000000029	58
339.3000000000029	45
339.40000000000146	29
339.40000000000146	52
338.59999999999854	22
338.59999999999854	48
338.59999999999854	59
338.59999999999854	16
338.59999999999854	30
338.59999999999854	24
338.59999999999854	53
338.59999999999854	10
338.59999999999854	21
338.59999999999854	3
338.59999999999854	60
338.59999999999854	46
338.59999999999854	63
338.59999999999854	9
338.59999999999854	43
338.59999999999854	8
338.59999999999854	11
338.59999999999854	37
338.59999999999854	28
338.59999999999854	17
338.59999999999854	7
338.59999999999854	5
338.6999999999971	57
338.6999999999971	61
338.6999999999971	51
338.6999999999971	6
338.6999999999971	41
338.8000000000029	55
338.8000000000029	19
344.09999999999854	45
343.59999999999854	54
343.59999999999854	23
343.6999999999971	29
343.6999999999971	13
343.6999999999971	11
343.6999999999971	40
343.6999999999971	44
343.6999999999971	55
343.6999999999971	56
343.8000000000029	46
343.8000000000029	64
343.8000000000029	25
343.8000000000029	12
343.8000000000029	15
343.8000000000029	4
343.8000000000029	27
343.8000000000029	52
343.8000000000029	6
343.8000000000029	61
343.8000000000029	50
343.90000000000146	2
343.90000000000146	51
343.90000000000146	60
343.90000000000146	3
343.90000000000146	49
343.90000000000146	48
343.90000000000146	58
343.90000000000146	7
343.90000000000146	37
343.90000000000146	24
343.90000000000146	57
343.90000000000146	34
343.90000000000146	39
343.90000000000146	31
343.90000000000146	18
343.90000000000146	8
343.90000000000146	19
343.90000000000146	43
343.90000000000146	41
343.90000000000146	5
343.90000000000146	17
343.90000000000146	53
344.0	21
344.0	35
344.0	22
344.0	63
344.0	42
344.0	20
344.0	59
344.0	9
344.0	10
344.0	1
344.09999999999854	26
344.09999999999854	16
344.09999999999854	30
349.3000000000029	15
349.40000000000146	56
349.40000000000146	26
349.40000000000146	64
349.40000000000146	29
349.40000000000146	18
349.40000000000146	12
349.40000000000146	3
349.40000000000146	10
349.40000000000146	19
349.40000000000146	1
349.40000000000146	45
349.40000000000146	53
349.40000000000146	21
349.40000000000146	54
349.40000000000146	30
349.40000000000146	63
349.40000000000146	52
349.40000000000146	48
349.40000000000146	13
349.40000000000146	34
349.40000000000146	20
349.40000000000146	61
349.40000000000146	2
349.40000000000146	31
349.40000000000146	49
349.40000000000146	24
349.40000000000146	58
349.40000000000146	43
349.40000000000146	59
349.40000000000146	60
349.40000000000146	5
349.40000000000146	11
349.40000000000146	6
349.40000000000146	44
350.0	35
349.8000000000029	7
349.90000000000146	27
350.0	42
350.40000000000146	39
349.59999999999854	4
349.8000000000029	51
349.90000000000146	57
349.90000000000146	41
350.09999999999854	46
350.09999999999854	55
350.09999999999854	17
350.09999999999854	40
350.09999999999854	9
350.1999999999971	50
349.59999999999854	23
349.59999999999854	22
349.59999999999854	16
349.8000000000029	8
349.90000000000146	25
349.90000000000146	37
354.1999999999971	29
354.1999999999971	11
354.3000000000029	20
354.3000000000029	13
354.3000000000029	46
354.40000000000146	15
354.40000000000146	27
354.40000000000146	34
354.40000000000146	12
354.40000000000146	3
354.40000000000146	51
354.40000000000146	19
354.59999999999854	49
354.59999999999854	7
354.6999999999971	50
354.6999999999971	58
354.6999999999971	45
354.6999999999971	44
354.6999999999971	48
354.8000000000029	4
354.8000000000029	5
354.8000000000029	64
354.8000000000029	31
354.90000000000146	1
354.90000000000146	9
355.0	17
355.09999999999854	21
355.09999999999854	60
355.09999999999854	41
355.09999999999854	37
355.09999999999854	57
355.1999999999971	55
355.1999999999971	10
355.3000000000029	8
355.3000000000029	52
354.59999999999854	35
354.59999999999854	54
354.59999999999854	43
354.59999999999854	56
354.59999999999854	22
354.59999999999854	26
354.59999999999854	42
354.59999999999854	23
354.59999999999854	30
354.59999999999854	16
354.59999999999854	2
354.59999999999854	53
354.6999999999971	24
354.6999999999971	25
354.6999999999971	18
354.6999999999971	61
354.6999999999971	39
354.6999999999971	63
354.6999999999971	6
354.8000000000029	59
360.09999999999854	61
359.59999999999854	20
359.59999999999854	13
359.6999999999971	29
359.6999999999971	3
359.6999999999971	25
359.6999999999971	56
359.8000000000029	27
359.8000000000029	35
359.8000000000029	23
359.8000000000029	52
359.8000000000029	55
359.8000000000029	58
359.8000000000029	42
359.8000000000029	51
359.8000000000029	4
359.8000000000029	12
359.8000000000029	45
359.8000000000029	6
359.8000000000029	64
359.8000000000029	18
359.8000000000029	34
359.8000000000029	26
359.8000000000029	41
359.8000000000029	46
359.8000000000029	37
359.8000000000029	57
359.8000000000029	54
359.90000000000146	48
359.90000000000146	63
359.90000000000146	15
359.90000000000146	60
359.90000000000146	11
359.90000000000146	24
359.90000000000146	17
359.90000000000146	7
359.90000000000146	21
360.0	10
360.0	8
360.0	1
360.0	19
360.0	31
360.0	43
360.0	16
360.0	22
360.0	2
360.0	44
360.0	50
360.09999999999854	59
360.09999999999854	53
360.09999999999854	49
360.09999999999854	9
360.09999999999854	39
360.09999999999854	30
360.1999999999971	5
365.0	25
365.0	7
365.0	59
365.09999999999854	50
365.09999999999854	49
365.09999999999854	26
365.09999999999854	12
365.09999999999854	20
365.09999999999854	52
365.09999999999854	64
365.09999999999854	27
365.09999999999854	34
365.09999999999854	56
365.09999999999854	46
365.09999999999854	4
365.09999999999854	13
365.09999999999854	5
365.09999999999854	15
365.09999999999854	48
365.09999999999854	3
365.09999999999854	42
365.09999999999854	55
365.3000000000029	6
365.3000000000029	19
365.3000000000029	10
365.3000000000029	1
365.3000000000029	21
365.3000000000029	17
365.3000000000029	22
365.3000000000029	23
365.3000000000029	44
365.3000000000029	16
365.3000000000029	39
365.3000000000029	31
365.3000000000029	11
365.3000000000029	61
365.3000000000029	53
365.3000000000029	45
365.3000000000029	58
365.3000000000029	63
365.40000000000146	54
365.40000000000146	57
365.40000000000146	51
365.40000000000146	35
365.40000000000146	37
365.40000000000146	24
365.40000000000146	29
365.40000000000146	30
365.40000000000146	43
365.59999999999854	9
365.59999999999854	60
365.59999999999854	41
365.59999999999854	2
370.09999999999854	3
370.1999999999971	64
370.3000000000029	25
370.3000000000029	34
370.40000000000146	35
370.40000000000146	42
370.40000000000146	56
370.40000000000146	51
370.40000000000146	63
370.40000000000146	7
370.40000000000146	20
370.40000000000146	13
370.40000000000146	12
370.40000000000146	27
370.40000000000146	4
370.40000000000146	46
370.40000000000146	61
370.40000000000146	26
370.40000000000146	55
370.6999999999971	37
370.6999999999971	23
370.90000000000146	29
371.09999999999854	52
370.59999999999854	48
370.59999999999854	22
370.59999999999854	17
371.0	30
371.09999999999854	53
371.09999999999854	15
371.09999999999854	2
371.1999999999971	16
371.1999999999971	1
371.3000000000029	10
371.3000000000029	19
371.40000000000146	24
370.59999999999854	11
370.59999999999854	54
370.59999999999854	58
370.59999999999854	5
370.59999999999854	39
370.59999999999854	60
370.59999999999854	45
370.59999999999854	41
370.59999999999854	31
370.6999999999971	43
370.6999999999971	21
370.6999999999971	44
370.6999999999971	50
370.6999999999971	6
370.6999999999971	57
370.8000000000029	49
370.8000000000029	59
375.59999999999854	64
375.59999999999854	26
375.59999999999854	35
375.59999999999854	23
375.59999999999854	25
375.59999999999854	4
375.59999999999854	34
375.6999999999971	3
375.6999999999971	42
375.6999999999971	12
375.6999999999971	51
375.8000000000029	15
375.8000000000029	61
375.8000000000029	48
375.8000000000029	52
375.8000000000029	55
375.8000000000029	56
375.8000000000029	17
375.8000000000029	58
375.8000000000029	29
375.8000000000029	27
375.8000000000029	13
375.8000000000029	46
375.8000000000029	21
375.8000000000029	6
375.8000000000029	60
375.8000000000029	41
375.8000000000029	5
375.8000000000029	54
375.8000000000029	63
375.8000000000029	45
375.8000000000029	30
375.8000000000029	1
375.8000000000029	43
375.8000000000029	11
375.8000000000029	19
375.8000000000029	24
375.8000000000029	57
375.90000000000146	44
375.90000000000146	59
375.90000000000146	50
375.90000000000146	7
375.90000000000146	20
375.90000000000146	53
376.0	10
376.0	37
376.0	16
376.0	39
376.0	31
380.90000000000146	35
380.90000000000146	64
380.90000000000146	26
380.90000000000146	23
380.90000000000146	50
381.0	56
381.0	3
381.0	4
381.0	55
381.0	59
381.0	44
381.0	46
381.0	29
381.0	25
381.09999999999854	42
381.09999999999854	1
381.09999999999854	10
381.09999999999854	34
381.09999999999854	20
381.09999999999854	15
381.09999999999854	51
381.09999999999854	12
381.09999999999854	52
381.09999999999854	48
381.09999999999854	13
381.09999999999854	63
381.09999999999854	17
381.09999999999854	21
381.09999999999854	60
381.09999999999854	16
381.09999999999854	53
381.09999999999854	19
381.09999999999854	24
381.09999999999854	39
381.09999999999854	5
381.09999999999854	41
381.1999999999971	31
381.1999999999971	11
381.1999999999971	43
381.1999999999971	54
381.1999999999971	30
381.1999999999971	45
381.1999999999971	6
381.1999999999971	61
381.1999999999971	7
381.1999999999971	57
381.3000000000029	27
386.1999999999971	64
386.3000000000029	4
386.3000000000029	35
386.3000000000029	60
386.3000000000029	56
386.3000000000029	26
386.40000000000146	61
386.40000000000146	20
386.40000000000146	3
386.40000000000146	44
386.59999999999854	50
386.59999999999854	46
386.6999999999971	39
386.8000000000029	11
386.8000000000029	7
386.8000000000029	63
386.8000000000029	48
386.90000000000146	27
386.90000000000146	29
386.90000000000146	52
387.0	19
387.0	6
387.0	13
387.0	51
387.0	42
387.0	17
387.09999999999854	30
387.09999999999854	12
387.09999999999854	45
387.1999999999971	25
387.1999999999971	54
387.1999999999971	57
387.1999999999971	24
386.59999999999854	10
386.59999999999854	15
386.90000000000146	31
386.90000000000146	23
387.0	43
387.0	16
387.09999999999854	34
387.09999999999854	59
387.1999999999971	21
387.1999999999971	1
387.1999999999971	41
387.1999999999971	53
391.59999999999854	56
391.59999999999854	4
391.59999999999854	34
391.59999999999854	20
391.6999999999971	48
391.6999999999971	63
391.6999999999971	64
391.6999999999971	23
391.6999999999971	7
391.6999999999971	44
391.6999999999971	12
391.6999999999971	11
391.6999999999971	35
391.6999999999971	27
391.6999999999971	52
391.6999999999971	46
391.6999999999971	25
391.6999999999971	59
391.6999999999971	42
391.6999999999971	61
391.6999999999971	29
391.6999999999971	3
391.8000000000029	51
391.8000000000029	15
391.8000000000029	13
391.8000000000029	26
391.8000000000029	50
391.8000000000029	17
391.8000000000029	54
391.8000000000029	21
391.8000000000029	6
391.8000000000029	53
391.8000000000029	24
391.8000000000029	45
391.8000000000029	30
391.8000000000029	57
391.8000000000029	41
391.90000000000146	31
391.90000000000146	39
391.90000000000146	16
391.90000000000146	1
391.90000000000146	10
391.90000000000146	19
392.0	43
396.90000000000146	63
396.90000000000146	44
396.90000000000146	29
397.0	51
397.0	64
397.0	48
397.0	21
397.0	34
397.0	56
397.09999999999854	12
397.09999999999854	59
397.09999999999854	35
397.09999999999854	27
397.09999999999854	13
397.09999999999854	4
397.09999999999854	23
397.09999999999854	61
397.09999999999854	42
397.09999999999854	6
397.09999999999854	52
397.09999999999854	3
397.09999999999854	20
397.09999999999854	30
397.09999999999854	45
397.1999999999971	15
397.1999999999971	17
397.1999999999971	46
397.1999999999971	19
397.1999999999971	10
397.3000000000029	16
397.3000000000029	39
397.3000000000029	31
397.3000000000029	54
397.3000000000029	24
397.3000000000029	53
397.3000000000029	11
397.3000000000029	57
397.3000000000029	1
397.3000000000029	43
397.3000000000029	41
397.40000000000146	50
397.40000000000146	7
397.40000000000146	25
397.90000000000146	26
402.1999999999971	51
402.1999999999971	29
402.3000000000029	23
402.3000000000029	56
402.3000000000029	31
402.40000000000146	64
402.40000000000146	25
402.40000000000146	42
402.40000000000146	35
402.6999999999971	39
402.6999999999971	13
402.6999999999971	3
402.6999999999971	16
402.6999999999971	27
402.8000000000029	7
402.8000000000029	26
402.8000000000029	61
402.8000000000029	20
402.90000000000146	45
402.90000000000146	46
402.90000000000146	6
402.90000000000146	12
402.90000000000146	54
402.90000000000146	11
403.1999999999971	1
403.1999999999971	19
403.3000000000029	48
402.59999999999854	4
402.59999999999854	24
402.59999999999854	57
402.59999999999854	50
402.59999999999854	34
402.59999999999854	41
402.59999999999854	17
402.59999999999854	10
402.59999999999854	43
402.6999999999971	63
402.6999999999971	15
402.6999999999971	59
402.6999999999971	21
402.6999999999971	53
402.8000000000029	52
407.59999999999854	21
407.6999999999971	23
407.6999999999971	56
407.6999999999971	25
407.6999999999971	64
407.6999999999971	4
407.6999999999971	13
407.6999999999971	61
407.8000000000029	7
407.8000000000029	42
407.8000000000029	52
407.8000000000029	46
407.8000000000029	53
407.8000000000029	6
407.8000000000029	59
407.8000000000029	50
407.8000000000029	27
407.8000000000029	26
407.8000000000029	3
407.8000000000029	54
407.8000000000029	20
407.8000000000029	12
407.8000000000029	35
407.8000000000029	11
407.8000000000029	41
407.8000000000029	17
407.8000000000029	57
407.90000000000146	24
407.90000000000146	29
407.90000000000146	15
407.90000000000146	48
407.90000000000146	63
407.90000000000146	45
408.0	31
408.0	39
408.0	16
408.0	1
408.0	19
408.0	43
408.0	51
408.0	10
412.90000000000146	25
412.90000000000146	26
413.0	29
413.0	23
413.09999999999854	21
413.09999999999854	4
413.09999999999854	50
413.09999999999854	13
413.09999999999854	64
413.09999999999854	3
413.09999999999854	27
413.09999999999854	51
413.09999999999854	42
413.09999999999854	17
413.09999999999854	46
413.1999999999971	6
413.1999999999971	41
413.1999999999971	35
413.1999999999971	39
413.1999999999971	31
413.1999999999971	57
413.3000000000029	11
413.3000000000029	16
413.3000000000029	54
413.3000000000029	12
413.3000000000029	1
413.3000000000029	19
413.3000000000029	10
413.3000000000029	48
413.3000000000029	45
413.3000000000029	7
413.3000000000029	61
413.3000000000029	20
413.3000000000029	52
413.3000000000029	56
413.40000000000146	43
413.40000000000146	15
413.40000000000146	63
413.40000000000146	24
418.1999999999971	3
418.1999999999971	26
418.3000000000029	10
418.3000000000029	25
418.3000000000029	50
418.40000000000146	56
418.40000000000146	46
418.40000000000146	20
418.59999999999854	29
418.59999999999854	16
418.59999999999854	19
418.59999999999854	7
418.6999999999971	21
418.8000000000029	61
418.8000000000029	31
418.90000000000146	35
418.90000000000146	27
419.0	4
419.0	48
419.0	15
419.0	24
419.0	43
419.0	64
419.09999999999854	13
419.09999999999854	54
419.1999999999971	12
419.1999999999971	41
419.3000000000029	6
418.59999999999854	11
418.59999999999854	57
418.59999999999854	39
418.59999999999854	42
418.59999999999854	51
418.59999999999854	17
418.59999999999854	63
418.6999999999971	1
418.6999999999971	23
418.8000000000029	45
423.59999999999854	26
423.6999999999971	25
423.6999999999971	64
423.6999999999971	7
423.6999999999971	4
423.6999999999971	46
423.6999999999971	20
423.90000000000146	54
423.90000000000146	50
423.90000000000146	27
423.90000000000146	13
423.90000000000146	17
423.90000000000146	23
423.90000000000146	39
423.90000000000146	16
423.90000000000146	48
423.90000000000146	31
423.90000000000146	42
423.90000000000146	61
423.90000000000146	21
423.90000000000146	45
423.90000000000146	56
423.90000000000146	57
423.90000000000146	29
423.90000000000146	3
423.90000000000146	35
423.90000000000146	12
423.90000000000146	10
423.90000000000146	1
423.90000000000146	19
423.90000000000146	11
423.90000000000146	24
424.09999999999854	51
424.09999999999854	43
428.90000000000146	35
428.90000000000146	26
429.09999999999854	25
429.09999999999854	12
429.09999999999854	64
429.09999999999854	3
429.09999999999854	42
429.09999999999854	56
429.09999999999854	29
429.09999999999854	4
429.09999999999854	7
429.09999999999854	50
429.09999999999854	27
429.1999999999971	43
429.1999999999971	1
429.1999999999971	51
429.1999999999971	54
429.1999999999971	39
429.1999999999971	16
429.1999999999971	31
429.3000000000029	13
429.3000000000029	11
429.3000000000029	57
429.3000000000029	24
429.3000000000029	48
429.3000000000029	45
429.3000000000029	10
429.3000000000029	19
429.3000000000029	46
429.3000000000029	17
429.3000000000029	23
429.40000000000146	61
434.40000000000146	56
434.40000000000146	10
434.40000000000146	7
434.40000000000146	26
434.40000000000146	12
434.40000000000146	25
434.40000000000146	64
434.40000000000146	43
434.40000000000146	35
434.59999999999854	42
434.59999999999854	13
434.59999999999854	46
434.59999999999854	54
434.59999999999854	39
434.59999999999854	4
434.59999999999854	1
434.59999999999854	11
434.59999999999854	24
434.59999999999854	31
434.59999999999854	3
434.59999999999854	23
434.59999999999854	16
434.59999999999854	57
434.59999999999854	17
434.59999999999854	50
434.59999999999854	19
434.6999999999971	48
434.6999999999971	51
434.6999999999971	45
439.59999999999854	35
439.59999999999854	7
439.6999999999971	56
439.6999999999971	26
439.8000000000029	64
439.8000000000029	4
439.8000000000029	46
439.8000000000029	25
439.8000000000029	42
439.8000000000029	23
439.8000000000029	3
439.90000000000146	51
439.90000000000146	16
439.90000000000146	39
439.90000000000146	31
439.90000000000146	54
439.90000000000146	17
439.90000000000146	11
439.90000000000146	24
439.90000000000146	45
439.90000000000146	57
439.90000000000146	48
440.09999999999854	50
440.1999999999971	10
440.1999999999971	1
440.1999999999971	19
440.1999999999971	43
445.0	7
445.09999999999854	56
445.09999999999854	26
445.09999999999854	64
445.09999999999854	35
445.09999999999854	3
445.09999999999854	46
445.09999999999854	51
445.09999999999854	4
445.1999999999971	31
445.1999999999971	42
445.1999999999971	24
445.1999999999971	16
445.3000000000029	39
445.3000000000029	48
445.3000000000029	17
445.3000000000029	25
445.3000000000029	54
445.3000000000029	50
445.3000000000029	11
445.3000000000029	45
445.3000000000029	1
445.3000000000029	43
445.3000000000029	19
445.3000000000029	23
445.40000000000146	57
445.40000000000146	10
450.3000000000029	31
450.40000000000146	43
450.40000000000146	3
450.8000000000029	7
450.90000000000146	56
450.90000000000146	4
450.90000000000146	25
451.09999999999854	26
451.3000000000029	23
451.40000000000146	35
451.40000000000146	48
450.59999999999854	39
450.59999999999854	46
450.59999999999854	24
450.59999999999854	51
450.59999999999854	54
450.59999999999854	16
450.6999999999971	11
450.6999999999971	17
450.6999999999971	10
450.6999999999971	42
450.6999999999971	19
450.6999999999971	57
450.6999999999971	1
450.6999999999971	50
450.6999999999971	45
455.6999999999971	54
455.6999999999971	39
455.8000000000029	25
455.8000000000029	31
455.8000000000029	56
455.8000000000029	7
455.8000000000029	4
455.8000000000029	43
455.8000000000029	26
455.8000000000029	46
455.8000000000029	3
455.8000000000029	16
455.90000000000146	50
455.90000000000146	51
455.90000000000146	23
455.90000000000146	35
455.90000000000146	17
455.90000000000146	19
455.90000000000146	10
455.90000000000146	1
455.90000000000146	24
455.90000000000146	11
456.0	57
456.0	45
461.0	54
461.0	3
461.1999999999971	46
461.1999999999971	56
461.1999999999971	4
461.1999999999971	25
461.1999999999971	35
461.1999999999971	51
461.1999999999971	50
461.3000000000029	24
461.3000000000029	7
461.3000000000029	45
461.3000000000029	17
461.3000000000029	57
461.3000000000029	11
461.40000000000146	43
461.40000000000146	1
461.40000000000146	31
461.40000000000146	16
461.40000000000146	39
461.40000000000146	10
466.3000000000029	43
466.3000000000029	3
466.8000000000029	31
467.09999999999854	46
467.1999999999971	25
467.1999999999971	16
467.1999999999971	51
467.3000000000029	39
467.3000000000029	10
467.3000000000029	4
466.59999999999854	35
466.59999999999854	56
466.59999999999854	17
466.59999999999854	1
466.59999999999854	24
466.59999999999854	7
466.59999999999854	45
466.59999999999854	54
466.59999999999854	11
466.59999999999854	50
466.59999999999854	57
471.8000000000029	54
471.8000000000029	46
471.8000000000029	4
471.90000000000146	7
471.90000000000146	17
471.90000000000146	3
471.90000000000146	51
471.90000000000146	35
471.90000000000146	25
471.90000000000146	45
471.90000000000146	11
471.90000000000146	1
471.90000000000146	10
471.90000000000146	24
472.0	50
472.0	57
472.0	43
472.0	31
472.0	39
472.09999999999854	16
477.0	46
477.1999999999971	50
477.1999999999971	3
477.1999999999971	7
477.1999999999971	35
477.3000000000029	45
477.3000000000029	11
477.3000000000029	25
477.3000000000029	10
477.3000000000029	43
477.3000000000029	1
477.3000000000029	51
477.40000000000146	16
477.40000000000146	39
477.40000000000146	31
482.3000000000029	10
482.59999999999854	51
482.90000000000146	11
483.09999999999854	3
483.09999999999854	31
483.1999999999971	50
483.3000000000029	45
482.59999999999854	25
487.90000000000146	25
